# 1 157 (number of hyperplane, dimensionality of hyperplane)
# 0 (added bias feature? 0:no 1:yes)
0.0236201
0.00532575
-0.0496373
0.0131425
0.275136
0.151656
-0.0105422
-0.181703
-0.0134207
0.0392488
0.368875
0.0429222
-0.375985
0.142714
0
-0.0472642
-0.131257
0.22643
-0.186119
0.0731365
0.0143406
-0.0295162
0.0826847
-0.199687
0.102921
-0.0138625
0.00790956
-0.0258856
-0.0495972
0.383495
0.000575984
0.000297921
0.0234453
-0.0128925
0.0886227
0.0215708
0.00126629
0.0361755
0.0360317
-0.00486435
-0.0098681
0.00229922
0.00113057
-0.0149397
0.254422
-0.0117479
-0.00824917
-0.0116512
0.0262395
-0.0427953
-0.032701
-0.03619
0.0131434
0.0043845
-0.105324
-0.00528558
0.0115701
-0.006406
0.016447
-0.0930098
0.0125566
0.0374532
-0.0267071
0.0219076
0.0305503
-0.0186929
-0.0152711
-0.155358
-0.00882218
0.000571638
0.00799238
0.0149176
-0.0111167
0.0120071
-0.00879936
0.0431298
0.0330065
0.0277058
0.126673
-0.0159116
-0.0641275
-0.0355314
-0.0607726
0.19182
0.386636
-0.208393
-0.248854
-0.00662144
0
0.176522
0.067636
0
0
0
0.0550537
0.0199993
0.00168018
0.000383527
0
0.227872
0.0860435
0.0619988
0
0
-0.0459406
-0.0416022
-0.00764562
-0.0619669
0.206144
-0.0308552
-0.0227182
-0.00426301
-0.0549707
0.100601
-0.0110597
0.00017416
-0.0494346
-0.0403068
0.17727
-0.056419
-0.0181091
-0.0507673
0.00626243
0.198554
-0.0936754
0.00489553
-0.039247
-0.00440024
0.0441504
0.0187338
-0.0810661
-0.0173977
-0.0785561
0.134758
-0.031244
-0.0536029
-0.0334406
-0.0362356
0.0750449
-0.00570326
0.0299107
-0.0498017
0.0442462
-0.0192189
0.0140408
0.00597329
0.0302715
-0.0275676
0.001198
-0.051299
-0.00128082
-0.000749024
0.00918886
-0.00494885
-0.0225411
-0.0199878
-0.00360366
