# 1 157 (number of hyperplane, dimensionality of hyperplane)
# 0 (added bias feature? 0:no 1:yes)
-5.7752e-05
8.30441e-05
-1.0603e-06
4.37761e-05
0.000301318
8.58012e-05
0.000475748
0.00143016
0.000568034
0.000334438
0.000328498
0.000216557
0.000507287
0
0
0.00116419
0.000261099
0.000353478
0
0
0.000588732
-0.000557708
-0.000545166
-0.000566675
-0.000169015
-1.0585e-05
6.7e-05
2.57294e-05
4.21053e-05
-0.00102543
-1.91573e-07
-2.35469e-05
-4.99491e-05
3.24779e-06
1.12063e-05
-7.3305e-05
2.3387e-05
4.70277e-05
6.73313e-05
-0.000106186
0.00117604
4.987e-05
-5.96811e-05
2.14572e-05
3.37583e-06
0.000506682
-2.59746e-05
6.89195e-05
0.000144118
-3.71221e-05
-4.28185e-06
-2.27035e-05
3.86302e-05
0.000105616
-0.000104598
1.31352e-05
-2.26214e-05
-3.33319e-06
-2.83067e-05
5.26093e-05
2.7667e-05
-9.1584e-05
5.11898e-05
-2.91844e-05
2.97961e-06
2.56468e-05
2.36156e-06
0.000258103
3.74838e-05
3.28961e-05
4.81398e-05
-4.61827e-06
1.69334e-06
-2.43933e-06
4.34763e-06
-3.71711e-06
6.2176e-05
-1.02916e-05
0.000249261
-6.75315e-05
4.82782e-05
-1.50951e-05
9.6976e-06
2.69773e-05
0.000200415
0.000583897
0.00109585
0.000679439
0.000184567
0.000285567
0.00019496
0.000456698
0
0
0.00117401
0.00019345
0.000261895
0
0
0.000510758
-0.000449705
-0.000797582
-0.000951475
-0.000275424
-5.54983e-05
-2.10388e-05
-1.89968e-06
-2.3433e-07
-0.000706066
-7.25038e-05
-4.50777e-05
-3.43195e-05
-1.33336e-05
0.00011663
-7.79139e-06
-2.47477e-05
-0.000101441
-6.56233e-05
7.0111e-05
0.00110583
-8.44538e-05
-0.000157664
5.50286e-05
-2.2678e-05
0.000640114
-0.000180101
-8.15086e-05
0.000140548
5.10519e-06
6.45975e-05
-2.93564e-05
-2.59619e-05
-0.000124979
-0.00014382
-2.28127e-05
3.35898e-05
-5.40217e-05
-4.16966e-05
-1.22729e-05
-3.14553e-05
0.00018738
-3.88075e-06
-5.98224e-05
1.26646e-05
-4.58343e-05
-0.000158191
-3.4112e-05
1.75879e-05
2.47305e-05
-5.01257e-05
-5.95276e-05
-7.20743e-05
3.55264e-05
-3.30743e-05
-0.000130406
-8.04387e-05
-3.26151e-05
