# 1 157 (number of hyperplane, dimensionality of hyperplane)
# 0 (added bias feature? 0:no 1:yes)
0.00244062
-0.000384779
-0.000232317
-0.000424926
0.000281539
0.00447834
-0.00372424
0.00314433
0.00621666
0.000313899
0.000101511
0.00297295
0.00188825
0.00135266
0
8.7005e-05
0.00200131
0.00227632
0.00113472
2.78483e-05
0.00222718
-0.00576275
0.000669634
-0.00177643
4.64134e-05
-0.000906996
0.000534672
0.00175965
0.00091904
0.00665113
0.00133394
-0.00247817
0.00286838
-0.00102476
-0.00298067
-0.00381138
0.00386633
-0.00332195
0.00133941
0.000770255
-0.00120167
0.00384326
-0.00124061
-0.000204991
-0.00246975
-0.000747681
0.00157884
-0.000758816
-0.000625419
-0.00163313
0.00234288
-0.00141934
0.000747527
0.00190163
-0.00576451
-0.00264928
0.00153433
0.00162389
-0.00087637
-0.00186923
-0.000500895
0.00890638
-0.00361535
0.00406338
-0.00106842
0.000589577
-0.00313435
0.0138368
0.00638305
0.00456193
-0.000670379
-0.00110647
0.00103923
0.00255158
-0.000775889
0.00637032
0.014821
0.0105754
0.00363654
0.000412353
-0.00196509
0.00291103
-0.000903131
-0.00421944
0.000178674
0.0028191
0.00404319
0.00353224
7.74555e-06
0.00176535
0.00286692
0.0024709
0.000245119
0
0.00146597
0.00208521
0.00245012
0.000559186
5.56967e-06
0.0019458
0.00289128
-0.0052958
0.00249414
0
0.00592344
-0.0012369
0.00401082
0.00244497
-0.00332794
0.00390945
-0.00259679
0.00433054
-0.00352805
-0.00160301
0.00234637
-0.000188251
-0.00193432
-0.000306805
-0.00324134
0.00343097
-0.00166773
-0.00280969
0.00373976
-0.0038551
-0.000589933
-0.00264992
0.000108034
0.000786468
-0.000538289
0.00102218
0.00272732
-0.00316642
0.00424721
-0.00757638
0.000757827
0.00158518
-0.00279154
0.00168276
-0.00324574
0.00164685
-0.00244475
0.00384455
-0.00300331
0.00120314
0.00046095
-0.00067469
0.00217329
-0.00179037
0.00123372
0.000233728
-0.000923859
-0.0027414
0.000839636
0.00222462
-0.00271276
-0.0021666
-0.000765536
