# 1 157 (number of hyperplane, dimensionality of hyperplane)
# 0 (added bias feature? 0:no 1:yes)
0.000524708
0.00136629
0.000553197
-0.00285209
0.00506205
0.00709498
-0.00684649
0.00410503
0.00871871
0.00680909
-0.000318761
0.0046819
0.00372741
0.00354991
0
-0.00434816
0.00312872
0.00442434
0.00229894
0.000198058
0.00239937
-0.00583102
0.000211407
0.00414048
0.00245358
-0.000907518
-0.00253049
0.00176911
0.00354733
0.015733
0.00398187
-0.00430774
0.00312372
-0.00167374
-0.00406185
-0.00349363
0.00521038
-0.00506503
0.00201796
-5.80377e-05
-0.00230447
0.00462998
-0.00286393
0.000289027
-0.00310141
-0.000442924
0.00115992
-0.00162437
-0.000352954
-0.00217977
0.00347324
-0.00120656
0.00045853
0.00236887
-0.00756688
-0.00197125
0.00156425
0.00145347
-1.97894e-05
-0.00441089
-0.000982706
0.0127355
-0.00762704
0.00517311
-0.00129327
0.000322628
-0.00398368
0.0252751
0.00917096
0.00413597
-0.00112583
-0.00109984
0.000919281
0.00369496
-0.000785866
0.00358147
0.0181899
0.00782418
0.00573316
-0.000357728
-0.00250316
0.00444852
-0.00388032
-0.00942576
0.00641976
0.00336569
0.00497126
0.00511003
0
0.00362231
0.00583991
0.00436567
0.000528191
0
0.00315141
0.00157718
0.00272984
0.00165976
3.96116e-05
0.00155342
0.00812418
-0.0127193
0.0168663
0
0.00718499
-0.00455156
0.00571906
0.0107478
-0.00708684
0.00611695
-0.00740102
0.00449236
-0.00434125
-0.00132456
0.004422
-0.00217153
-0.00174754
-0.00229888
-0.0017687
0.00154985
-0.00169938
-0.00465362
0.00526403
-0.00799295
-0.00113692
-0.0023122
-0.000516525
-0.000184534
-0.00251219
0.00119659
0.00440996
-0.00461517
0.00438692
-0.0115247
0.000378814
0.000503893
-0.00353092
0.000735485
-0.00567206
0.00233436
-0.0063101
0.00652215
-0.00370868
0.000606724
0.00179477
0.000633549
0.00248629
-0.00227402
0.0015371
0.000212804
0.00021415
-0.00303252
0.000384952
0.000856985
-0.00320146
-0.00429797
-0.00100618
