# 1 157 (number of hyperplane, dimensionality of hyperplane)
# 0 (added bias feature? 0:no 1:yes)
0.000738827
-0.000285819
0.000783825
0.00245461
0.000689615
-0.00106984
-1.51937e-05
-0.000465684
0.000554544
0.000174962
-0.000183854
0.000147377
0.000172873
6.16127e-05
0
-0.00140194
-0.000376242
-0.00032631
-7.59535e-05
2.71768e-05
-0.00127281
-0.000804736
-0.00110301
-0.000708599
-0.000223418
4.29778e-06
0.00102897
0.000485773
0.00108564
-0.000510232
-0.000147513
0.000227489
0.000204248
0.00184371
0.000359424
8.49947e-05
0.0026319
-0.00134962
0.00148444
0.00196638
0.000146793
0.000179667
0.000986383
0.000958447
0.000550653
0.0010361
-0.000542448
-0.00156264
0.00136729
0.000236468
-0.000469205
-0.000432017
-0.000817799
0.00172535
0.00094298
0.00107237
-0.000906962
0.000940288
0.00303705
0.00135078
6.2913e-05
0.00158182
-3.13193e-05
0.00152016
0.000661893
-0.000622256
0.00167162
0.00411688
0.00229752
0.00287815
0.00316041
-0.000221864
0.000346637
0.000731713
0.00113436
-0.00193685
-0.000645289
-0.000105229
0.00288888
0.000116518
0.000394277
0.00138101
0.00231596
0.0013205
5.08876e-07
4.99928e-05
-8.59193e-05
6.61165e-05
0
2.43919e-05
4.18084e-05
1.45213e-05
0
0
-0.000253252
-0.000185486
-0.000141129
-0.000114743
-9.09577e-05
0.000166427
-0.000403505
-0.00036019
-0.000561544
-0.000760404
0.000321636
0.000488207
0.00056502
-0.000649278
-0.00182422
-0.000592196
0.000852278
0.000277223
-0.000230849
-0.000894822
-0.000475325
-0.000474087
-0.000792494
-0.000963938
0.00103691
0.00240896
-0.000332125
-0.000426472
0.000705545
-0.000427052
0.00195097
-0.000686657
-0.00135211
0.000835999
-0.000951615
-0.000232589
-0.000690585
0.000548209
0.000991967
-0.000148655
0.00047051
-0.000119441
0.000305022
0.00239292
0.000434357
0.000630618
1.93606e-05
0.000136779
0.000164802
-0.000108887
0.000768242
0.000969646
-0.000848763
0.00101616
-0.000103094
0.000187149
-0.000592287
-0.000167223
0.00058876
0.000408342
0.000607363
-0.00251053
0.00169446
