# 1 157 (number of hyperplane, dimensionality of hyperplane)
# 0 (added bias feature? 0:no 1:yes)
0.000668187
-0.00960038
0.0116665
0.00784719
0.00122013
0.0223362
0.0139612
-0.0190768
0.00905634
0
-0.0102108
0.00740657
0.000238829
0.00418639
0
0.000190365
-0.00418872
0.000163317
0.00534382
0
0.0144498
-0.0106743
-0.0130623
0.00399115
0.00307986
-0.000175177
0.00945411
-0.00289913
0.00196925
0.00638541
-0.0097329
0.0119843
-0.00214811
6.32391e-05
0.0089495
-0.00601767
-0.00215277
0.000162479
0.000673779
0.00675757
0.00301725
0.00123074
-0.00546127
-0.000265564
0.00630978
-0.00873196
-0.00664165
-2.45595e-05
0.00225911
-0.0110644
-0.00419543
0.0136441
0.00370898
-0.00379269
0.00422462
0.00506991
-0.00158506
0.00794594
-0.00326843
0.0087924
0.00247347
0.00363224
-0.000896387
-0.000175739
0.000937717
0.00159543
-0.000412469
0.0169164
0.0183483
0.00992547
0.00627265
0.00427158
-0.0150512
-0.00135209
-0.00161339
0.00613151
0.00149648
0.0364365
0.0143372
-0.0117655
0.00675262
0.000154684
0.00768561
0
-0.0196917
-0.0105928
-0.00268193
0.0184519
0
0.00913092
0.00183717
-0.0025655
-0.0165786
0
0.0130415
-0.0139958
0.00832926
0.00181266
0
0.0156889
-0.0139012
-0.0014349
0.00410115
0.00169881
-0.00854664
0.00434056
0.0108228
0.0133548
0.00150461
0.00920326
0.0211413
-0.0156847
-0.00323752
0.0061892
0.00576316
-0.0081909
-0.00247569
0.00251883
0.00265791
-0.0155506
0.0119991
-0.0190701
0.00532376
0.00031526
-0.00302193
-0.0109442
-0.00630056
0.00908296
-0.011517
-0.018793
0.00266437
-0.00988056
0.0153989
0.00401418
-0.00635982
-0.0190425
-0.00107548
0.0047584
0.00328613
0.00365894
-0.00887473
0.00406722
0.00267482
0.00686276
-0.00332832
-0.00218709
-0.0055867
0.0146892
0.00236678
0.00358694
0.00122019
-0.00855436
0.000213633
-0.00785987
0.00373987
-0.00872069
0.000673175
