# 1 157 (number of hyperplane, dimensionality of hyperplane)
# 0 (added bias feature? 0:no 1:yes)
0.000530413
0.000332628
0.000160706
0.000262679
9.88086e-05
-1.04072e-05
-5.92123e-05
-6.02921e-05
-6.64788e-06
0
2.46855e-06
2.01977e-06
4.73133e-06
0
0
0
0
0
0
0
-1.69645e-05
-3.1461e-05
4.59902e-06
4.52976e-06
6.99673e-07
0.000551435
0.000477702
0.000120497
-2.63206e-05
3.8535e-05
0.000892815
0.000856566
0.000766206
0.000569653
0.000306188
0.000781399
0.0010229
0.000693851
0.000776959
0.000188106
0.000296817
0.000979721
0.000563817
0.00108397
0.000419294
8.46332e-05
0.000789396
0.000863635
0.00124126
0.000675911
0.000698793
0.000589474
0.000564814
0.00103446
0.000549344
0.000839365
0.000704213
0.000604032
0.000891526
0.000415579
0.000566676
0.000976773
0.00131713
0.0016999
0.000165794
0.00041646
0.000690754
0.000228247
0.000854095
0.000735408
0.00079954
0.000557971
0.000409481
0.000266319
0.00034356
0.000514765
0.000674295
0.00069791
0.00194635
0.00014301
2.70173e-05
5.73773e-05
-3.69577e-06
2.75808e-05
3.94912e-05
3.51616e-05
7.1281e-06
3.3212e-07
0
0
0
0
0
0
0
0
0
0
0
2.30452e-05
2.8985e-05
0
0
0
0.000125982
0.00012658
2.39353e-05
7.05145e-05
6.61231e-06
0.000318705
0.000214281
3.52704e-05
0.000202673
4.9518e-05
0.000159802
0.000169166
0.000238699
0.000261385
9.74109e-05
0.000138234
0.000164438
0.000198592
1.96915e-05
8.28141e-05
0.000128354
0.00016938
0.000108552
1.68592e-05
5.67984e-05
0.000168049
0.000109041
0.000208466
4.82025e-05
5.46049e-05
0.000341917
0.000209014
0.000214759
0.000122753
8.54507e-05
0.000210055
0.000317031
0.000408071
0.000467389
0.000114175
9.96064e-05
0.00017567
0.000777632
0.000401016
0.000340012
0.000309136
0.000244324
0.000123694
0.000109649
0.000162569
0.000955666
0.000535299
0.00108732
