# 1 157 (number of hyperplane, dimensionality of hyperplane)
# 0 (added bias feature? 0:no 1:yes)
-0.00241006
0.000682765
0.0244535
-0.00930662
0.0466318
0.000165861
0.00228657
-0.030941
-0.000250462
0
-0.000982703
-0.000827911
-0.00701114
-0.00924266
0
-0.00845211
-0.00228111
0.0263075
0.0155446
0
-0.012109
0.0118209
-0.0103125
0.0175763
0
-0.00611294
-0.00698485
0.0527386
-0.0140486
0.0242931
0.009909
0.00359153
0.00197362
0.0261716
0.0405779
0.00660382
-0.000324155
0.00512742
0.00196586
0.0418031
0.0150167
-0.0204569
-0.008728
0.00572741
0.0189715
0.00322756
-0.0135007
0.045263
-0.014879
0.0260346
0.00557693
-0.00245795
-0.00278691
0.00049213
0.0278959
0.00193777
-0.00105375
0.00123036
0.00532757
0.0302647
0.00857689
0.00426726
-0.000505899
-0.00371313
0.0130424
-0.00463901
0.00362294
-0.0171025
0.0125242
0.000784096
0.0246288
0.00854242
-0.00707981
0.00503736
-0.00362812
0.00124239
-0.00254579
-0.00661487
0.0127198
-0.00192428
-0.0101177
-0.0185164
-0.00408716
0.000961736
-0.0173491
6.69143e-05
-0.0104835
-0.00876566
0
0.00308278
0.00252232
0.000924834
0
0
0.00433902
0.00422959
0.000218729
0.000799735
0
0.0195904
-0.0113081
0.0180603
0.0215224
0
0.0152269
-0.0161621
0.00746616
-0.013606
0
-0.008712
-0.00399576
0.0201682
0.018087
0.0178352
-0.00167594
-0.00635182
0.000230805
-0.0209866
0.011368
-0.00583195
-0.0186518
0.0163802
-0.0191974
0.0186306
-0.00316253
-0.0142994
0.0337621
-0.0286623
0.0350735
-0.000741108
-0.00270527
-0.00716172
-0.00870231
0.00699961
-0.00620298
-0.00642943
-0.00991253
-0.00398406
0.0215654
0.00236261
-0.00282181
-0.00519072
0.000977667
-0.0017629
0.00428582
0.00903293
0.0289081
-0.00439476
-0.00136587
0.0157932
0.0230617
-0.00863123
0.00602884
-0.00435077
0.0059724
-2.30501e-06
-0.00622672
