# 1 157 (number of hyperplane, dimensionality of hyperplane)
# 0 (added bias feature? 0:no 1:yes)
0.000395046
-0.00232123
-0.000509152
0.00441887
0.00366547
0.000445946
-8.43178e-05
-0.000140078
-0.000335995
-0.00114035
-0.000549575
-0.00183807
-0.00145589
-0.00186308
-0.00305895
-0.000868697
-0.00124535
-0.000936704
-0.000965949
-0.00228316
-0.00126024
0.000715381
0.00059346
0.000776077
0.000910925
-0.00483759
-0.00251787
0.00250865
0.0032431
0.00481692
0.00304725
0.00478316
-0.00161154
0.00454287
0.00187126
0.000176528
0.00525903
0.00696466
-0.00195178
0.00122043
-0.00563029
-0.0033826
-0.000648708
-0.000605395
-0.00509734
-0.00607577
-0.00268822
0.000263713
0.00144798
-0.00309564
0.00533306
-0.000255403
0.00529001
-0.00070228
-0.00116892
0.00646901
0.00361653
-0.0002313
0.000730591
0.0040797
0.00338304
-0.000962918
-0.000724945
0.000988088
0.0055864
-0.00228897
0.0046485
0.00206211
0.0039615
0.00530374
0.00601474
0.00318974
0.00316281
0.00330252
0.00366245
-0.00126821
-0.0015955
0.00292062
0.00797303
-0.0024186
0.000795206
0.0018776
0.000665828
0.00028232
-0.000892942
0.000873542
0.000362265
5.23185e-05
-2.07376e-07
0.000955425
0.000318863
0.000276056
0.000305578
0.000584586
0.00105761
0.000477644
0.000252454
0.000232402
0.000549316
-0.00116788
-0.000305405
-0.000464632
-0.000918668
-0.00181805
-0.00199315
-0.00216363
-0.00018052
7.23674e-05
-0.00264764
0.00223883
0.00263935
0.00171436
0.00093485
-0.000512474
0.00259317
0.00191073
0.00121995
0.000602284
0.00206072
0.000238326
0.000521086
0.000769916
0.00145509
-0.00095317
0.000757912
0.0016863
0.000403726
0.000331316
-0.000674899
0.000833279
-0.00116884
-1.41983e-05
-0.00100193
-0.00138652
0.00137746
0.00267738
0.00177389
0.000740206
0.000803351
-0.000925625
-0.00103785
-0.00293781
-0.00345934
-0.00103454
0.000113143
0.00204243
0.000628225
0.00112666
0.00132268
0.00183074
0.00100774
0.00158406
0.00171558
0.00171693
-0.000927028
0.00118968
0.000813431
