# 1 157 (number of hyperplane, dimensionality of hyperplane)
# 0 (added bias feature? 0:no 1:yes)
0.00231189
0.0022913
0.00114359
0.00138187
-4.00338e-05
-0.00100811
-0.00085974
-0.000840138
-0.000638501
9.58737e-06
-0.000960175
-0.00119875
-0.000195479
3.89132e-05
0
-0.00132731
-0.00168838
-0.00200116
-0.000949302
-0.000305824
-9.35064e-05
-0.000254582
1.59285e-05
0.000121422
9.60492e-05
0.00197121
0.00104493
0.000488741
-0.00111386
-0.0018117
0.00185759
0.00329583
0.00167736
0.0039765
-0.000383088
0.00356115
0.00194087
0.000267844
-0.000266985
2.63511e-06
0.000204888
0.00359971
-0.00357721
0.000596063
0.00251991
-0.000444794
-0.0008743
-0.00129418
0.00266027
0.000377909
0.00193942
-0.0031481
0.00137596
0.00376661
0.00121394
0.00335742
0.00238357
0.00280012
0.00517897
0.00198037
0.00182065
0.00673316
0.0102819
0.0107041
0.00128541
0.000556035
0.00654168
0.00230001
0.00548955
0.00411275
0.0036213
0.00171463
0.000314267
0.00130552
0.000738762
-0.00037793
-0.00272514
-0.00182999
0.0113114
0.00158371
0.000912823
-7.87156e-05
-9.70225e-05
0.000242164
0.000428402
0.000183789
-1.06526e-05
-6.69913e-05
1.45103e-05
0.000179298
3.24522e-05
-4.81412e-05
0
0
5.4567e-05
0.000290717
5.17204e-06
-4.32219e-05
0
0.000127057
0.000278175
0.000108279
3.22152e-05
0
0.00152345
0.000968495
0.000604089
0.00104857
0.000487124
0.000921388
0.00126179
0.00221536
0.00280111
0.000781322
0.00207529
0.00196394
0.000907593
0.000163606
-0.00304173
0.000308412
0.000564669
0.0003404
-0.000118538
3.8644e-05
0.000414253
0.00183302
0.00204529
0.00128526
0.000105002
0.000410624
0.00160233
0.00150492
0.000688542
-0.000650596
0.001223
0.00158938
0.000385756
0.000202313
-0.000779251
0.00130412
0.00290468
0.0028044
0.00207952
0.000904538
0.000415115
0.00231511
0.000619739
0.00286498
0.00293464
0.00264787
0.000309724
0.000322989
-0.000400914
-0.00027111
0.00377265
0.00134197
-0.000202383
