# 1 157 (number of hyperplane, dimensionality of hyperplane)
# 0 (added bias feature? 0:no 1:yes)
-0.00396219
0.00388953
0.000447412
0.00336638
0.00465778
-0.000707437
-0.000628833
-0.000902246
-0.00109215
-0.00214664
0
0
0
0
0
0
0
0
0
0
-0.000136521
0
0
0
0
0.00101804
-0.00177176
-0.000159715
0.0066701
-0.000535348
0.00610768
-0.00748759
0.0103753
0.00782058
-0.0126945
-0.00458504
0.0104965
0.00441359
0.00865415
-0.0115479
-0.0169532
0.00283907
0.00503302
-0.00141646
-0.00344097
-0.00538249
0.00467735
0.00456856
0.00536317
0.00513397
-0.00253797
0.0177027
0.00149856
0.0100078
-0.00887626
-0.00550981
0.00217895
0.0149744
0.0118332
-0.0033237
-0.000976451
0.00347362
0.00367823
0.00909387
-0.00224557
0.00131843
-0.00132564
0.000893222
0.000805527
0.000453754
0.0109731
0.00293356
-0.00176383
-0.00130074
0.00218994
0.0126564
0.011713
0.0114646
0.0103991
0.0030939
0.00292026
0.00173162
0.00206653
0.00146269
-0.000156315
-0.000138947
-0.00019936
-0.000241321
-0.000474322
0
0
0
0
0
0
0
0
0
0
-3.01656e-05
0
0
0
0
0.00187094
0.00136022
0.00159423
0.00171988
0.00105631
0.00208969
0.00426111
0.00228423
0.00321349
0.00340567
0.000506598
-0.00019082
-0.000667927
-0.000312494
-0.000789353
0.000721371
0.000353475
-0.00171284
0.000504266
-0.000937185
0.00141807
-0.00127925
0.00212442
0.000273951
0.000101548
0.00119832
0.000617454
-0.000263336
-0.0010325
-0.00453907
0.000373167
0.00238851
-0.000350993
-0.00110027
-0.000100055
0.00173174
0.00176793
0.00131726
8.20428e-05
1.01864e-05
0.00178845
0.00120248
0.00279363
-0.000836711
-0.0011795
0.00746383
-0.00491147
-0.00416268
-0.00413422
-0.00661324
0.00168584
-0.00198882
0.0016535
