# 1 157 (number of hyperplane, dimensionality of hyperplane)
# 0 (added bias feature? 0:no 1:yes)
0.000841755
0.0007842
0.00104267
0.00105872
0.000550153
-0.00101203
-0.000356768
-2.42911e-05
-7.78683e-05
0
7.87504e-05
0.000129809
0.0001008
1.00139e-05
0
-0.000237639
-0.000424044
-0.0002282
-0.000590707
-0.000109932
-0.000456775
-0.00044571
-0.000121733
-0.000324983
-9.41816e-05
0.00108449
0.000506847
0.00061503
-3.14765e-05
0.000475565
0.00195629
0.00244798
0.0020769
0.00312281
0.00135809
0.00178671
0.00207274
0.00165801
0.00204868
0.00119345
0.00287033
0.00100544
0.00102491
8.10143e-05
0.00061485
0.00225255
0.00133499
0.00160489
0.000789721
0.00105532
0.00174912
0.00114774
0.00190234
0.00387475
0.00110864
0.0021017
0.0025262
0.00239262
0.00330945
0.000302395
0.00165564
0.00294214
0.0048383
0.0063591
0.000846219
0.000840875
0.00167402
0.00161562
0.00227552
0.00344557
0.00218709
0.00108625
0.000962242
0.00142235
0.00138711
-0.00140948
-0.00215406
-0.00207375
0.00628854
0.00110596
0.000601465
0.000334443
0.000319843
0.000151689
-2.64218e-05
-7.97614e-05
-0.000240321
-0.000392207
0
7.73814e-06
1.06536e-05
1.01918e-05
1.57924e-06
0
9.59513e-05
0.000188307
0.000132287
0.000165627
3.34177e-05
0.000195281
7.42732e-05
-0.000104498
-3.83698e-05
-1.63228e-05
0.000662082
0.000426821
0.000347287
0.000487226
0.00011419
0.000562023
0.000409782
0.000663033
0.000164914
-0.00022791
-0.000144942
0.000474999
0.000822045
0.00018743
-0.00021588
0.000450074
0.000888145
0.000711194
0.000703007
0.000416765
0.00030352
6.37347e-05
0.000353775
0.000142235
0.000392942
0.000820478
0.000391406
0.000482561
0.000820808
0.000145606
0.000477
0.000871421
0.000342697
9.9978e-05
0.000107482
0.000527298
0.00130164
0.00146027
0.00130361
0.000110711
0.000432775
0.000540109
0.00222285
0.0015353
0.00107469
0.001835
-0.000129622
-4.2796e-06
-0.000136362
-0.000260031
0.00188831
0.0010013
0.00104816
