# 1 157 (number of hyperplane, dimensionality of hyperplane)
# 0 (added bias feature? 0:no 1:yes)
0.00243662
0.00238434
0.00127484
0.00149043
1.78028e-06
-0.000990198
-0.000853748
-0.000846467
-0.000622504
1.73871e-05
-0.000898409
-0.00117912
-0.000183431
4.10466e-05
0
-0.00133842
-0.00169803
-0.00197449
-0.000919758
-0.000308078
-7.90923e-05
-0.000235714
1.06046e-05
0.00013639
0.000104702
0.00202094
0.0010991
0.000556657
-0.0010184
-0.00174856
0.00176466
0.00325405
0.00168357
0.00400988
-0.000373478
0.00363769
0.00201331
0.000403103
-0.000300422
-7.72959e-05
0.00023983
0.00354601
-0.00353105
0.00079412
0.00263992
-0.000383064
-0.000841438
-0.00122823
0.00276366
0.000586535
0.00211407
-0.00313388
0.0015706
0.00380979
0.00131605
0.00343061
0.00235009
0.00287011
0.0051515
0.0019707
0.00181465
0.0067885
0.0103474
0.0107911
0.00135457
0.000477963
0.006477
0.00243458
0.00549281
0.00405704
0.00364529
0.00180838
0.000390825
0.00143652
0.000717501
-0.000504809
-0.00290596
-0.00184308
0.0114729
0.00160952
0.000914627
-0.000142087
-0.000181321
0.000181246
0.00038675
0.000161383
-2.09185e-05
-8.48053e-05
6.87524e-06
0.000127055
9.98089e-06
-5.95712e-05
0
0
5.63248e-05
0.000289549
-3.60594e-05
-8.07435e-05
0
0.000110889
0.000259013
0.000111632
3.49592e-05
0
0.00150763
0.000981951
0.000570601
0.00103984
0.000493717
0.00101453
0.00131895
0.00231306
0.00280474
0.000782958
0.00208252
0.00199113
0.000964582
0.000144522
-0.00308615
0.000261826
0.000523306
0.000276224
-0.000145636
3.68767e-05
0.000348376
0.0019357
0.00210794
0.0013558
0.000147516
0.000446253
0.00169948
0.00163601
0.000740833
-0.00063764
0.00127051
0.00163099
0.000382869
0.000268391
-0.000698856
0.00114575
0.00270292
0.00257916
0.00186828
0.000783069
0.000376777
0.00224887
0.00067762
0.00294802
0.00305014
0.00270392
0.000331727
0.000299146
-0.000447977
-0.000238212
0.00378942
0.00146954
-0.000111517
