# 1 157 (number of hyperplane, dimensionality of hyperplane)
# 0 (added bias feature? 0:no 1:yes)
8.94103e-05
0.000123811
-5.57831e-06
4.39426e-05
2.96319e-05
4.10095e-05
3.53483e-05
2.30433e-05
1.89473e-05
1.10347e-05
0
0
0
0
0
6.96118e-06
3.1643e-06
3.56994e-06
7.69764e-06
7.54135e-06
3.34444e-05
2.55078e-05
1.34601e-05
9.83598e-06
0
0.00031552
0.000288461
3.62247e-05
7.59982e-05
1.08557e-05
0.000310459
0.000697398
0.000737264
0.00115398
0.000675909
0.00056626
0.0013741
0.00108336
0.00108722
0.000221463
0.000352226
0.00144968
0.00100807
0.00102191
0.00013641
0.00045091
0.00116673
0.0011964
0.000951872
0.000252421
0.000739886
0.00153779
0.00142459
0.0014558
0.000420008
0.000140796
0.000578663
0.000883025
0.00125886
0.000704036
0.000492232
0.00108107
0.00145844
0.00170918
0.000223389
0.00027929
0.000719894
0.000249425
0.00133883
0.00118948
0.00113102
0.000611383
0.000645293
0.000448669
0.000474165
0.00190426
0.00188601
0.0019615
0.00241278
0.00029196
0.000213411
0.000127776
0.000138423
0.000110832
4.43336e-06
6.09989e-07
0
0
0
9.63198e-06
1.5455e-05
2.77775e-06
0
0
6.38943e-06
3.51249e-06
4.64873e-06
1.14843e-06
1.12512e-06
1.28501e-05
1.37931e-06
0
0
0
0.000355875
0.000177181
7.12337e-05
7.54768e-05
1.11397e-05
0.00035282
0.000263871
0.000124562
7.59549e-05
2.82192e-05
0.000151763
0.000318573
0.000128531
6.14921e-05
1.07903e-05
0.000309749
6.29763e-05
2.92612e-05
6.8371e-05
-0.000102638
0.00023307
0.000174485
8.21374e-05
0.000142049
0.000132767
0.000110863
0.000377993
0.000347225
0.000214403
0.000154403
0.000343369
0.000239396
0.000152408
0.000281498
0.000171132
0.000274399
0.000421264
0.000458464
0.000456859
9.8112e-05
0.000183137
0.000225177
0.000968083
0.000437029
0.000280445
0.00035798
0.000136787
0.000143322
0.00017094
6.21278e-05
0.000510511
0.000489451
0.000681568
