# 1 157 (number of hyperplane, dimensionality of hyperplane)
# 0 (added bias feature? 0:no 1:yes)
-0.000397872
-0.000452836
-0.000157311
-0.000143022
-0.000402674
-0.000107146
-3.59435e-05
0
0
0
0
0
0
0
0
0
0
0
0
0
-8.35826e-05
-0.000190333
-0.000141035
-0.000204781
-0.000173317
-0.000461384
-0.000400389
-0.000184008
-0.0006292
-0.000617524
7.64326e-05
0.000183131
0.000698298
0.000905048
0.000632265
0.00161004
0.00211918
0.000902879
0.000157627
0.000143673
0.00111332
0.00274756
0.000469263
7.18672e-05
-0.000118349
0.00181101
0.00240945
0.000687599
-8.64612e-05
-0.00011466
0.00215028
0.00191005
0.000554178
-0.00035053
-0.000533922
0.000765941
0.000760565
0.000533214
0.00080144
0.000669939
0.00122949
0.00184389
0.00228909
0.00249139
0.000775192
0.000471949
0.00185843
0.000878
0.000988378
0.00124823
0.00108254
0.000636834
0.000321435
0.000718037
0.000831324
0.00191534
0.00140637
0.00195635
0.00220489
-0.000437577
-0.00107828
-0.000431645
-0.000711468
-0.00121004
3.63449e-05
4.06355e-05
3.12846e-05
2.97356e-05
1.81726e-05
0
0
0
0
0
0
0
0
0
0
-5.8581e-05
7.22589e-06
3.88772e-05
5.45222e-05
4.48005e-05
0.00025138
0.000276328
9.61448e-05
-0.000252974
-0.000345411
0.000296259
4.02094e-05
0.000104909
-3.33466e-05
-0.000303503
0.000259495
0.00106778
0.000725674
0.000695797
0.00099488
-0.000414821
0.000329784
0.000376162
0.000175619
0.000258105
-9.22692e-05
0.000137454
0.000430019
0.000278237
0.000483723
0.00033921
5.58275e-05
0.000414149
0.000192406
0.000260029
0.00029471
-0.000112005
0.000430824
0.000239028
-0.000130835
0.000531986
-3.34713e-05
-0.000227138
-7.28545e-05
7.9044e-05
0.000470542
0.000190856
0.000871811
0.000622677
0.000588501
0.000622644
0.000385921
0.000229677
8.35998e-05
-0.000328268
0.00151027
0.0009332
0.00138
