# 1 157 (number of hyperplane, dimensionality of hyperplane)
# 0 (added bias feature? 0:no 1:yes)
0.000203105
-5.86983e-05
1.17332e-05
0.000490553
0.000595366
-0.000225424
-0.000478627
0.000101304
0.000106375
9.43962e-05
0.000265191
2.82443e-06
0.000392817
-0.000328152
-4.42261e-05
0.000386219
4.14404e-05
5.19995e-06
0.00064812
6.83043e-05
0.000596492
1.56022e-05
-0.00111295
-0.00031614
-0.000144891
6.14082e-05
0.00017339
-6.29677e-05
-0.000236963
0.000119932
0.000247382
-6.22414e-05
0.000129555
-7.32618e-05
0.000206438
0.000183128
2.98276e-05
7.11292e-05
0.000513537
-0.00024611
0.000319779
0.00015723
9.76534e-05
-2.91006e-05
-0.000141272
-2.91803e-05
0.000259204
-2.4887e-05
-2.01514e-05
-0.00012868
0.000289627
-3.73557e-05
0.00015272
-0.000114189
9.62014e-05
0.000293632
-0.000150479
-1.37061e-06
0.000116534
0.000639774
5.26313e-06
2.38718e-05
0.000159323
4.00018e-05
-0.000121094
0.000131267
6.07366e-05
-0.000117799
-0.000111185
0.000381304
-6.22125e-05
4.58547e-05
9.41441e-06
5.57949e-05
-4.94257e-05
0.000769384
0.000377072
0.000114823
9.77125e-06
0.000269096
7.71439e-05
-0.000145065
0.000522132
0.000297978
-4.3538e-05
-0.000243074
0.00012878
0.000247392
2.11544e-05
0.000410148
0.000311739
0.000200597
0.00011273
1.02875e-06
0.000440017
5.71235e-05
0.000117837
0.000288414
9.15607e-07
0.000593065
5.93082e-05
-0.000821403
-0.000332321
6.84447e-06
3.79832e-05
0.00022015
-0.000170555
-0.000317964
0.00048006
-3.7266e-05
-5.43197e-05
5.61736e-06
-0.000185666
-7.51142e-05
5.8188e-05
-0.000115039
-0.000122313
0.000534632
-0.000417781
0.000120674
0.000359846
-0.000218033
-8.21123e-05
-0.000327666
-6.19893e-06
0.000227827
-0.00010173
-2.41834e-05
-0.000420378
0.000254335
-2.5489e-05
2.91823e-05
-5.51601e-06
-0.000324133
0.000127156
3.86087e-05
-6.75484e-05
4.3685e-05
0.000215127
-2.06441e-05
-0.000147031
4.40962e-05
3.46585e-05
-0.000198082
0.000184333
0.00023744
-9.63169e-05
0.000165643
0.000226489
7.23219e-05
-0.000177151
-0.000198988
-5.21569e-05
-0.000120503
0.000327324
0.000123746
0.000226972
