# 1 157 (number of hyperplane, dimensionality of hyperplane)
# 0 (added bias feature? 0:no 1:yes)
-0.0093495
0.00297139
0.00810177
0.0308789
0.0507388
-0.0129654
-0.000876769
0.0263131
0.043426
0
0.00290568
0.0354505
0.0274919
0.0100831
0
0.0250634
-0.039681
-0.0456198
-0.000306722
-0.00688389
0.0402897
0.0299911
-0.0204888
-0.0491234
0.00454866
0.00368681
-0.0110882
-0.00151176
0.00597758
0.0449201
-0.00199844
0.0106992
0.00277229
0.0110942
-0.0109708
0.0173138
0.00829565
0.00267246
0.009161
0.0112994
-0.0311702
-0.00428767
0.0032806
-0.00639014
0.0685507
0.00803715
-0.00743672
7.72517e-05
0.00313685
0.00550266
0.00590192
-0.0117726
-0.00462359
0.0134014
-0.00851286
0.00457428
0.00230558
-0.00488469
0.0316948
-0.0409687
0.0188953
0.016429
-0.00697373
-0.00399203
0.0179866
0.000943979
-0.0135069
0.0130609
-0.0314469
-0.0115939
0.0404217
-0.00488647
0.0178837
-0.000959533
0.00486923
0.00723061
-0.00780634
-0.00293319
0.00266638
-0.00480224
0.00553692
0.00349452
0.0126753
0.0310957
0.0103104
0.00503073
0.0142489
0.0351447
0
0.00588985
0.0338614
0.0197508
0.013616
0
0.0206708
-0.0354111
-0.0377219
0.00060206
-0.0109551
0.0458835
0.00986722
0.00098501
-0.0339175
0
0.000335619
0.00160179
-0.00550766
-0.0102503
0.0184959
-0.0122522
0.019242
0.000233998
-0.00584654
-0.053925
0.0271994
0.0214666
0.00881181
-0.0270386
-0.0239216
-0.0384345
0.00900368
0.00980488
-0.0149736
-0.00694104
-0.0172951
0.0116978
0.00866004
-0.0229964
0.0283556
0.00898198
0.0052984
0.00738437
-0.0206707
-0.000919118
-0.000539175
0.00186592
0.00179261
0.0270964
0.0164407
0.0218645
-0.0158
0.0128527
-0.0157461
0.0121499
0.0100921
-0.0117501
0.029042
0.0014631
0.00619619
-0.0104421
-0.000375693
0.00478861
-0.0016259
0.00484436
0.00417773
0.00586187
0.00748496
