# 1 157 (number of hyperplane, dimensionality of hyperplane)
# 0 (added bias feature? 0:no 1:yes)
-0.002754
-0.00125544
0.00665658
0.00109001
0.00509379
-0.00165706
0.00148439
0.00296154
-0.00511156
-0.000229735
0.00418432
0.00832776
0.0048379
-0.00469261
0.00081911
-0.000581263
0.00193273
-0.000109741
-0.00233912
5.89028e-05
-0.0011196
9.7251e-05
-0.000928677
-0.0077915
0.00069749
0.000857922
-0.000323851
0.0010857
-0.00581647
-0.00314437
0.00321603
-0.00333596
0.00466943
-0.0026938
0.00489846
0.00716173
-0.00506284
0.00300512
0.000747158
-0.00317316
0.00461009
0.00381992
-0.0151792
0.00554734
0.00250958
0.00731489
0.00508702
-0.00580034
0.00190728
0.00327312
0.00340875
0.00147146
-0.00280708
0.00250308
-0.00112895
0.00697707
-0.00526788
0.0003041
0.000767454
0.00063564
0.000593707
-0.00262707
0.000747661
0.00326802
0.00123563
-0.000666871
0.00621583
0.00198632
-0.0013195
0.00349839
0.00737919
0.00338827
0.00249954
0.00258702
0.000695073
0.00282315
0.000475779
0.0011673
0.00537207
0.000212574
7.11085e-05
-0.00177238
0.00204377
0.000682466
-0.000400782
-0.00118719
-0.00136253
-0.00174421
0.000378828
0.00371453
0.00490245
0.00180073
0.00182604
0
-0.000368511
0.000389378
0.00104943
0.000420697
0
-0.00105872
-0.00322746
-0.000984688
-0.00107033
0.000159611
-0.0037598
-0.00351349
0.0026369
-0.00214738
0.000687883
0.000725671
0.00305132
-0.00124273
0.00047748
-0.00108945
-0.000259266
-0.00342292
0.00458482
-0.000173864
0.0017606
0.00474112
0.00268238
0.00438186
-2.9455e-05
0.00312652
0.00374306
0.00183552
0.000326331
-0.0036214
0.00603134
-0.000430129
-0.00376818
0.00184749
-0.00241657
0.00283665
0.00511576
-0.00450762
-0.00129988
-0.000475366
-0.00182202
0.00174919
-0.00130007
0.000470083
5.50979e-05
0.00184692
-0.000101529
0.0011685
0.00559485
-0.000694494
0.00249981
0.00332423
0.00191238
0.000196818
0.00251666
-0.000144082
0.00235748
0.00102903
-0.00704808
