# 1 157 (number of hyperplane, dimensionality of hyperplane)
# 0 (added bias feature? 0:no 1:yes)
-5.58185e-05
5.00319e-05
9.74512e-05
0.000240183
0.000132442
5.77645e-06
-5.41047e-06
7.43686e-06
5.95609e-06
9.75243e-07
9.02952e-06
1.66497e-05
1.55186e-05
8.56895e-06
1.5287e-06
-2.12906e-05
-3.83865e-05
-4.1119e-05
-3.0289e-05
-6.42661e-06
7.93327e-05
3.3282e-05
3.22486e-05
3.33647e-06
1.92825e-06
4.82862e-05
-0.000297238
0.000122302
0.000108057
6.57965e-05
-0.000106711
0.000217195
0.000279002
0.00038044
5.9309e-05
0.000263636
0.00027399
0.000375257
0.000374733
0.000167589
-0.000253517
5.94803e-06
0.000488454
-7.0985e-06
0.000144935
-0.000185749
-0.000190828
8.73717e-05
0.000119983
2.65585e-05
0.00019896
8.7938e-05
0.000316597
0.000395274
0.000113524
-0.00014098
0.000270339
1.51061e-05
0.000601257
-0.000219194
0.000224649
6.69854e-05
3.29738e-05
-3.08769e-05
0.000155528
7.18066e-05
-0.000173386
0.000119271
-0.000222119
-0.000168773
1.37907e-05
6.0704e-05
0.000135096
3.40925e-05
6.49299e-05
0.000305177
-0.000149451
-3.5142e-05
0.000230832
8.32289e-05
6.91591e-05
8.36254e-05
9.75541e-05
2.41925e-05
1.8989e-05
1.59651e-06
2.74245e-06
5.02377e-06
0
-3.20623e-05
-1.72548e-05
-6.34022e-06
3.37354e-07
0
-2.4791e-05
-4.11902e-05
-4.154e-05
-2.63611e-05
-4.24006e-06
1.6064e-05
9.38696e-06
6.97649e-07
-9.42001e-06
1.07125e-06
5.59439e-05
-5.42314e-05
-2.262e-05
-7.26415e-05
-8.54539e-06
6.51898e-05
6.61852e-05
-0.00014101
-0.000141994
-0.00026665
9.74731e-05
4.41371e-05
7.29981e-06
-9.94695e-06
-2.02553e-06
-6.55042e-05
5.47216e-05
0.000100816
-6.09417e-05
-0.000113014
-7.06878e-05
9.33348e-05
9.70466e-05
3.27617e-05
3.29868e-05
1.54859e-05
2.00821e-06
5.1406e-05
0.000153527
2.88081e-05
2.96994e-05
0.000136561
0.000156535
0.000169252
1.23717e-05
8.53299e-05
-1.06392e-05
-5.62419e-05
-0.000133299
7.49329e-07
8.78673e-05
5.91617e-05
0.000175035
1.33787e-05
-5.43268e-06
4.54919e-05
0.000100455
2.65165e-05
2.26376e-05
-3.69456e-06
-1.96777e-05
3.75544e-05
0.00031631
