# 1 157 (number of hyperplane, dimensionality of hyperplane)
# 0 (added bias feature? 0:no 1:yes)
-0.000189955
0.00090978
-0.00188312
0.00036932
-0.00143725
8.36547e-05
-0.000335172
-0.000538197
6.26095e-05
0
0
0
0
0
0
0
0
0
0
0
-0.000916841
8.54467e-05
0.000353872
9.38579e-05
6.84664e-06
0.00168678
0.00123615
0.000987062
-0.000667287
0.00126599
-0.00327416
0.00368813
0.00281085
-0.00145138
0.0045195
-0.00123528
0.00273709
0.00173316
0.00391161
-1.74057e-05
-0.00280151
0.00857131
0.00387725
0.00920866
-0.000829528
0.00221346
0.000674208
0.00159917
0.00323688
0.00151309
-0.00339035
0.00370623
0.00301487
-0.00387545
0.00446798
0.00651171
-0.00545836
-0.000283383
0.00977463
0.00671628
0.000502342
0.00167493
0.00131256
0.0142627
0.00187165
-0.00142252
0.00256776
0.00125093
0.00245994
0.00424785
0.00491859
-0.00112439
0.00189275
0.000104458
0.000658247
0.00608728
0.00751434
0.00757144
0.00680896
0.00153774
0.00339938
0.0012354
0.000963608
0
0.00113675
0.000327694
0.000328221
0
0
0
0
0
0
0
0
0
0
0
0
0.00117974
0.000976225
0.000152734
0.000210317
5.09109e-05
0.00224933
-0.000533689
0.000540911
0.0016656
0.000189952
0.000227872
-0.00324542
0.000783764
-0.0020872
-0.00372013
0.00182615
0.00040157
0.00360427
-0.00100358
-0.00241661
0.00177456
0.000296014
0.00096774
0.00110041
0.00120409
0.00149247
0.00125961
-0.000154887
-0.00378191
0.000288965
-0.00437856
-0.00177922
0.000371471
-0.00419184
0.00553702
0.00493809
0.00367977
0.00226216
0.00339494
0.00030338
-0.000103034
-0.00010831
-0.000369201
-0.00389629
0.00158484
-0.00175346
0.00392775
-0.00133595
-0.00233734
-0.00109198
-0.00103343
-0.00103381
0.00174206
-0.000720792
-0.00273812
0.00158987
-0.00255159
0.00671282
