# 1 157 (number of hyperplane, dimensionality of hyperplane)
# 0 (added bias feature? 0:no 1:yes)
-8.93291e-06
1.91167e-05
-1.00332e-05
-5.94259e-06
-2.89114e-05
-1.66055e-05
-6.16657e-06
-1.25106e-05
1.35819e-05
-1.28551e-07
8.51306e-06
-2.39896e-05
-2.0638e-05
1.97922e-05
3.10923e-06
-2.58354e-05
-4.26763e-06
-7.30147e-05
-1.0687e-06
-1.84755e-06
-3.91709e-05
-3.45781e-05
-0.000136934
-0.000105748
2.02195e-06
7.31622e-06
1.43948e-05
-3.74899e-05
3.09329e-05
3.68421e-05
5.17363e-06
1.12465e-05
1.15997e-07
-1.2806e-05
-8.2807e-06
1.43199e-05
1.51693e-05
-1.55589e-05
-7.82707e-07
6.28942e-05
2.46671e-05
3.4569e-06
-1.35143e-05
1.00894e-05
1.82423e-05
3.67251e-05
2.65766e-05
-1.00874e-05
2.04331e-05
-1.51912e-05
3.75928e-05
-2.02869e-05
9.92129e-06
5.31846e-06
2.24938e-05
-1.62115e-06
3.66361e-07
5.22179e-06
-3.5083e-06
1.80971e-05
6.42797e-06
1.74072e-06
6.49041e-06
1.05687e-06
-6.99566e-06
1.39453e-05
6.54435e-06
3.76618e-05
1.3877e-05
-7.67895e-06
2.83364e-05
-1.19253e-06
-8.75457e-06
2.27574e-06
9.12792e-07
7.7225e-07
-1.13454e-05
8.92468e-06
-2.88041e-05
1.68295e-05
8.19858e-06
-1.6627e-06
-1.2676e-05
1.06324e-05
3.47803e-06
-2.41224e-06
2.17497e-06
4.46417e-06
2.58614e-06
5.01865e-05
-3.04394e-05
-6.89998e-06
1.82427e-05
6.53411e-06
-9.41588e-06
-1.73092e-05
-2.43202e-05
-4.38874e-05
-8.19114e-07
-2.43271e-05
-4.75505e-07
-0.000149792
-8.4599e-05
1.62619e-06
5.25847e-05
6.2252e-06
-3.53029e-05
2.92649e-05
1.5776e-05
5.42647e-05
-1.1194e-05
1.41678e-05
-1.9397e-05
-1.44244e-05
6.19898e-05
1.30919e-05
4.14135e-06
3.56499e-06
-2.35681e-05
7.37173e-05
-1.65022e-05
-2.80628e-06
1.72162e-05
1.28589e-05
5.46393e-05
6.16491e-06
1.8859e-05
-5.05998e-06
3.64889e-05
5.86152e-05
-7.91209e-06
1.70881e-05
1.92454e-06
3.03851e-05
3.43423e-05
9.4919e-06
-1.52185e-06
6.72719e-07
3.26881e-05
4.49244e-06
-6.84257e-06
-1.4161e-06
8.30465e-06
-7.0709e-06
1.20127e-05
-2.74775e-06
8.33566e-06
3.94687e-05
1.06452e-05
7.00732e-06
-1.62605e-05
-2.42438e-05
-8.30134e-06
-1.72743e-05
9.82744e-06
-3.32235e-06
1.22659e-05
