# 1 157 (number of hyperplane, dimensionality of hyperplane)
# 0 (added bias feature? 0:no 1:yes)
0.000882804
0.00206427
0.0010612
0.000808345
1.48891e-05
0.000203401
5.23358e-05
0
0
0
5.76234e-06
4.71474e-06
5.2821e-06
2.75026e-06
0
0
0
0
0
0
0.000181538
3.45798e-05
3.29759e-05
2.59484e-05
0
0.00148859
0.00175634
0.000963464
0.00145385
0.000925646
0.00282027
0.00167707
0.00131289
0.000783942
-4.41846e-05
0.00270515
0.00037479
0.00118204
0.00175378
-0.000400097
0.00303238
0.00340228
0.00175454
0.00213809
-0.00198526
0.000838989
0.00149779
-0.000512982
0.00078773
-0.00344126
0.00234048
-0.000528827
-0.000195503
0.000874759
0.000824924
0.00220401
0.00175144
0.000797755
0.00178194
-0.000304032
0.00112145
0.00290681
0.0034947
0.0040989
0.000726603
0.000410189
0.0025056
2.81404e-05
0.000480306
0.000659012
0.000238967
0.00198324
0.000778319
0.00195055
0.00053748
0.00222335
0.00224185
0.00223149
0.00378477
0.00128405
0.000871421
0.000367965
0.00017723
1.14284e-05
0.000297008
6.16715e-05
0
0
0
4.79651e-05
3.9245e-05
4.97299e-05
2.01426e-05
0
0
0
0
0
0
0.000284247
6.09344e-05
3.59735e-05
8.96413e-05
0
0.00112858
0.000575586
0.000260119
0.00044855
0
-0.00100079
-0.000703808
-0.000314474
0.000400641
-0.000264156
0.00092908
0.000840386
0.000420947
-0.000529772
-0.000123908
0.000706883
0.000433766
0.000161174
-0.000207343
-0.00117334
-0.00130515
-0.000773546
0.00046446
0.000523562
0.000187172
5.26982e-05
0.000715782
0.000650557
0.000880744
0.000288803
0.000452637
0.000516425
0.000522175
0.000744072
0.000103476
0.00127033
0.00115184
0.00058376
8.30514e-06
0.000790512
0.000498461
0.000935823
0.000808213
0.00084035
0.000273117
0.000415675
-4.24859e-05
-0.00056556
-0.00033406
-0.00252105
6.37303e-05
0.00163933
0.00157834
