# 1 157 (number of hyperplane, dimensionality of hyperplane)
# 0 (added bias feature? 0:no 1:yes)
0.000481212
0.000388133
0.00012861
5.04424e-05
2.14075e-05
3.22551e-05
-3.02445e-05
-3.11632e-05
1.37796e-05
0
7.63695e-07
2.29355e-05
2.2222e-05
8.63644e-06
0
9.33303e-06
7.27279e-06
1.07692e-05
6.5386e-06
0
3.08149e-05
-2.85404e-05
-0.000147617
-3.2971e-05
0
0.000617117
0.000324307
0.000300627
0.000205063
1.74078e-05
0.00100231
0.0010636
0.000854487
0.000757241
5.45728e-05
0.000831474
0.000992682
0.000701702
0.000983678
9.22873e-05
0.000508419
0.00116637
0.000964592
0.00132053
0.00035034
0.000393206
0.000725896
0.000826402
0.00111613
0.000320409
0.000690205
0.000825244
0.00103
0.00112113
0.000107206
0.00096674
0.000856717
0.000688636
0.000747685
7.21225e-05
0.000952258
0.00157774
0.00196591
0.00216599
0.000493014
0.00047709
0.00104457
0.000194678
0.000897212
0.000829435
0.000675013
0.000748471
0.00056277
0.000522351
0.00054508
0.000802535
0.000933549
0.000845014
0.00234621
0.000187973
7.9248e-05
6.27482e-05
9.21091e-05
0
6.61469e-05
2.79468e-05
1.01175e-05
3.36049e-06
0
1.35288e-05
1.87154e-06
0
0
0
1.19996e-05
3.6364e-06
9.74362e-06
1.00002e-05
0
6.42322e-05
4.44955e-05
5.5603e-05
6.43189e-05
0
0.000236064
0.00010535
9.68625e-05
0.000113037
2.05774e-06
0.000285424
0.000193822
0.000100671
0.000149245
1.1073e-05
0.000170024
0.000100091
0.000209758
9.02375e-05
3.40843e-06
0.00015566
0.000287504
0.000183738
0.000115621
4.20296e-06
0.000136016
0.00019815
0.000172691
0.00024459
1.23547e-06
0.0001637
6.49861e-05
0.000286484
0.000235311
4.61644e-06
0.000344375
0.000225235
0.000232265
0.000189774
2.96298e-06
0.00043255
0.000397247
0.00027908
0.000196389
0.000260103
0.000179149
0.000592393
0.000777658
0.000612096
0.000661229
0.000695971
0.000201503
0.000278531
0.000285758
0.000171265
0.000491138
0.000574924
0.000741794
