# 1 157 (number of hyperplane, dimensionality of hyperplane)
# 0 (added bias feature? 0:no 1:yes)
0.0047668
-0.00502028
-0.00301894
0.0150758
-0.000468187
0.0201818
0.00925497
0.00246226
0.00471925
0.00414975
0
0
0
0
0
0
0
0
0
0
0.00782724
-0.0014269
-0.0166865
-0.00285561
0
0.00116664
0.00457697
-0.00192759
-0.000448653
0.00874077
0.00855634
-0.00185624
-0.00313118
-0.0057977
0.0152655
-0.00154768
-0.0030861
2.95843e-05
0.00368911
-0.00798939
-0.00992406
-0.00418452
0.0268807
0.021272
-0.0136672
0.00628697
-0.00256693
0.00392663
0.00581834
0.00463138
-0.0014454
-0.00150486
0.00201906
-0.00165438
-0.000482165
-0.00257195
-0.010179
0.0012919
0.00467238
-0.000840356
-0.0012406
0.000881399
0.00237648
0.00230681
0.0029619
-0.0043658
0.00691163
0.0325655
0.00569172
-0.00226767
-0.00318055
-7.53514e-05
-0.0085795
0.0167842
0.00511511
0.0297725
-0.0286266
0.00995
0.0150997
-0.0198024
-0.00515684
0.00131074
0.0203383
0.00313605
-0.00477217
0.00201178
0.000987426
0.00189254
0.00166415
0
0
0
0
0
0
0
0
0
0
-0.00969067
-0.00782761
-0.0061675
0
0
-0.0081846
0.00543714
-0.000320277
-0.00987343
0.00725536
-0.0158688
-0.0105716
0.017338
-0.00866278
0.00742793
-0.00441003
0.00198878
-0.000871395
0.00879308
0.00119461
-0.0161861
0.00343112
0.0108258
0.00119375
0.00816483
-0.0052322
-0.00770226
0.00548306
-0.00521228
0.0106944
-0.0108812
-0.00786535
0.00979468
-0.0120292
0.00342461
-0.0189263
-0.00762937
0.013121
-0.00326673
0.00273332
0.00131681
0.00143369
0.00191676
-0.00639196
0.00243685
-0.00116357
-0.00791552
0.0030518
0.00968906
-0.00869838
-0.0113169
-2.08098e-05
0.00970134
0.0162951
-0.000142848
0.0111164
-0.00139607
0.0234636
