# 1 157 (number of hyperplane, dimensionality of hyperplane)
# 0 (added bias feature? 0:no 1:yes)
0.000320757
0.000136269
-0.000151282
0.000160699
4.08637e-05
-1.19005e-05
-1.27783e-05
-1.61094e-05
1.34378e-05
4.13792e-06
-3.69811e-05
-5.4977e-05
-9.0984e-05
-2.62166e-05
0
2.03652e-06
-3.25535e-05
6.53217e-06
1.92335e-06
0
-3.59649e-06
-6.24825e-05
-0.000107566
-3.53463e-05
0
0.000383018
0.000283147
-5.05872e-05
-0.000184323
1.87157e-05
0.000139005
0.000398611
0.000405915
0.000979161
0.000164857
0.000517341
0.000484144
0.0008079
0.00090092
0.000216231
0.000659625
0.00152196
0.000916744
0.000526015
0.000267417
0.000612061
0.00132527
0.0010053
0.00084221
0.000311323
0.000489326
0.000586941
0.000877916
0.000929647
0.000251224
0.000272471
0.000478889
0.000515662
0.000825759
0.000221642
0.000105446
0.00110254
0.00197429
0.0024044
0.000166564
-6.3493e-05
0.000439274
0.00049284
0.0010513
0.00128756
0.00114688
0.000181759
0.000233698
0.000471163
0.000336743
0.00055025
0.000617008
0.000523265
0.00281614
0.000195504
-1.3323e-05
9.66435e-05
7.04014e-05
-1.16942e-06
-2.07988e-05
-5.48006e-05
-3.65848e-05
-4.07784e-06
0
2.02107e-05
2.9523e-05
2.37614e-05
4.39823e-06
0
1.16383e-05
1.70008e-05
8.36328e-06
1.53847e-06
0
-1.30583e-05
-1.41468e-05
1.11542e-05
4.42609e-06
0
0.000259607
4.8101e-05
9.88893e-05
9.02196e-05
7.69585e-06
0.000345888
0.000275192
0.000293139
0.000218956
5.36776e-06
0.000108768
0.000200537
0.000237795
0.000272633
1.39158e-05
0.000178692
0.00020685
0.000157173
0.000418344
6.82756e-05
0.000202512
0.000248353
0.00011414
0.000158823
2.48907e-05
0.000151211
0.000335279
0.000300546
0.000252696
7.48496e-06
0.000352964
0.000187917
0.000236624
0.000277255
6.34059e-06
0.000149509
0.000219987
0.000290141
0.000353735
7.25257e-06
0.000147784
0.000215004
0.00114042
0.000567656
0.000446554
0.000499616
0.000128831
0.000151329
1.33094e-05
-6.41942e-05
0.000890301
0.000763185
0.000763365
