# 1 157 (number of hyperplane, dimensionality of hyperplane)
# 0 (added bias feature? 0:no 1:yes)
0.00069009
-0.000609072
-0.000356076
-0.000960016
-0.00097631
0.000113706
6.45382e-05
6.18261e-05
9.32761e-05
0.000110268
0
0
0
0
0
-0.000313792
-0.000161353
-0.000121358
-0.000147902
-0.000197207
-5.27211e-05
2.25812e-07
4.02456e-05
-2.57157e-06
-4.32519e-05
0.00145895
0.00179482
0.000696493
0.000549583
1.91753e-05
0.00144518
-0.000174198
0.000680961
0.000894887
-0.000771107
0.000491319
0.00240683
0.00124755
0.00290478
0.000328873
0.00288172
0.00338092
-0.00103513
0.00137006
0.00012603
0.00278666
0.00534078
0.00177228
0.00268778
0.00149556
0.000354139
0.00166619
0.00103987
0.005034
0.000722967
-0.000217798
6.55555e-05
0.000586305
0.000716454
-0.000143081
1.88188e-05
0.00397032
0.00608215
0.0082587
0.000162916
-0.000149697
0.00098398
0.00330295
0.00649444
0.00759457
0.00645888
0.00120906
0.00153781
0.00239952
0.0021125
-0.00345327
-0.00482521
-0.00662291
0.00546638
0.000113638
-0.0002208
-0.000330492
4.07967e-05
0.000297219
-8.90752e-06
0
0
0
0
0
0
0
0
0
-7.32604e-06
1.53838e-05
1.15706e-05
1.41014e-05
1.88022e-05
-0.000106261
-6.09168e-05
-4.73193e-05
-5.37827e-05
-7.71116e-05
0.000388599
3.12061e-06
-0.000240701
0.000285458
2.08241e-05
4.91782e-05
-0.00084735
-0.000610511
0.000650546
0.000211293
-9.67871e-05
0.000723542
0.0010548
0.000437118
0.000170713
-0.000176573
0.000167301
0.00057678
0.000434784
0.000758059
-5.39646e-07
0.000409953
0.000838475
0.000347315
0.000739308
-9.02226e-05
0.000521718
0.000571808
0.000665003
0.000659329
0.000513595
0.000590566
0.000953336
0.000331942
0.000233289
0.00039421
0.000424168
0.000518954
0.000831833
-0.000160134
0.000575885
-0.000199655
0.00475408
0.00259972
0.00243067
0.00211134
0.000691698
0.00012617
-0.000117241
-0.000865606
0.00288035
0.0020735
0.00393783
