# 1 157 (number of hyperplane, dimensionality of hyperplane)
# 0 (added bias feature? 0:no 1:yes)
0.000637688
0.000296293
7.54355e-05
-0.000512786
0
0.000293476
0.000117979
-6.21634e-05
0.000142342
0
3.1137e-05
1.98148e-05
0
0
0
0
0
0
0
0
8.19073e-05
-0.000417317
-0.000600595
1.24275e-05
0
0.0016664
0.000112303
0.00043636
7.73624e-05
0
0.00230074
0.00204336
0.00154713
1.2541e-05
0.00014077
0.00167632
0.00179727
-4.30245e-05
0.000524374
0.00024015
0.00055511
0.00184197
0.00140735
0.00143066
0.000975825
0.000184414
-0.000233522
0.00015074
0.00134733
0.00108453
0.00129578
0.000459969
0.000894872
0.00205019
0.000197245
0.00206708
0.00146952
0.000557267
0.000266744
0.000164226
0.00224454
0.00245213
0.00258119
0.00285016
0.00106234
0.00122814
0.00168902
0.000383125
0.0012778
0.00180233
0.000289997
0.00110546
0.000133534
0.00149003
0.00126605
0.00154424
0.00198705
0.00175666
0.00469892
0.00019783
2.12001e-05
0.000242895
0.000879708
0
0.000292455
9.85958e-05
2.48847e-05
0
0
1.0379e-05
0
0
0
0
0
0
0
0
0
0.00032677
-9.45958e-05
-0.000137927
6.31618e-05
0
0.000401758
0.000243843
8.9728e-05
0.000437501
3.11373e-06
0.000770295
0.000696704
0.000109881
2.8662e-05
4.7e-06
0.000132914
-0.000748074
0.00015128
-0.000883657
-1.35552e-05
0.000800392
0.00150999
0.00030642
-0.000177821
-5.78591e-05
0.00071674
-1.31666e-05
-0.000266156
0.000569682
-6.03711e-06
0.000495219
-0.000382683
0.00103649
0.000909122
4.79038e-06
0.000570141
0.000928389
0.000774489
0.00122943
2.22349e-05
0.000855217
0.000656335
-0.000333435
-0.00172086
0.000426315
0.000445569
0.00238645
0.00154295
0.000231885
0.00119105
0.00112163
0.000846167
0.000524277
0.00149809
0.000690291
0.000892795
-6.13679e-05
8.11728e-05
