# 1 157 (number of hyperplane, dimensionality of hyperplane)
# 0 (added bias feature? 0:no 1:yes)
0.00402151
0.0089933
-0.00448594
-0.00177872
-0.0108508
0.0305443
0.0182411
-0.00740749
0.00921878
0.00680023
0.000244434
0.000399991
0
0
0
0.000782171
0.000599986
0.000413657
0.000535885
0
0.0191467
-0.0184836
-0.0154893
-0.0010137
0.00283711
0.00738427
-0.00906621
0.00676969
0.00230446
0.00144318
-0.000189486
0.0130382
0.0010334
-0.000784858
-0.0113688
0.0108115
0.0100269
0.00821053
-0.00477563
0.00591136
0.00139695
0.00838718
-0.000931836
-0.00755145
0.0043583
0.00287936
-0.0179392
-0.00407568
0.0187019
-0.0201371
0.0115377
0.00803267
0.00279699
0.0118919
-0.0202502
-0.00169765
-0.00802417
-0.000966127
0.000103173
0.01156
-0.000541427
0.0224687
-0.0177887
0.00596187
0.00217825
-0.00282536
-0.00685632
0.00689096
0.0180954
0.00709478
-0.00790436
0.000827982
-0.00377717
0.0134943
-0.00705631
0.0094719
0.00479896
0.00803658
0.0250971
0.00514257
-0.00370345
0.00542451
-0.0127111
0.0119568
0.0279082
0.0210085
0.00547256
0.00204244
0.000558774
0.000263399
0.000431025
0
0
0
0.0117496
0.00711372
0.000445751
0.000577462
0
0.00459808
0.00297777
0
0
0
-0.00943046
-0.0150583
-0.00648741
0.00663812
0.00156498
-0.0100407
-0.00534584
-0.00762756
0.0024062
0.00437963
0.0107751
-0.0148536
0.0146217
-0.00192935
0.00306254
-0.00744757
0.00768104
-0.0095685
0.000556313
-0.00234128
-0.00288282
-0.0159337
0.00461509
-0.0147496
0.0159057
-0.0040027
0.00160691
0.0111283
0.0210807
-0.0108656
-0.0147746
0.00927289
0.00690354
-0.010857
0.012008
-0.00270942
-0.00475313
-0.00311228
-0.00606643
-0.0109355
0.00854577
0.0114437
-0.0175594
-0.011763
0.00940806
-0.00182086
0.0109767
0.00447197
0.00495533
-0.0105159
-0.00803028
0.00512032
0.0140643
