# 1 157 (number of hyperplane, dimensionality of hyperplane)
# 0 (added bias feature? 0:no 1:yes)
-0.000301545
0.00125738
-4.88241e-05
-0.000180151
0.000458443
-0.000276687
-9.4009e-05
-0.000117445
-0.00010982
0
0.000133332
0.000109092
0.000249995
0
0
1.38778e-20
-6.93889e-21
0
0
0
6.39431e-05
3.58473e-06
-0.000288018
-0.000120875
2.17157e-07
9.75354e-05
0.000968518
0.000545405
0.000230739
0.000177077
0.00252601
0.00060915
-0.00149334
0.000229462
-0.00202361
0.00133848
0.00247123
0.00182134
0.00197952
-0.00167153
0.00165114
0.00687001
0.00328905
0.00332494
-0.0005984
0.000182487
0.00443717
0.00338828
0.00165472
0.00102158
0.00248181
0.00451621
0.00248957
0.00205452
0.00247941
0.00295707
0.000999475
0.00162507
0.00135941
0.000914073
-0.000278094
0.000530603
0.00145095
0.0042134
0.000109716
-0.00040288
-0.000256587
0.000343291
0.00138897
0.00106419
0.00155787
0.000266134
0.000690614
0.000695365
0.000879806
0.00310942
0.00123699
0.0021661
0.00549426
0.00127908
0.00104556
0.000672901
0.000471294
0.00016614
3.34802e-05
2.36215e-05
4.23653e-05
4.55847e-06
0
-2.2222e-05
0
0
0
0
-0.000159995
-9.09099e-05
-0.000123075
0
0
0.000116836
5.58209e-05
0.000126173
4.96422e-05
0
0.00164638
0.000819585
0.000262166
-0.000126945
0
-0.000567272
0.000563134
0.000891448
0.00101451
6.3911e-05
0.000868679
-0.000759255
-0.000127937
-6.7654e-05
-0.000191335
0.000346356
0.00120331
0.000388691
-9.80081e-05
-0.00292598
0.0009768
0.00096935
-4.07286e-05
0.000329966
0.000367705
0.000567335
-0.000614444
0.00116377
0.00112611
0.000242671
-0.000306029
0.000836075
0.00100234
0.000638802
0.000430249
0.000642794
0.00141742
0.00155986
0.00116497
7.38316e-05
0.000591072
0.00138765
0.000732378
0.000185585
-0.001202
-0.000678484
0.000237232
-1.15791e-05
-0.000107893
-0.000136191
0.000832743
0.00100174
-0.0011893
