# 1 157 (number of hyperplane, dimensionality of hyperplane)
# 0 (added bias feature? 0:no 1:yes)
0.000307399
0.000674122
0.000863514
0.000715436
3.83599e-05
6.19224e-05
0.00012369
-5.80278e-05
-5.89632e-05
1.01118e-08
0.000113612
0.000198066
0.000193019
-7.41639e-06
0
-2.46053e-05
-8.79099e-05
-5.05434e-05
1.74804e-05
9.77476e-09
-4.76854e-05
4.15519e-05
-5.36094e-05
5.78061e-05
7.02169e-07
0.000184276
0.000375397
0.000370977
0.000488071
2.60322e-05
0.000202085
0.000412692
0.000677889
0.000871307
0.000129869
0.000236501
0.00051248
0.000429093
0.000765448
0.000104374
0.000185792
-0.000213414
-4.19937e-05
0.000181358
5.04316e-05
0.000165738
0.000103114
0.000602514
0.000783211
0.000136852
0.000139507
0.000656041
0.00118373
0.000368738
6.26334e-05
0.000417206
0.00035868
0.00082217
0.00113527
0.000113772
0.000892139
0.000753622
0.00113689
0.00129068
0.000557777
0.000347355
0.00027178
0.000296551
0.000882635
0.00106472
0.000631567
0.000579774
0.000257856
0.000881244
0.000732903
0.00104627
0.00111653
0.00120169
0.002723
5.72546e-05
5.73681e-05
0.000154079
0.000226845
1.63531e-05
-6.72895e-05
-0.000123714
-0.00027109
-6.77608e-05
6.79541e-07
6.35665e-06
4.42932e-06
-3.44943e-05
-2.56595e-05
0
1.67034e-05
-1.01475e-05
8.99543e-06
6.00286e-06
6.56892e-07
-2.78912e-05
-0.000131883
-4.99047e-05
6.43468e-06
0
-1.78161e-05
-0.000139116
3.59612e-05
0.000164956
1.78465e-05
0.000289533
0.000184285
0.00035199
0.00037863
1.51336e-05
0.000174275
0.000316813
0.000298852
0.000303382
6.26344e-06
0.000241777
0.000192548
5.12692e-05
0.000275839
5.75797e-06
0.000172731
-6.9968e-05
0.000177406
0.00030026
1.53069e-05
0.000129028
2.58726e-05
9.6549e-05
0.000334943
4.34311e-06
0.000345086
0.000151956
0.000348174
0.000506864
9.39714e-06
0.000341972
-0.00014349
0.000178857
0.000452137
-6.03741e-05
0.000417981
0.000130318
0.00136975
0.000218464
0.000226947
0.000398991
0.000208428
7.01951e-06
0.000250025
3.24837e-06
0.000812396
0.000647194
0.00114726
