# 1 157 (number of hyperplane, dimensionality of hyperplane)
# 0 (added bias feature? 0:no 1:yes)
0.000832584
0.00132156
0.00280657
0.00190753
-0.000419374
-0.000192687
-0.00015867
0.00048711
0.000125004
-3.02704e-05
-0.000413687
-0.00047104
8.61304e-06
2.99268e-05
0
-0.000748327
-0.000315247
9.98699e-05
4.72688e-05
0
0.000220426
0.00048414
0.000260592
-4.76604e-05
-5.12071e-05
0.00114133
0.00243589
0.00110078
0.00101199
0.000147969
0.00207464
0.00289397
0.00436001
0.00631463
0.00371931
0.00436211
0.00377467
0.00369105
0.00453488
-0.000225669
0.00135254
0.00585136
0.000953227
0.00337956
-0.000248376
0.00236537
0.00509404
0.00171256
0.00291741
0.000304665
0.00424534
0.00431317
0.00511502
0.00514515
0.000831803
0.0013392
0.00198432
0.00596677
0.00580327
0.00358443
0.00398462
0.0055064
0.00836362
0.0120417
0.00204542
0.00201455
0.00413935
0.00597142
0.00491074
0.00366465
0.00456406
0.00390045
0.00345622
0.000914105
0.000760102
0.00141009
5.01109e-05
-0.000201915
0.0224728
0.00112364
-2.70219e-05
0.000794597
0.00140321
0.000295951
-5.18731e-05
3.45879e-05
-8.58699e-05
-7.70325e-06
6.05408e-06
0.000146305
0.000195522
7.31539e-05
5.98536e-06
0
0.000316014
0.000315231
0.000119297
0
0
0.000337276
0.000423791
0.000197513
0.000106493
1.46306e-05
0.00145999
0.000230841
0.000188105
0.000403808
8.7786e-05
0.00238479
0.0023263
0.00285671
0.0023217
-0.00134328
0.00181415
0.00277623
0.00240405
0.00227498
0.000489741
0.00123632
0.000627023
0.000783558
0.0012264
-7.76541e-05
0.00198775
0.00164503
0.00131128
0.00135646
0.000191904
0.00176734
0.00223319
0.00218713
0.00213264
0.000455806
0.00294075
0.00263062
0.00259129
0.00171051
5.85217e-05
0.00315971
0.00414873
0.00458005
0.00500823
0.00109914
0.00214063
0.0032541
0.00861697
0.0037606
0.00360275
0.00351368
0.00165385
0.00177013
0.00211943
0.00135415
0.0042151
0.00487246
0.00541494
