# 1 157 (number of hyperplane, dimensionality of hyperplane)
# 0 (added bias feature? 0:no 1:yes)
0.00165669
0.0050006
-0.0117397
0.0113857
0.00314436
-0.00109482
-0.000195429
-0.000192458
0.00147931
0
0
0
0
0
0
4.52894e-05
8.74961e-05
6.38711e-05
8.27437e-05
1.13227e-05
0.00804062
0.00102684
-0.00189018
-0.00240234
2.83065e-05
-0.00457285
0.0184516
-0.00456275
0.00468061
0.00152625
0.00139478
0.00175069
0.00582328
0.011481
0.0101855
0.00581845
-0.00256605
-0.0046864
-0.00338043
0.0137361
0.00922326
-0.00846486
0.00384246
-0.00863556
-0.00789443
-0.0100891
-0.00414532
0.0175281
-0.0070696
0.00952043
-0.00235717
-0.000208216
-0.019448
0.00714487
0.00556042
0.0173301
-0.00269471
0.0060719
-0.0081984
0.00623472
0.00515725
0.00444251
-0.0020315
0.0068406
0.00507884
8.14541e-05
0.0102866
0.00561158
-0.000912627
-0.0063241
0.0064729
0.00419367
-0.00150141
0.00183739
0.000605546
0.0399247
0.00250684
-0.0037866
0.00947134
0.00176401
0.0117418
-0.000233955
-0.012051
0.000631422
0.00417738
0.00212029
0.00156476
0.000479574
0
0
0
0
0
0
0
0
0
0
0
0.00313994
0.00198618
0.000460119
0.000176858
0
-0.00522508
0.00442803
0.00113411
0.0146015
0
-0.000926037
0.00277907
-6.10679e-05
0.00443381
0.000828022
0.00857817
0.00897742
0.00163409
0.00597538
0.000897751
-0.0075404
-0.00128258
-0.00199196
-0.0055277
-0.00392685
-0.0210787
-0.00162815
-0.00240064
0.00260743
0.00940593
-0.00161601
-0.00402651
-0.00366841
-0.00225233
-0.000487553
0.00548722
0.0147911
-0.0107498
-0.00299636
-0.000276758
0.00367377
0.000939863
-0.00368191
-0.00247208
8.25607e-05
0.00373076
0.0026291
0.00286983
0.00158543
0.00350126
0.00625824
0.00154038
-0.00825661
0.00445786
0.00108913
-0.00176573
0.000694612
0.00426687
