# 1 157 (number of hyperplane, dimensionality of hyperplane)
# 0 (added bias feature? 0:no 1:yes)
-0.00176883
-0.00746642
0.0167576
-0.0019601
0.0213438
-0.00317733
0.0220638
0.025426
-0.0504673
-0.011593
-0.0331372
0.116005
0.0624324
-0.109768
0.00282211
0.0103307
0.0113059
-0.0115818
-0.0299307
0.00876974
0.0472158
-0.0524536
-0.000158709
-0.0561322
0.0185391
0.008303
0.00105289
0.000648905
-0.010354
-0.0185564
0.00223314
-0.00764558
0.00646414
-0.00428074
0.0161607
0.021351
-0.0121235
0.0145667
-0.00326832
-0.0110704
0.0185573
0.00953025
-0.0405768
0.00607962
0.0403195
0.0145895
0.00104056
-0.00436459
0.000734086
0.0169803
0.0058932
-0.000404054
-0.00631693
0.00912335
-0.0077987
0.0120408
-0.0083705
-0.00594449
0.00265823
-0.009975
0.00264733
-0.0111359
0.00915169
0.0030652
0.00563723
-0.00310608
0.0152214
-0.00645656
-0.00352921
-0.00429832
0.0178581
0.0106446
0.00899087
0.0156225
0.00265271
0.0272672
-0.00552775
-0.000106551
0.0140556
0.0157002
-0.00350319
-0.00980857
-0.00608608
0.00718435
0.0372037
-0.0108755
0.0141194
-0.0558287
0.00170868
0.0426271
0.0677736
0.0106833
0.00411357
0
0.0391387
-0.0121065
0.00912263
0
0
0.0542613
-0.0816758
-0.00386019
-0.0350469
0
-0.0210047
-0.0121115
0.0101579
-0.00693894
0.00513306
0.00015566
0.00502251
-0.00333604
-0.00539219
0.00683736
0.00577931
-0.0157736
0.0259824
-0.0175815
0.0265867
0.0131887
0.0185391
0.0337211
-0.0315435
0.0554089
0.011672
-0.00266283
0.0154871
-0.0259245
0.0450116
0.00891806
-0.00850246
0.0103987
-0.0155302
0.0218244
0.0203815
-0.0147527
-0.00847548
-0.00825282
-0.00747093
0.00395889
-0.00779319
0.00823338
-0.00621473
0.00804071
-0.00424043
8.70166e-05
0.016877
0.000700485
0.0126066
0.00259508
0.0049834
-0.00400209
0.00460288
-0.00157016
0.00587013
0.00940475
-0.017275
