# 1 157 (number of hyperplane, dimensionality of hyperplane)
# 0 (added bias feature? 0:no 1:yes)
0.00420905
0.00554092
0.00904779
0.00581841
-0.00492404
-0.000272663
-0.000228889
0.000876319
0.000222367
0
4.70979e-05
3.85354e-05
9.02698e-05
0
0
0
0
0
0
0
-3.22434e-05
0.00127481
0.000708566
0.000591585
0.000425701
-0.00224023
0.00267707
-0.00209577
0.0005479
3.28577e-05
0.00380791
0.00333564
0.0072672
-0.0185164
-0.00509213
0.00634518
-0.00434922
0.00433284
0.00571216
0.0237963
0.0135121
-0.00749926
-0.00192852
0.0136527
-0.0074691
0.00801685
-0.00015898
0.00936107
0.00907947
-0.00985145
-0.00925505
0.0161901
0.00485787
0.00861364
0.00671476
0.00314375
0.00893157
-0.00733782
-0.0088806
-0.00296241
0.00407683
0.00805407
0.00235475
-0.00088709
0.00569124
-0.00167714
0.00438221
-0.0109489
0.00518933
0.00274735
0.0135915
0.00095601
0.000740847
0.0024033
0.000615968
0.0210816
0.00896988
-0.0217476
0.0189422
0.00350248
0.00278981
0.00166145
0.00303388
0.000777138
-0.000767617
-0.000451544
7.98857e-05
1.68534e-05
0
0
0
0
0
0
0
0
0
0
0
-0.00338381
-0.000170466
0.000248518
0.000259056
8.57681e-05
0.0044595
0.00170779
0.000873789
0.000752748
-0.00136844
-0.00103133
-0.010096
0.0011275
-0.00171657
-0.00852617
0.00233353
-7.2167e-05
-0.00101527
0.004646
0.00473274
0.0012665
0.00587209
0.00559394
-0.00108319
0.00129814
3.12493e-05
0.0039016
0.00300864
-0.00160002
-0.0032243
0.000586913
0.00186986
0.00473131
0.00246665
0.00155655
0.00742963
0.0035765
0.00155537
0.00395388
0.00050602
0.000430514
-0.00102599
-0.0030208
-0.00533714
-0.00103689
0.00152442
5.92025e-05
0.00480075
-0.00214982
-0.00179007
-0.00116978
0.00379185
0.00104563
0.0024352
-0.000912705
0.00526755
0.000447681
-0.00589142
