# 1 157 (number of hyperplane, dimensionality of hyperplane)
# 0 (added bias feature? 0:no 1:yes)
6.90681e-05
8.78027e-05
-2.97116e-05
0.000126751
0.000485094
-0.000992038
0.000292145
0.000256182
2.02894e-05
0
8.75483e-05
0.000119166
7.61576e-05
4.39162e-05
3.61369e-06
0.000157712
0.000165898
0.000173045
9.6681e-05
5.18877e-05
-0.000199143
0.000561892
0.000417113
3.14571e-05
2.81853e-05
-3.64291e-05
6.18295e-05
3.12102e-05
-0.000549348
0.00011132
-1.51123e-06
-1.73267e-05
3.38921e-05
-3.1565e-05
0.000159436
-0.000223822
-1.46216e-06
0.000100096
-1.96399e-05
-0.000172397
0.000320577
-3.95746e-05
0.000152697
8.50761e-05
-0.000342592
0.000168561
3.14639e-05
0.000100608
6.32621e-05
-0.000203549
-0.000154285
-6.78621e-05
8.45865e-06
5.28991e-05
-0.000446207
-2.35133e-05
1.98813e-05
3.05694e-05
-1.09396e-05
-2.37088e-05
-8.99763e-05
-5.69557e-05
-4.99621e-05
0.000119415
-0.00016418
7.70871e-05
-4.98764e-05
3.08995e-05
4.7226e-05
9.74393e-05
4.12175e-05
-5.32854e-05
4.61546e-05
-0.000190837
-0.000220403
2.70221e-05
7.38143e-06
-5.49652e-05
0.000135824
6.32442e-05
8.39173e-05
-0.000123685
0.000253262
0.000324996
-0.000842717
0.00018789
0.000237105
-0.000425895
-0.000547463
0.000115861
0.000151998
8.63176e-05
2.0888e-05
1.7243e-06
-0.000223586
0.000313047
0.000223803
0.000255529
8.91021e-05
-0.000141395
0.00045328
0.000452562
7.44451e-05
2.52289e-05
-7.71219e-05
-1.9279e-05
0.00012418
-0.000567491
0.000153334
-7.57663e-05
-3.61903e-05
8.84039e-05
-2.825e-05
0.000172392
-0.000236427
-8.87174e-05
-6.88894e-05
0.000110582
-0.000289789
0.000226293
-9.27316e-05
-0.000108158
0.000389216
-0.000356157
0.000265334
2.22642e-05
-0.000176066
0.000282257
-0.000137856
-0.000199079
-7.98536e-05
-0.000120498
0.000123519
-0.000507659
-5.35764e-05
-3.77069e-05
4.37094e-05
8.22945e-05
-3.65098e-05
-0.00010052
-7.15099e-05
-3.74286e-05
0.000232874
-0.00020688
0.000110492
-0.000113626
0.000175039
4.32093e-05
0.000138257
-0.000155388
-0.000114151
2.63144e-05
-0.000234095
-0.000264988
-6.41319e-05
-0.000121829
-0.000129484
