# 1 157 (number of hyperplane, dimensionality of hyperplane)
# 0 (added bias feature? 0:no 1:yes)
0.00182613
-0.000560602
0.000282948
0.00479789
0.00584729
-0.00205636
-0.00462936
0.000866822
0.00122264
0.00108385
0.00243657
-0.000107799
0.00369428
-0.00321876
-0.00042225
0.00364453
0.000440072
3.80549e-05
0.00645996
0.000721591
0.00602852
0.000138036
-0.0106267
-0.00308713
-0.00133765
0.000825512
0.00136988
-0.000601817
-0.00246736
0.00114672
0.00213911
-0.000269286
0.00125896
-0.000683627
0.00197005
0.00187549
0.000170548
0.000580028
0.00509681
-0.00229705
0.00318648
0.00140582
0.0009323
-4.04747e-05
-0.00146545
-1.09733e-05
0.00245769
-0.00035294
-9.64212e-05
-0.000975214
0.00276488
-0.000545595
0.00131352
-0.000886674
0.000947501
0.00263845
-0.00110551
-0.000285952
0.00122763
0.00601241
0.000168156
0.000472436
0.00157732
0.000202994
-0.00102004
0.00123437
0.000612496
-0.000955125
-0.000942491
0.00360484
-0.000612253
0.000437869
0.000173286
0.000589982
-0.000675063
0.00728969
0.00401411
0.00106091
7.4888e-05
0.0026822
0.000850648
-0.00142364
0.00479517
0.0029423
-0.00034883
-0.00213512
0.00133368
0.00215016
0.000161162
0.00414272
0.00279768
0.00185783
0.00106783
0
0.00424031
0.000603786
0.00141736
0.00323949
0
0.00569048
0.000600287
-0.00793486
-0.00331143
9.87724e-05
0.000412405
0.00216173
-0.0015088
-0.00311648
0.00437731
-0.000447135
-0.000486929
-0.000191474
-0.00170341
-0.00078587
0.000457106
-0.00115019
-0.00124508
0.00501873
-0.00413138
0.00136721
0.00343159
-0.00209502
-0.000664419
-0.00331407
0.000235132
0.00215068
-0.00087594
-0.000119493
-0.00383251
0.00215577
-0.000121794
0.000186722
-0.000212643
-0.00289381
0.00134777
0.000341487
-0.000608397
0.00042606
0.00197563
-0.000256158
-0.00143684
0.000334844
0.000232867
-0.0019175
0.0017259
0.00218389
-0.000753397
0.00163664
0.00211527
0.000817513
-0.00166584
-0.00199192
-0.000627379
-0.00135456
0.00325186
0.00131467
0.00215807
