# 1 157 (number of hyperplane, dimensionality of hyperplane)
# 0 (added bias feature? 0:no 1:yes)
0.0249144
0.00450811
-0.0760689
0.0457912
0.0088296
-0.0222489
-0.115034
-0.166806
-0.00470711
0.000210611
-0.0509677
-0.0728497
0.0268092
0.0114112
0.000100054
0.043288
0.0370182
0.0262957
0.00258609
0
0.00613697
-0.0470075
-0.0923363
-0.0379529
-0.0479639
-0.0212438
0.0121587
-0.0424357
0.0517389
-0.0712383
0.00662225
0.0496805
-0.00734414
0.00925512
-0.0371322
0.012604
0.00270416
0.0262942
-0.0144309
-0.0227166
0.000898688
0.0157222
-0.00060164
-0.0138152
0.00204941
-0.009397
0.00771392
0.00244628
0.020341
-0.0119285
0.0089444
0.00605138
-0.00441654
-0.00711385
-0.00575999
-0.00285282
-0.00827544
0.00320443
0.00250856
0.0475207
0.0071492
-0.00412656
0.0451658
-0.0170844
0.0241666
-0.0176787
0.0168863
0.144567
0.0179696
0.0222281
-0.00875735
-0.00913337
-0.00147363
0.00721761
0.00390137
0.0337479
-0.0285055
0.028044
-0.00542528
0.010038
0.012508
-0.0548206
0.0271901
0.0121429
-0.0337338
-0.0383248
-0.0423208
-0.0618977
0
-0.0112516
-0.0471637
0.015361
0.00357333
0
0.0222216
0.0282145
0.0222126
0.00353715
0
-0.0147455
-0.0378301
0.00697047
0.00307582
0
-0.00343294
0.00685816
0.00663415
0.0358922
0.0138872
-0.00189543
0.0232149
0.00228398
-0.00656657
0.0212236
0.00907096
0.0255021
0.0212888
-0.0299519
0.0142148
0.00554376
0.0431543
-0.00210525
-0.0262201
0.0352795
-0.00918913
0.0470664
-0.00549689
0.00830394
-0.0117166
-0.0165882
0.0165994
0.00283883
0.0106789
-0.0485857
-0.0101698
0.00646851
0.0169058
-0.00764707
0.0102496
-0.00140774
0.000329105
0.0252681
0.000796394
0.0128416
-0.0148031
0.0208813
0.0597634
-0.00307429
0.00816679
-0.017083
-0.00762096
-0.0181301
0.0089855
-0.00349228
0.00296852
-0.00087299
0.00468716
