# 1 157 (number of hyperplane, dimensionality of hyperplane)
# 0 (added bias feature? 0:no 1:yes)
0.00147
0.000785817
-0.00102517
0.000295463
0.000625612
-0.00126508
-0.000995387
-0.00101842
-0.00135086
-0.00103072
-0.000484153
-0.000396133
-0.000169453
0
0
0.000392094
3.56452e-05
0
0
0
-0.00215141
-0.00178358
-0.000919304
0.000472191
0.000522151
0.000138374
0.00516654
0.00241875
0.00291794
0.00256516
0.000176846
0.00468935
0.00211147
0.00109264
0.00353811
-0.00116594
0.00220288
0.00363396
0.0033009
-0.00176002
0.00121323
0.00241859
0.00109305
0.0134999
0.000941342
0.00241769
0.00225346
0.00347707
0.0041983
-0.00143995
-0.00163968
0.00214479
-0.0056517
0.00430325
0.002818
0.00203485
0.00150566
-0.00130778
0.00512084
-0.000969268
0.000560632
-0.0035093
0.00109768
0.00424215
0.000805109
-0.000253977
0.00495119
0.00564715
0.00904876
0.0102971
0.0106841
0.0036773
0.00264961
-0.00118822
0.00176024
-0.00126365
-0.00684632
-0.000212692
0.00467636
-0.00146922
-0.00120912
-0.001523
-0.000122284
0.000390703
-0.000970146
-0.000794025
-0.00103383
-1.07848e-05
0
-4.77553e-05
-3.90733e-05
-1.67143e-05
0
0
0
0
0
0
0
-0.000817462
-0.000615164
-0.00094937
-0.00100881
-0.002609
-0.00221359
-0.00336027
-0.00279904
0.00300618
-0.00241006
-0.00264009
-0.000685264
0.000179621
0.00242255
-0.00145183
-0.000737501
-0.000410858
0.000779724
-0.00549268
-0.00347147
0.00334788
0.0022852
0.00196351
0.00173813
0.000972746
0.00119555
0.00280239
0.00322259
0.00583683
0.0022477
-0.00360821
-0.000565838
0.0016763
0.0038744
0.00155294
-0.00103952
-0.00369505
-0.000195748
0.00418694
0.00122236
-0.00074119
-0.00210811
-0.000793911
-0.000234483
-0.00269191
0.00202653
-0.00271192
0.00966328
0.00379719
0.00371604
0.00377882
0.00039193
0.000224585
0.000226123
-0.00354761
0.00370831
0.00343429
0.00178789
