# 1 157 (number of hyperplane, dimensionality of hyperplane)
# 0 (added bias feature? 0:no 1:yes)
0.00402952
0.00568042
0.00919781
0.00582724
-0.00496571
-6.18793e-05
-0.000112982
0.000886091
0.000217751
0
4.20306e-05
3.43893e-05
8.05575e-05
0
0
0
0
0
0
0
0.000197293
0.00125684
0.000711538
0.000604781
0.000438214
-0.0023832
0.0026418
-0.00217428
0.000576323
0.000149559
0.00404951
0.00311918
0.00737771
-0.0184136
-0.00503021
0.00660172
-0.00438087
0.00408726
0.00580073
0.0239348
0.0135354
-0.00740467
-0.00204139
0.0137225
-0.00766762
0.00797406
-0.000295087
0.00951674
0.00911084
-0.00984402
-0.00906044
0.0157848
0.00460967
0.00882505
0.00660531
0.00292824
0.00891181
-0.00735752
-0.00878223
-0.00310132
0.00405171
0.00794274
0.00241337
-0.000852692
0.00569759
-0.00170984
0.00433896
-0.0110592
0.00514265
0.00297073
0.0137789
0.00102072
0.000716597
0.00240571
0.000638632
0.0210303
0.00898926
-0.0217951
0.0189888
0.00335544
0.00268222
0.00153501
0.00291896
0.000745825
-0.000783924
-0.000475276
3.56061e-05
7.88565e-06
0
0
0
0
0
0
0
0
0
0
0
-0.00333009
-0.000212423
0.000223748
0.000249103
7.8921e-05
0.00424919
0.0015816
0.000830189
0.000698598
-0.00136827
-0.000786903
-0.00990073
0.00123119
-0.00149225
-0.00847632
0.00243995
-0.000169851
-0.00111059
0.00453226
0.00459687
0.00143989
0.0058264
0.00559976
-0.00103909
0.00143564
2.57203e-05
0.00406787
0.00308007
-0.00151771
-0.00315491
0.000335333
0.00191272
0.00481333
0.00255581
0.00159795
0.00754099
0.00355112
0.00146171
0.00392622
0.000544746
0.00055527
-0.000930484
-0.00304219
-0.00541293
-0.000990627
0.00160597
2.19554e-05
0.00498849
-0.0022659
-0.00173664
-0.00123569
0.00373841
0.00122853
0.00241368
-0.000640037
0.00511144
0.000351323
-0.0060231
