# 1 157 (number of hyperplane, dimensionality of hyperplane)
# 0 (added bias feature? 0:no 1:yes)
-0.0019378
0.00302872
-0.010295
0.0102176
-0.0216219
-0.0104696
-0.0157445
0.0478442
0.0162345
-0.00498621
-0.00935456
0.0147057
-0.00478137
0.016838
0
0.0105326
-0.0065944
-0.0154038
-0.0236469
-0.0108129
0.0222434
-0.00319327
-0.00683015
-0.035676
-0.00822875
0.00244453
-0.00680653
0.00443121
-0.00240036
0.0105438
0.00756709
0.00755001
0.00967441
-0.000636869
-0.0236291
0.00421506
0.00377785
0.0026446
0.000539065
-0.00444601
0.00260536
0.00427422
0.00820877
-0.00316203
-0.00193247
0.0107907
0.00344234
0.00335609
0.00651888
0.0147956
-0.00219903
-0.000507206
-0.00223492
0.000612319
-0.0111187
-0.00309501
0.0257208
0.00367067
-0.0048513
-0.00945695
0.0017275
-0.00301537
0.00283526
-8.62286e-05
0.00774672
-0.00625313
0.00747003
0.0355845
0.02047
0.0199244
0.013946
0.00211682
-0.00439666
-0.00389509
-0.000430502
0.0164175
-0.00912894
0.00849642
0.00677991
0.00883574
-0.00436775
-0.00576276
-0.000394503
0.00501043
0.00776184
0.0120966
0.0268653
0.0159479
0.000255022
-0.00532779
0.0133785
0.0126155
0.00815171
0
0.000437254
0.00744542
-0.00823787
-0.0235899
0.0020404
0.0145349
-0.0159382
0.000915881
-0.0315526
0.000595736
0.00441615
0.00199306
0.00369666
-0.00812934
-0.00367781
0.0013966
0.00226957
0.00574955
-0.00649245
0.00102046
-0.00787606
0.0128381
0.0149675
-0.0133516
0.00479846
-0.00195219
0.0284631
-0.00490746
-0.0107922
0.00190467
0.0023176
0.00648535
-0.00471806
0.00113074
0.00897136
0.0109145
-0.00704515
-0.01124
-0.00171665
0.0132516
0.00662907
0.0256354
-0.00873429
-0.00593083
0.00294265
0.000317335
0.01091
-0.0134681
-0.000555799
-0.00303628
0.00348394
0.00454512
0.0162916
0.00504774
0.00389994
0.0063236
-0.00209298
-0.00764492
0.0027595
0.00557412
0.0041477
-0.00532021
-0.00608328
