# 1 157 (number of hyperplane, dimensionality of hyperplane)
# 0 (added bias feature? 0:no 1:yes)
0.00058305
0.000401734
0.000159003
9.92881e-05
1.57084e-06
-3.06977e-06
1.27511e-05
1.95653e-05
1.47369e-05
0
0
0
0
0
0
-4.39985e-05
-3.72731e-05
-3.64096e-05
4.23075e-06
0
7.86815e-06
-8.16192e-06
-2.15615e-05
0
0
0.000946858
0.000631263
0.000223055
0.000135064
8.16896e-07
0.00123571
0.00111159
0.00107473
0.000792298
4.4422e-05
0.000623215
0.00138389
0.00118558
0.00122954
0.000225631
0.000240964
0.000534988
0.00135764
0.00145043
0.000453705
0.00019654
0.00055749
0.0015079
0.0012818
0.000432632
0.000452174
0.00120676
0.00127589
0.0012602
0.000182207
0.000816882
0.00115614
0.00102681
0.000994399
4.5431e-05
0.000823631
0.00122061
0.001477
0.00162361
0.000366006
0.000475408
0.00116249
0.000159449
0.000508065
0.000508562
0.000412651
0.000727437
0.000740982
0.000687358
0.000743942
0.000767075
0.000768209
0.000688466
0.00191606
0.000215317
0.000129815
4.73371e-05
3.81794e-05
1.67914e-06
1.79538e-05
7.9487e-06
1.30434e-06
0
0
0
0
0
0
0
3.46655e-05
2.54548e-05
2.51277e-05
4.61533e-06
0
4.59301e-05
1.12729e-05
6.56194e-06
0
0
0.000231648
0.000135893
7.43214e-05
7.67204e-05
0
0.000183634
5.6107e-05
0.000160136
0.000189347
0
0.000190963
0.000164225
8.88161e-05
0.000244507
-3.90729e-06
5.56731e-05
0.000191516
0.000191235
0.000195357
-0.000142547
0.000107199
0.000145381
0.000156818
0.000139081
1.25022e-05
0.000158272
5.44685e-05
0.000212607
0.000175267
1.95839e-05
0.000228398
0.000177874
0.000136374
0.000157734
3.41443e-07
0.000346244
0.000428417
0.000407977
0.000370822
0.000200783
0.000151113
0.000395972
0.000613486
0.000555604
0.000507162
0.000570722
0.000212987
0.000231951
0.000206209
0.000191797
0.000421331
0.000452838
0.00068543
