# 1 157 (number of hyperplane, dimensionality of hyperplane)
# 0 (added bias feature? 0:no 1:yes)
0.000159353
0.00956382
0.0145549
0.0231894
-0.0159344
0.027697
0.0167421
0.0228369
0.0276437
0.0543342
0
0
0
0
0
0
0
0
0
0
0.0068966
0.001503
0
0
0
-0.00991487
-0.00765589
0.0132939
0.00359397
-0.0254534
0.0145958
-0.00782897
-0.00426357
0.00333502
0.0273322
0.0151163
0.00356137
0.0393585
-0.0155168
0.048016
-0.00407859
0.00102418
-0.0309068
-0.0222239
0.00570459
0.00958368
-0.0158518
0.00509513
0.00159615
-0.000805772
-0.0251498
0.0100864
-0.00532125
-0.00363415
0.00246157
0.00104295
-0.0216465
-0.0286097
0.0173324
-0.00689373
0.00177335
-0.0205381
0.0197621
0.0281454
0.00517278
-0.00353152
0.0118551
0.0119457
0.00124589
0.0394336
0.00348326
0.00323492
0.0158608
-0.000901913
0.00367266
0.00896947
-0.0368415
0.0201797
0.0332499
0.0399654
-0.022576
0.0185218
0.0221971
-0.0052966
0.0170553
0.0129644
0.016399
0.019851
0.0346514
0.00151343
0
0
0
0
0
0
0
0
0
0.0158115
0.0038134
0.00233728
0.00254799
0.0010594
0.0192975
-0.00241666
0.00232866
-0.0202108
0.0120042
0.0258521
-0.0204749
-0.0129851
-0.00515844
0.00161498
0.0227152
-0.00297122
-0.000638484
-0.0228541
0.0752761
-0.0190454
-0.0194709
-0.0334328
0.0128934
-0.0127076
-0.0168496
0.00579631
-0.011259
-0.0266776
0.00483539
-0.00805697
-0.0150254
-0.00628846
-0.0175153
0.0286284
0.0379321
-0.0197217
0.00189921
-0.00167137
0.000236377
0.0126229
-0.00913875
0.00726425
-0.00456251
0.00523247
0.0076776
-0.0231906
0.0221453
-0.0142879
0.0143933
0.00608155
0.0128938
0.0321978
-0.00780048
-0.00266353
-0.0188872
-0.0182344
-0.0176332
