# 1 157 (number of hyperplane, dimensionality of hyperplane)
# 0 (added bias feature? 0:no 1:yes)
-0.00150392
-0.0013496
0.000345468
-0.000602257
-0.00160084
1.6702e-05
1.9925e-05
0
0
0
0
0
0
0
0
0
0
0
0
0
-0.000370301
-0.000768923
-0.000532171
-0.000747322
-0.000637296
-0.000351143
-0.000779683
0.000258547
-0.00199837
-0.00268547
0.000147915
-0.000622543
0.0015919
0.00230103
0.00204474
0.000965406
0.00272149
0.000798422
-0.00162504
-0.00172954
-0.000451981
0.00468745
0.000829886
-0.000140021
0.000140109
0.003888
0.00502657
-0.00071657
-0.00121077
-0.00113983
0.00333567
0.00212998
-0.000898943
-0.00232158
-0.00359845
0.0019509
0.000793754
0.00123272
0.00114012
0.000711437
0.00154181
0.000302683
0.00156374
0.00107446
0.00218057
-0.000663577
0.0031439
0.00130044
0.00238629
0.00366589
0.00241675
0.000613053
0.00114669
0.00166285
0.000290185
0.00415189
0.00289517
0.00400215
0.0025068
-0.000943442
-0.00235501
-0.000288534
-0.001471
-0.000633917
3.97982e-05
5.44757e-05
2.41652e-05
1.8654e-05
4.99979e-06
0
0
0
0
0
0
0
0
0
0
-0.000156158
2.05926e-06
8.02892e-05
0.00011088
9.83395e-05
0.000623482
-0.000130696
-0.000668879
-0.00102273
-0.00188073
-0.00120468
-0.00103892
0.000590761
0.000491898
-0.00114758
0.000969409
0.00255373
0.0017647
0.00179892
0.00177596
-2.98626e-05
-0.000907471
0.00126926
0.000729731
0.0010746
-0.00143384
-0.000208758
0.00119084
0.000916802
0.00167113
-0.00115645
-0.00125601
0.000251285
-0.00068496
-0.00124349
-0.00154024
-0.000694997
0.0017289
0.000634744
1.24815e-05
0.00131171
-0.00156775
-0.0019593
-0.00042272
0.000274934
0.00107706
-0.000274703
0.00130754
0.000736517
-0.000809386
0.000455518
0.00151728
0.000206056
-0.00139014
-0.00380215
0.00330198
0.00169419
0.00361019
