# 1 157 (number of hyperplane, dimensionality of hyperplane)
# 0 (added bias feature? 0:no 1:yes)
0.0011189
0.000722174
0.00021275
0.000423416
7.38341e-05
-8.01892e-06
-3.19314e-05
3.48668e-06
1.32459e-05
1.17243e-05
6.45634e-07
1.05651e-06
1.77548e-06
5.94289e-07
0
0
0
0
0
0
5.27137e-05
-9.5893e-07
-2.08614e-05
-4.61452e-05
0
0.000987836
0.000856903
0.000451919
0.000161242
2.8e-05
0.0012134
0.00125474
0.000926982
0.00118438
0.000115902
0.000838599
0.0010502
0.000595296
0.000757279
0.000256512
0.000750375
0.000660252
0.000876295
0.00107416
0.000271219
0.000316608
0.000693219
0.001353
0.000966422
0.000275488
0.000567466
0.000811327
0.000600397
0.00111109
0.000164601
0.00148403
0.00101766
0.00112721
0.000860097
0.000128675
0.00118101
0.00154949
0.00174329
0.00184621
0.000625438
0.000577162
0.00120124
0.000215752
0.00094528
0.00105696
0.000935943
0.000478517
0.000377182
0.000411449
0.000526953
0.000897389
0.000710713
0.000661979
0.00236063
0.000227347
0.000259956
6.07267e-05
-0.000119497
0
6.38962e-05
3.07399e-05
1.21248e-05
6.48158e-06
0
0
0
0
0
0
0
0
0
0
0
0.000110974
9.87909e-05
1.68996e-05
1.47282e-05
0
0.000240553
0.000175037
1.37254e-05
0.000158751
1.4e-05
0.000430426
0.00022045
0.000267696
0.000303692
3.06733e-06
0.000220212
0.000263305
0.000182565
0.000224977
1.95657e-05
1.00736e-05
0.000242571
0.000213951
3.82238e-05
-1.18036e-05
-6.09464e-05
8.16803e-06
0.000133191
0.000124416
1.57312e-05
9.6541e-05
0.00013618
0.000171304
0.000246047
1.61789e-05
0.000519961
0.000402573
0.00024594
0.000117977
1.82843e-07
0.000386938
0.000442614
0.000407771
0.000368627
0.000252582
0.000139577
0.000310451
0.000679222
0.000546381
0.000603791
0.000610528
9.99337e-05
9.22135e-05
0.000159371
2.61359e-05
2.25031e-06
0.000985974
0.00101536
