# 1 157 (number of hyperplane, dimensionality of hyperplane)
# 0 (added bias feature? 0:no 1:yes)
0.00115211
-0.00165531
-0.0123124
-3.91184e-05
-0.000237613
-0.00332927
0.000481905
0.00193312
-0.000412159
5.0797e-05
-0.011297
0.0027659
-5.94925e-05
-0.00201122
-0.000510531
-0.00891478
0.00709279
-0.00203861
-0.0020024
0.00125134
-0.0130356
-0.00053691
0.00876368
0.00895169
0.000476497
0.00724259
-0.00598845
-0.0035563
-0.0116456
-0.00253969
0.0122787
0.01421
-0.0101765
0.00485599
0.008438
-0.0024544
0.00872913
0.00108038
0.00741096
0.02096
0.00362288
0.00136466
-0.0129982
0.0114009
0.0124978
-0.00354187
-0.00534025
-0.0156439
0.0161708
0.00934406
-9.57179e-05
0.00607647
0.0171427
0.00175643
0.00294913
0.00227813
-0.00621328
-0.00789941
0.00411097
0.0064177
0.00758412
0.00378535
0.00914084
0.0114344
0.0012321
0.00659886
0.0035604
0.0179659
0.00994982
0.000571215
-0.000447948
0.00286498
0.000324632
0.00665883
0.00857341
0.0123178
-0.00774048
-0.0129117
0.0179701
-0.00109916
0.00246827
0.0020524
-0.00228179
0.00195843
5.6011e-07
0.00323443
-0.000814625
-0.000790168
0
0.00232314
0.00111765
0.000290345
0
0
-0.0100306
-0.000482812
-0.00028505
-0.00969275
-0.00824521
0.00610105
0.00907957
0.00340123
0.00293013
0
0.000980091
0.0024583
-0.012498
-0.00523389
-0.00935768
0.00826526
0.0105586
-0.0181102
0.00486698
-0.00859178
0.00539917
0.0132511
-0.0093432
0.000702132
0.00292729
0.015642
0.0197087
0.00469228
0.00727256
0.0160936
-0.00327073
0.00489587
0.0209081
-0.00824974
0.0175273
-0.000489936
0.00436644
0.0173706
-0.00834532
-0.00240384
0.0014221
-0.00134877
-3.80497e-05
-0.00363011
0.00881096
0.00258268
-0.00751595
-0.00575379
0.00787352
-0.0018953
0.00465199
0.00148198
0.00714761
0.00169007
-0.00555022
0.00973968
-0.00180449
-0.00417822
0.00313431
0.00322445
-0.0125405
-0.0145566
0.00620651
