# 1 157 (number of hyperplane, dimensionality of hyperplane)
# 0 (added bias feature? 0:no 1:yes)
0.000635828
0.000365562
0.000159141
9.15775e-05
0.000144436
7.65685e-07
-2.8955e-06
-1.53252e-05
-2.51825e-05
-5.51736e-05
0
0
0
0
0
0
0
0
0
0
2.87651e-05
1.32319e-05
2.92254e-06
6.61471e-07
0
0.000837391
0.000465822
0.000275342
0.000209983
4.55621e-05
0.000885945
0.000688216
0.000625475
0.000771334
0.000527625
0.0003889
0.00118157
0.000885084
0.0008677
0.000378009
0.000630079
0.00196542
0.00103232
0.000822629
0.00054929
0.000705672
0.00187917
0.00101634
0.000707528
0.000359899
0.000551965
0.00110411
0.000941862
0.000828283
0.000285804
0.00082352
0.000799472
0.00060467
0.00079564
0.00034398
0.00072292
0.00116137
0.00144441
0.00160233
0.000306535
0.000432565
0.000863521
0.000149768
0.000948251
0.00087638
0.00077413
0.000756063
0.000715831
0.000660762
0.000629263
0.00090763
0.0008629
0.000757901
0.00216267
0.000312642
0.000175257
9.0701e-05
7.59045e-05
7.92574e-05
6.80467e-06
4.18754e-06
4.18973e-06
7.71919e-06
1.10347e-05
0
0
0
0
0
0
0
0
0
0
6.60304e-06
9.15357e-06
3.92678e-06
2.62296e-06
0
0.000348578
0.000182218
7.70455e-05
9.86712e-05
3.34006e-05
0.000272598
0.000164843
0.000121883
0.000114719
4.60635e-05
0.000145846
0.000276151
0.000120141
7.55682e-05
1.12258e-05
0.00014674
0.00021443
7.18059e-05
7.86805e-05
3.82473e-05
4.81013e-05
0.000241031
4.86462e-05
4.90517e-05
6.35259e-07
0.000127648
0.000319766
0.000275121
0.000201077
0.000120292
0.000323712
0.000229875
0.000155571
0.000226744
0.000111177
0.000188575
0.000242118
0.000263895
0.000263495
0.000130519
6.03127e-05
0.000168803
0.000876846
0.000546173
0.000553536
0.000527571
9.86453e-05
8.42184e-05
9.44314e-05
7.3931e-05
0.000306918
0.000305106
0.000415929
