# 1 157 (number of hyperplane, dimensionality of hyperplane)
# 0 (added bias feature? 0:no 1:yes)
0.000985005
-0.000120389
-7.84916e-06
-0.000785635
-0.00097984
0.000126111
6.50187e-05
6.44252e-05
9.78498e-05
0.000116361
0
0
0
0
0
-0.000337361
-0.000175912
-0.000132308
-0.000161248
-0.000215002
-3.5287e-05
1.58755e-05
5.35174e-05
1.3885e-05
-3.61466e-05
0.00152949
0.00180983
0.000463575
0.00011722
-8.91324e-05
0.00155026
-0.000282113
0.000351319
0.000390556
-0.00114202
0.000796155
0.00182601
0.00111759
0.00286938
0.000243909
0.00254472
0.00438636
-0.000494335
0.00145639
0.000156477
0.00244499
0.00607988
0.00221753
0.00268946
0.00147731
0.000925341
0.00152864
0.00127746
0.00563188
0.000848183
0.000316491
0.000423832
0.00070455
0.000474715
-0.000311519
-0.000351886
0.00343495
0.00533091
0.00730544
1.37674e-05
-0.000379863
0.00105457
0.00296823
0.00611279
0.00713473
0.00620104
0.00120453
0.001432
0.00219406
0.00199184
-0.0031021
-0.00441335
-0.0060689
0.00533345
7.23713e-05
-0.000279673
-0.000427607
-9.59984e-05
0.000219972
-7.87757e-06
0
0
0
0
0
0
0
0
0
1.00474e-05
2.71271e-05
2.04031e-05
2.48658e-05
3.3155e-05
-0.00011485
-6.58408e-05
-5.11442e-05
-5.81301e-05
-8.33447e-05
0.000249426
1.18618e-05
-0.000192307
0.000402859
7.21795e-05
8.09213e-05
-0.000997093
-0.000541604
0.000679842
0.000161244
0.000167814
0.00056258
0.000870814
0.000428491
0.000213723
-0.000179669
0.00021058
0.000595496
0.000533668
0.000813574
-3.00685e-05
0.000504043
0.000906159
0.000312999
0.000778703
0.000146599
0.000424218
0.000488998
0.000644434
0.000703954
0.000591468
0.000568054
0.000858065
0.000266608
0.000228828
0.000766197
0.00096384
0.00110436
0.00140333
-8.65698e-07
0.00079687
6.28072e-05
0.00482416
0.00265153
0.00246698
0.00208035
0.000999345
0.000564517
0.000284269
-0.000501265
0.00314887
0.00208225
0.00405159
