# 1 157 (number of hyperplane, dimensionality of hyperplane)
# 0 (added bias feature? 0:no 1:yes)
0.00035087
0.000333368
0.000184706
0.000383852
5.09816e-05
-0.000123771
-6.62808e-05
-7.63314e-05
-4.32294e-05
-4.93378e-05
-2.18983e-05
-1.20697e-05
-2.37582e-06
0
0
2.79725e-06
0
0
0
0
-9.06433e-05
-5.60705e-05
-3.13754e-05
2.51352e-05
5.37992e-05
0.000383396
0.000641171
0.000292899
0.000301858
0.000172704
0.00029016
0.000615893
0.000379579
0.000462456
0.000294404
0.000211318
0.000708136
0.000569971
0.000581936
1.16057e-05
0.000379002
0.000568659
0.000483554
0.00109768
0.000260424
0.000394089
0.000599039
0.000689949
0.000623389
-2.28283e-05
0.000219816
0.000418972
-5.88016e-05
0.000367029
0.000192438
0.000360142
0.000266341
8.98587e-05
0.000470989
-6.34195e-05
0.000182233
0.000117453
0.000367276
0.000696557
0.000141849
4.19527e-05
0.000382472
0.000443421
0.00136344
0.00135292
0.00137424
0.000632477
0.000515003
0.000303456
0.000472197
0.000306151
-0.000332083
-0.00020395
0.00107298
-0.000141015
7.80823e-05
4.2569e-05
0.000172001
7.0468e-05
5.27715e-06
-1.32419e-06
-1.08145e-05
6.60551e-06
2.44063e-06
-1.82577e-05
-1.49384e-05
-6.39018e-06
0
0
0
0
0
0
0
-8.38272e-05
-4.82548e-05
-6.04627e-05
-6.33942e-05
-0.000190263
-2.93012e-05
-0.000176194
-0.000156203
0.000114389
-0.000201939
3.21446e-05
0.000100333
0.000121591
0.000216592
-0.000147484
4.63076e-05
0.000126447
0.000105716
-0.000292498
-0.000227438
0.000330545
0.000265101
0.000169482
0.000137363
7.78147e-05
0.000166042
0.000224288
0.000159644
0.000420461
0.000108642
-9.34461e-05
0.00012578
0.000217224
0.000236061
-1.25289e-05
0.000105541
-0.000101481
8.42241e-05
0.000238257
1.43789e-05
1.75379e-05
-6.46473e-05
3.76849e-05
8.86706e-05
-0.000148898
0.000172903
-0.000121695
0.000609719
0.000367565
0.000387933
0.000376653
8.95696e-05
6.20486e-05
8.36027e-05
-0.000164564
0.000255731
0.000539256
6.39605e-05
