# 1 157 (number of hyperplane, dimensionality of hyperplane)
# 0 (added bias feature? 0:no 1:yes)
0.00062167
0.000897553
-0.000193781
0.00106827
0.0041418
-0.00973532
0.00294297
0.00256042
0.00021034
0
0.000849814
0.000979343
0.00067852
0.000582712
4.81027e-05
0.00150336
0.00176318
0.00185923
0.0010772
0.000602555
-0.00201817
0.00526585
0.00403512
0.000103182
0.00032681
-0.00019893
0.000555229
0.000564865
-0.00515296
0.00118369
-2.28739e-05
-0.00016424
0.000362872
-0.000255776
0.0012913
-0.00205118
7.51071e-05
0.000788594
-8.10651e-05
-0.00145748
0.00284112
-0.000551434
0.00127238
0.000914513
-0.00306005
0.00138379
0.000177744
0.00105283
0.000662158
-0.00179245
-0.00154727
-0.000625391
7.48012e-05
0.000674677
-0.004012
-0.00030781
0.000365943
0.000250939
-0.000263631
-0.000187146
-0.000718276
-0.000453729
-0.000551191
0.00107704
-0.00136908
0.000676092
-0.000383421
0.000280792
0.000428694
0.00099271
0.000486415
-0.000418338
0.000355626
-0.00152069
-0.00192069
0.000218803
6.69155e-05
-0.000375352
0.00113298
0.000434221
0.000640207
-0.000963535
0.002011
0.00301916
-0.00826676
0.00214401
0.00258152
-0.00419033
-0.00526654
0.00104147
0.00129475
0.000769373
0.00024664
2.03601e-05
-0.00206558
0.00306682
0.00222836
0.00269337
0.000983056
-0.00174616
0.00404564
0.00440603
0.00075644
0.000278118
-0.000532194
-0.000196557
0.00109147
-0.00524067
0.0013798
-0.000556864
-0.000353581
0.000671331
-0.00026608
0.00144827
-0.00213875
-0.000672638
-0.000498483
0.00106908
-0.00272805
0.00231946
-0.000801623
-0.00108835
0.00334634
-0.00351975
0.00237742
0.000114359
-0.00139275
0.00248403
-0.00121484
-0.00193073
-0.000640532
-0.000938105
0.00102982
-0.00449701
-0.000464478
-0.000364038
0.000254355
0.000702673
-0.000292767
-0.000861423
-0.000534726
-0.000357803
0.00197921
-0.00175893
0.000932382
-0.00100414
0.00161452
0.000331745
0.00123798
-0.0012814
-0.0007883
0.000142571
-0.00188744
-0.00238618
-0.000541854
-0.00103511
-0.00105052
