# 1 157 (number of hyperplane, dimensionality of hyperplane)
# 0 (added bias feature? 0:no 1:yes)
0.000226431
0.000408366
0.000156955
8.58881e-05
8.42332e-05
-3.49774e-05
-1.37055e-05
-1.26096e-05
-2.03505e-05
0
8.88879e-06
1.09092e-05
2.49995e-05
0
0
-3.19989e-05
-1.8182e-05
-2.46149e-05
0
0
1.44728e-05
6.01797e-06
-4.31811e-05
-1.53653e-05
8.83747e-07
0.000282475
0.000342851
0.000174632
0.000122961
2.32838e-05
0.000672578
0.000491469
0.000163092
0.000418555
-0.00010529
0.000450271
0.000846149
0.000535217
0.000665401
3.55019e-05
0.000302612
0.00131711
0.000783534
0.000863461
0.000219814
9.01924e-05
0.00107057
0.000940993
0.000676918
0.000387008
0.000675936
0.00107301
0.00074449
0.000569986
0.000584899
0.000823735
0.000575492
0.000539352
0.000593965
0.000210614
0.00013557
0.000479131
0.000722986
0.00111064
5.3695e-05
8.50561e-05
0.000234757
9.74018e-05
0.000459469
0.000409941
0.000397187
0.000278632
0.000307872
0.000294608
0.000365402
0.000624492
0.000404088
0.000515802
0.00133373
0.00029098
0.000223563
0.000126629
8.35675e-05
3.98818e-05
8.92597e-06
3.6364e-06
6.5219e-06
7.01751e-07
0
0
0
0
0
0
0
0
0
0
0
2.00241e-05
6.36392e-06
1.06819e-05
4.87358e-06
2.27352e-07
0.000339668
0.000177338
6.2194e-05
1.69727e-05
6.13858e-07
-4.51045e-05
7.31749e-05
0.000172821
0.000172622
1.09098e-05
0.000204363
-8.03675e-05
7.62069e-05
4.97842e-05
1.10293e-05
7.44731e-05
0.000205077
8.697e-05
1.97495e-05
-0.00033658
0.000171273
0.000158584
6.52278e-05
4.53199e-05
5.41532e-05
0.000108758
-4.41155e-05
0.000171594
0.000151917
9.04117e-07
1.62114e-05
0.000134588
0.000186698
0.000129438
6.62099e-05
0.000224817
0.000343893
0.000358923
0.000311567
0.000126164
0.000102487
0.000311781
0.000293133
0.000166175
6.05475e-06
7.59733e-05
0.000110469
8.3564e-05
0.000107587
8.95647e-05
0.000415472
0.000336205
-2.67028e-05
