# 1 157 (number of hyperplane, dimensionality of hyperplane)
# 0 (added bias feature? 0:no 1:yes)
-0.000974348
-1.64858e-05
0.0035237
0.00271405
5.66401e-05
0.0013912
0.00169781
-0.00104223
-0.000503511
0
-0.000176876
0.000867114
-0.000141775
-0.00122795
0
-0.000129692
-0.000918374
-0.000436557
0.000434863
0
0.00076489
-0.00130129
-0.00293364
-0.000218087
0
-0.000467991
0.00134708
0.00284415
0.0022537
2.57733e-05
0.000568662
0.0019035
0.0005372
0.000664294
0.000438483
-0.000246967
0.00326369
0.00100856
-0.000791693
0.000518789
-0.00237478
-0.000340201
0.000605955
-0.00103108
-0.000105019
-0.00203346
-0.00112138
0.000504011
0.00237493
-5.6785e-05
-0.00359094
0.00285793
0.00477542
-0.000465656
0.000190763
0.00208381
-0.00161472
0.00317031
0.00118663
0.000478853
0.000901494
0.00278409
0.00260835
0.000751635
0.000821969
8.26147e-05
0.000740798
0.000402789
0.00416076
0.00375781
0.00273448
0.00355742
-0.00412712
0.000784373
-0.000477851
0.0051437
0.00502201
0.00584965
0.00512883
0.000242663
0.000753392
0.00155964
0.00143736
2.73813e-06
-0.000357605
-0.000603579
-0.00225226
-0.000324459
0
-3.82459e-07
-0.000313429
-0.00128078
-0.000974015
0
-0.000347355
-0.00125427
-0.0002914
5.11114e-05
0
-0.000114005
-0.0018583
-0.000796828
0.000150814
0
-0.00124055
-0.000193532
0.000946971
0.00157357
0
0.00161949
0.000469204
-0.001349
-5.84048e-05
0.000132317
0.000714254
0.00303096
0.00153907
0.000735132
7.12738e-05
-0.000449752
4.83583e-05
-0.00411664
0.00207978
-8.64398e-06
-7.89563e-05
-0.00234438
0.000979243
0.00260732
-5.82155e-05
-0.00116869
-0.00101933
0.000196102
0.00382856
5.73411e-06
0.00119461
-0.000425064
-0.00327002
0.00273844
4.91876e-05
0.000658908
-0.00261312
0.000346752
0.000350454
-0.000739269
0.00145251
-0.0025302
0.00470949
0.000687491
-0.00049834
0.00290036
0.000680252
-0.00314078
0.00225688
-0.00246214
0.00274528
-0.00424258
0.00204001
