# 1 157 (number of hyperplane, dimensionality of hyperplane)
# 0 (added bias feature? 0:no 1:yes)
0.000629257
0.000484102
0.000267918
0.000134715
1.84647e-05
-1.19706e-05
-1.34411e-05
-5.0963e-05
6.88791e-06
0
-4.30843e-05
-3.61606e-05
-8.2973e-05
0
0
1.99993e-05
1.18183e-05
1.28202e-05
4.23075e-06
0
6.82734e-05
2.81152e-06
1.8922e-05
3.45402e-05
0
0.00075633
0.000334397
0.000138556
0.000161792
2.46807e-05
0.000891307
0.00113772
0.00101528
0.00147442
0.000250848
0.000756776
0.0019523
0.000932153
0.00125734
0.000382007
0.000313268
0.00100656
0.00145236
0.00216953
0.000133242
0.000297717
0.000984532
0.00163564
0.00157047
-2.66842e-05
0.000806097
0.00177401
0.00115422
0.00117424
0.000558184
0.000829779
0.00135431
0.00143991
0.00126814
0.00018421
0.000875896
0.00107781
0.00138915
0.0017486
0.000392644
0.000502031
0.000890458
0.000273916
0.000874383
0.000860189
0.000760527
0.00037435
0.00039688
0.000564983
0.00060626
0.00100082
0.0010594
0.00138426
0.00219648
0.000264153
0.00013336
7.32662e-05
3.84552e-05
2.55592e-06
4.59956e-05
2.74547e-05
5.84965e-05
9.9539e-06
0
2.41957e-05
1.97968e-05
3.90604e-05
3.18185e-06
0
1.06663e-05
6.36369e-06
6.6665e-06
4.61533e-06
0
6.46427e-05
2.69349e-05
1.57937e-05
4.65423e-06
0
0.000300458
0.00013035
8.50797e-05
3.30884e-05
0
0.000233792
0.000132275
0.000150368
0.000181161
3.03552e-07
0.000180605
0.000175359
0.000179498
0.000172305
2.39609e-06
9.84191e-05
0.000110953
0.00021327
0.000175604
1.91836e-05
6.90333e-05
0.000116061
0.000223009
0.000189363
-1.04311e-05
9.00387e-05
0.000147559
0.000168394
0.000200473
3.63752e-06
0.000295423
0.000188912
0.000150951
0.000185417
8.39287e-06
0.000339179
0.000434952
0.000470584
0.000472266
0.000224626
0.000119005
0.000353471
0.000723815
0.00073877
0.00072933
0.000700785
0.000136774
0.000125195
0.00014211
0.000121123
0.000761753
0.000645017
0.000504015
