# 1 157 (number of hyperplane, dimensionality of hyperplane)
# 0 (added bias feature? 0:no 1:yes)
-0.00308018
0.00342498
-0.00173125
0.0028991
0.00341562
-0.00314042
0.00202578
-0.00279147
-0.00854952
-0.000540204
0.00217375
0.0137234
0.00840737
-0.000656428
0
-0.00129823
0.00617674
0.00620658
-0.00303171
0
-0.00215417
0.000548419
-0.000389845
-0.00502801
0.000986
0.00253935
0.00421791
0.00167586
-0.00329893
0.00251747
0.000917898
-0.00253022
0.00366612
-0.00164247
0.00750266
0.000970585
-0.00296286
0.00486028
-0.00260235
0.00122349
0.000656525
0.00675415
0.00561067
0.00376339
0.0051732
-0.00184693
0.0020951
0.00371151
-1.43275e-05
-0.00114295
-0.0017074
-9.78063e-05
0.00238738
-0.0023547
0.00210615
-0.000718974
0.00248562
0.00201623
-0.00259926
0.00941033
0.00174734
-0.00166932
0.00298119
-3.15458e-05
0.00229125
-0.000565045
0.00159741
0.00829206
0.00861364
0.00486034
0.00890238
-0.000157237
0.000224414
0.00193742
-0.00239068
0.00104507
-0.000967084
0.00370989
0.00347175
-0.00348604
-0.00300984
-0.00179484
0.00194896
-0.000683821
-0.00082079
-0.00589972
-0.00224875
-0.00993294
0.000111642
0.00436649
0.00799033
0.00805799
0.0021502
0
0.000843289
0.00504141
0.00468918
0.00108871
0
-0.00165368
0.00199438
-0.00241871
0.00103188
1.82852e-05
0.00289762
0.00202305
0.00175014
-0.00604087
-0.00325398
-0.00399348
0.000217878
-6.47215e-05
-0.00311211
0.00179767
9.48184e-05
-0.00428696
0.000775604
-0.00299804
-4.61471e-05
-0.00119196
0.00737036
0.000488516
0.00499674
0.00307353
0.00540947
0.000941604
-0.000544114
0.000959751
0.000530571
0.00338176
-0.000797798
-0.00299056
0.000643144
0.00261943
0.00286899
0.000914998
-0.00199385
-0.000603024
0.00593606
-0.00086158
0.00209219
-0.00174422
0.000635703
0.000400405
-0.00131102
-5.33281e-07
-0.00130681
0.00229165
0.00264058
0.00425035
-0.00161969
0.00104315
-0.000554992
-0.00476412
0.00604863
0.00346054
-0.000642385
