# 1 157 (number of hyperplane, dimensionality of hyperplane)
# 0 (added bias feature? 0:no 1:yes)
-0.0109767
0.0123299
-0.0012376
-0.00562522
-0.00204666
0.0119659
0.0437539
0.0268556
0.0489734
0.00335584
0.0178559
-0.00152694
0.0787856
0.00887083
-0.0316129
0.00515392
0.0134987
0.0101406
0.00497339
0.0408111
-0.0135826
0.0264366
0.0588864
-0.0295717
-0.0231861
0.000834629
0.00300392
-0.000391359
-0.00553396
0.00355679
-0.00800403
0.00825362
0.0028504
-0.00421595
-0.00145241
0.0146279
0.00314024
0.00219825
0.00355757
0.0056853
0.00461775
0.00736657
0.00165005
-0.00611779
0.0745341
0.00346573
-0.0040376
-0.00423824
0.0054269
-0.0237588
-0.00326207
-0.0075347
-0.00749121
0.00595875
-0.00714703
0.000219402
0.0013278
-0.00940636
0.00584862
0.0180499
0.00571379
0.000918901
0.00845918
-0.00120883
-0.00326715
0.00932993
0.0130741
0.0764161
0.0306984
0.0147283
-0.00719456
-0.00200068
-0.00149509
-0.0021321
0.000397655
0.0294435
0.00451425
-0.0151657
0.0211099
-0.00131557
0.00988851
0.0053211
-0.0222515
-0.00069435
-0.0182124
0.0776482
0.0754104
0.0249989
0.000411437
0.0217324
-0.0137375
0.00603732
0.0204647
0.00238838
0.0162546
0.0138401
-0.0123228
-0.0070653
0.0512534
0.0105384
0.00794549
0.0137888
-0.0203512
-0.00705393
-0.0074406
-0.00224396
-0.0184592
-0.00729522
-0.00584259
-0.0109921
0.0107936
-0.017648
-0.0187804
0.00631823
0.00209822
0.00722682
-0.0041128
-0.0192737
-0.0110458
0.0072465
0.0124629
0.0138898
-0.0230102
0.0784051
0.00991929
0.00701441
0.00240558
-0.0323448
-0.0091596
0.00275604
-0.000100616
-0.0038002
-0.0192047
0.00854074
0.00616791
-0.000629026
0.00509428
-0.0190144
0.00826009
0.00333631
-0.00815578
0.00459412
-0.00265248
-0.00646858
0.0101859
-0.00190935
0.0244766
0.024223
0.00952205
0.00194789
-0.00755755
-0.00490216
-0.00349885
-0.00725302
-0.000768354
-0.016301
-0.00289554
