# 1 157 (number of hyperplane, dimensionality of hyperplane)
# 0 (added bias feature? 0:no 1:yes)
0.000478204
-0.00235025
-0.000497485
0.00434331
0.00371986
0.000346278
-6.05963e-05
-9.36865e-05
-0.00027797
-0.000987191
-0.000565854
-0.00184285
-0.0014602
-0.00186899
-0.00306879
-0.000850978
-0.00127258
-0.000957184
-0.000987069
-0.00233308
-0.00127712
0.000669134
0.000549026
0.000707642
0.000881381
-0.00489227
-0.00249056
0.00251867
0.00300327
0.00471093
0.00292912
0.00477178
-0.0017199
0.00445017
0.00186745
8.10232e-05
0.00530759
0.0069818
-0.00195128
0.00134662
-0.00568901
-0.00337217
-0.000656247
-0.000666567
-0.00499799
-0.0061463
-0.00265544
0.000407351
0.00150064
-0.0030375
0.00524001
-0.000129473
0.00526148
-0.000627552
-0.00118126
0.00657191
0.00366483
-0.000150577
0.000631821
0.00414273
0.00332745
-0.000985082
-0.000710937
0.000919244
0.00553918
-0.00229767
0.00466668
0.00204175
0.00398709
0.00528589
0.00600122
0.00315597
0.00314637
0.0033652
0.00362814
-0.00126494
-0.00167217
0.00300465
0.00800992
-0.00253604
0.000798157
0.00189039
0.000750023
0.000371321
-0.000841947
0.000905387
0.000345057
-3.54187e-07
-0.00015651
0.000966837
0.000320367
0.000277359
0.00030702
0.000587345
0.00102765
0.000498673
0.00027456
0.000260068
0.00061471
-0.00113132
-0.000223368
-0.00041514
-0.000857691
-0.00180511
-0.00183761
-0.00214224
-0.000134162
2.47771e-05
-0.00274333
0.00215437
0.00262284
0.0017065
0.000924387
-0.000520462
0.00261752
0.00179456
0.00123363
0.000678473
0.00213073
0.000265959
0.000555112
0.000772669
0.0014704
-0.000978514
0.000691738
0.0017245
0.000395135
0.000294772
-0.00077857
0.000986237
-0.00125862
-0.000119847
-0.0011018
-0.00130672
0.00143827
0.00278111
0.00183463
0.00070154
0.000693105
-0.000913896
-0.00104949
-0.00295029
-0.00352733
-0.000967575
5.57657e-05
0.0019777
0.000547168
0.00105072
0.0013435
0.00175878
0.000906726
0.00152538
0.00170326
0.00180174
-0.000875316
0.00125713
0.00077281
