# 1 157 (number of hyperplane, dimensionality of hyperplane)
# 0 (added bias feature? 0:no 1:yes)
-0.00507046
-0.0014054
0.00945446
0.00743283
-0.0111746
0.0258534
-0.0144016
-0.0321529
0.0984622
-0.0492486
0.00960702
0.0181158
0.00664192
0.00771842
0.000637154
-0.0126532
0.0207048
0.0186966
0.0476612
-0.075202
-0.04005
-0.00443613
0.00641076
-0.0498507
-0.0365042
-0.00121487
0.00288814
0.00529867
-0.000258108
-0.0129246
-0.000735174
-0.00681429
0.00435952
-0.000409897
0.0052771
0.0154279
0.00126221
-0.000967366
0.00123354
-0.0190773
0.00509046
0.00145715
-0.0153984
-0.00585225
0.0157362
-0.00685571
0.0117384
0.00980291
-0.00833573
0.000918736
0.00672433
-0.00232829
-0.00740799
0.00747294
0.0423476
0.00403267
0.000700586
0.00385603
-0.00555757
0.0121443
0.00554307
-0.00718041
0.00851299
0.00531888
-0.00238965
0.00824097
0.00476896
0.0294572
-0.00561818
0.0146825
0.0171714
0.0135537
0.00118753
-0.000214933
0.0049364
0.02437
-0.018325
-0.000926057
0.0164786
0.00827592
-0.0198967
0.00119838
0.0136665
-0.00789519
0.0351719
0.0351917
0.0163992
0.0439089
0
0.000707936
0.0432215
0.00539382
0
0
0.00248885
0.0305719
0.0289352
0.0323832
0
-0.033993
-0.00477549
-0.0286421
-0.0401603
-0.0533281
-0.00812807
0.00686434
-0.000750056
-0.0015825
-0.0181426
0.000768579
-0.00403917
0.00135908
-0.0170882
0.00288678
-0.00511474
-0.00364366
-0.00121896
-0.00249553
-0.0127377
-0.0105224
0.0128733
-0.0201814
-0.00767942
0.0140132
-0.00430712
0.0252252
-0.0021669
-0.0160192
-0.00772671
-0.0047879
0.00212129
-0.0225488
0.0073598
0.0570419
0.00319087
-0.0191969
0.00153101
0.00149039
0.0134854
-0.000712696
0.0115965
-0.00550214
-0.00884496
-0.00818378
0.0077614
-2.11612e-05
0.00783542
-0.000806237
0.0201637
-0.000603865
0.00728338
0.0112971
-0.00687088
0.0011702
-0.00524421
0.0123349
-0.0102084
