# 1 157 (number of hyperplane, dimensionality of hyperplane)
# 0 (added bias feature? 0:no 1:yes)
0.00079351
-0.000271628
-0.000531929
-0.00216525
-0.00246868
0.00105171
0.000781111
0.000748842
0.000904316
0.00138086
0
0
0
0
0
0
0
0
0
0
0.000738952
0.000261934
0.000212502
0.000191744
1.31914e-05
3.22065e-05
0.00193524
-0.00195501
0.00230179
-0.00113288
0.000162035
0.0052359
-0.00300772
-0.000385694
-0.00737676
0.00382155
-0.00817741
0.0061954
0.000665426
-0.0013201
0.00499403
0.00158143
-0.00635752
0.00477098
0.00148426
0.00584817
0.00166018
-0.000749458
0.00416263
0.000524121
0.00564572
-0.00332684
0.0077195
-0.000826127
-0.00583154
0.00162893
0.00617933
0.00254481
0.00108597
-8.82967e-05
-0.000781189
0.00429482
0.00536998
0.00526197
-0.00209234
0.0013621
0.00376554
0.000673196
0.000712706
-0.000965859
0.00288213
0.00270928
0.00263724
0.00638033
0.00125083
0.00299351
0.00256705
0.00210684
0.00611328
0.00211772
0.001622
0.000867974
0.00126288
0.000103796
-0.000520667
-0.000274743
2.64178e-05
2.84254e-06
0
0
0
0
0
0
0
0
0
0
0
-0.00015424
-0.000151986
-8.79743e-05
5.46256e-06
0.000303141
0.00138252
0.000731584
-5.23497e-05
0.000372726
0.000542389
-0.00159553
0.000759425
0.000733602
1.97786e-05
-0.00163119
0.00230275
9.8874e-05
-0.00183176
-0.00226761
-0.00443755
0.0013757
-0.000695982
-0.000164258
-0.000731295
-0.00203278
0.000211606
0.00226229
-3.09492e-05
-7.15669e-06
0.000633952
0.000553976
0.00170694
0.00175384
0.00171328
0.00285526
0.00253084
0.00242073
0.00125582
0.00259739
0.00301935
0.000876995
0.00107236
0.00120017
0.00118571
0.000321174
0.00057742
0.000778578
0.000568293
0.000160038
0.000556492
-0.00117499
-0.00101716
0.000519402
-0.0028066
-0.00366528
0.000883749
0.00366089
0.00285289
