# 1 157 (number of hyperplane, dimensionality of hyperplane)
# 0 (added bias feature? 0:no 1:yes)
0.000178983
-2.45666e-05
0.000126397
0.000341263
4.873e-05
-0.00024167
-6.15767e-05
-1.85879e-05
-1.05233e-05
2.06138e-05
-7.39773e-05
-0.000123363
-7.87114e-05
-3.49472e-05
1.11076e-06
3.15611e-05
0.000138023
-3.70866e-05
-3.83806e-05
4.8912e-05
-0.000225551
-0.000149547
9.32842e-06
-0.000260117
4.52879e-06
0.000532658
3.95601e-05
0.000310303
0.000348844
0.000159833
0.000820808
0.000766935
0.00135014
0.00177375
0.000588617
0.00130529
0.00101912
0.00145314
0.00126172
0.000452116
0.00148039
0.00244038
0.00138646
0.00174047
0.000710007
0.00147711
0.00169828
0.00153916
0.00216868
0.00103939
0.00134042
0.00128899
0.000628215
0.00066124
0.000316928
0.000439718
0.000765893
0.00148071
0.0012596
0.00047119
0.00151574
0.00220097
0.00349572
0.00457484
0.00108712
0.000445273
0.00113031
0.000708699
0.00274988
0.00242543
0.00216645
0.00168646
0.00167626
0.00142764
0.00152563
0.00135148
0.00126809
0.001362
0.00431874
0.000572814
0.000281007
0.000172896
-1.74242e-05
5.2478e-06
0.000151465
8.01092e-05
4.91649e-05
1.20969e-05
0
3.60407e-05
3.95258e-05
2.71731e-05
1.48216e-05
0
8.03478e-05
0.000112887
0.000104989
5.70893e-05
0
8.74798e-05
5.90333e-05
-1.47248e-05
5.04799e-05
3.0192e-06
0.000433355
0.000234155
6.71375e-05
0.000123561
-0.000246216
0.000751176
0.000332151
0.000250107
0.000547205
-0.0001835
0.000216254
0.000578522
0.000394921
0.000295721
8.52723e-05
0.00020139
0.000351026
3.0961e-05
-0.000283747
-0.000321502
0.000162703
0.000475659
0.000358461
0.000545168
9.9288e-05
0.000488166
0.000647022
0.000539207
0.000647916
7.4027e-05
0.000728047
0.000424157
0.000417401
0.000441975
-4.38602e-05
0.000587428
0.000936749
0.000929216
0.000665451
0.000478736
0.000112916
0.000733623
0.00109933
0.0010113
0.00114425
0.000975228
0.000593732
0.000237066
0.000795305
0.000435903
0.00129834
0.000431478
0.000906166
