# 1 157 (number of hyperplane, dimensionality of hyperplane)
# 0 (added bias feature? 0:no 1:yes)
0.00309084
0.00744868
-0.00227841
-0.00105999
-0.0159767
-0.0682497
0.100511
-0.117085
-0.000519781
0.139294
0.0524527
0.0151454
0.00568609
0.000516922
0
0.0768807
0.0509311
0.00515844
0.00668266
0
0.231799
-0.152358
-0.0453414
-0.0432902
0.0542719
0.00834628
-0.0114508
0.00926185
0.000841263
0.00388652
-0.00150718
0.0181305
0.00219101
-0.000960567
-0.0131367
0.0124368
0.0104114
0.00683442
-0.00250326
0.00370955
-0.00278867
0.00914551
0.00200896
-0.0133325
0.00721335
0.00317626
-0.0210123
-0.00433732
0.0254272
-0.0270153
0.0132113
0.00533019
0.00228204
0.0163472
-0.0247927
-0.0023394
-0.00601324
-0.00244299
-0.00230005
0.0176488
-0.00210268
0.0396301
-0.0329535
0.00780414
0.00164096
-0.00388912
-0.0084421
0.0156421
0.0187167
0.00668492
-0.00351064
0.00421717
-0.0061678
0.022555
-0.0113253
0.0110031
0.00685684
0.00410061
0.0474607
0.00472279
-0.010063
0.00575561
-0.0211108
0.0125516
0.0435187
0.0466551
0.0255916
0.0309802
0.0318958
0.0327889
0.00894259
0
0
0
0.0765309
0.046363
0
0
0
0.0580829
0.00652912
0.000236919
0
0
-0.0255874
-0.020946
-0.0172073
0.00888003
-0.0032795
-0.0214177
-0.0185379
-0.0116761
0.000908112
0.0026733
0.00281065
-0.0256222
0.0113895
-0.00307985
-0.00034723
-0.0156947
0.0100968
-0.0194407
-0.00264924
-0.00732117
-0.0132041
-0.0299812
0.0138045
-0.0318294
0.022892
-0.0142357
-0.0093565
0.0220073
0.0412935
-0.0317973
-0.0214161
0.0040142
0.00607607
-0.0193841
0.0190687
-0.00273681
-0.00187836
-0.0163792
-0.0014867
-0.0127421
0.0103941
0.0171377
-0.0265569
-0.0138824
0.00988794
-0.000394386
0.00860261
0.00782402
0.0140851
-0.0180265
-0.0115404
0.00654493
0.0199593
