# 1 157 (number of hyperplane, dimensionality of hyperplane)
# 0 (added bias feature? 0:no 1:yes)
-0.00599285
0.00720286
-0.0232423
0.0217904
-0.0469329
-0.0206693
-0.0713195
0.148918
0.0232107
-0.018885
-0.0278733
0.0459272
-0.0392429
0.05788
0
0.0295293
-0.0159457
-0.0656108
-0.0931617
-0.0212692
0.063694
-0.0289327
-0.0132572
-0.132593
-0.0278829
0.00636836
-0.0124844
0.00538979
-0.00551353
0.0285524
0.0136657
0.0166353
0.00962625
0.00449385
-0.0710421
0.00451146
0.010161
0.00828094
-0.00500902
-0.0132937
-0.00146577
0.0138108
0.00518517
-0.00445256
0.00579789
0.0130416
0.00476661
0.00340843
0.0139337
0.0327623
7.77029e-05
-0.00552542
-0.00166072
-0.00140688
-0.0229593
-0.0119224
0.0519393
0.000709337
-0.00826346
-0.0197077
0.00385426
-0.00421751
0.00589973
0.0002968
0.0133487
-0.00986335
0.0141401
0.0571097
0.0300122
0.0333348
0.0322534
0.00587357
-0.00532527
-0.0067915
0.000895884
0.0367255
-0.0198442
0.0179906
0.00153052
0.0220159
-0.00163772
-0.00839654
-0.000139202
-0.00171386
0.0224286
0.0197631
0.0745941
0.041088
0
-0.013225
0.0367504
0.0298562
0.0116326
0
0.00636367
0.0265183
-0.0416429
-0.0992062
-0.00876033
0.075506
-0.0613428
-0.000855187
-0.115603
0.0148649
0.00959594
0.00983916
0.00253697
-0.0103791
0.00566513
0.0144095
0.012051
0.0037122
-0.00883261
-0.00512402
-0.0172524
0.0196987
0.0421384
-0.0311834
0.0134649
0.00198207
0.0583212
-0.0117311
-0.0186281
0.00894721
0.0108632
0.00521881
-0.0109923
0.00544179
0.0228014
0.0208832
-0.0104466
-0.0207884
0.00106249
0.035665
0.0114688
0.0561479
-0.0231283
-0.00412553
0.0162243
0.00317334
0.0230779
-0.0247298
-0.00628706
-0.0068413
0.0104038
0.0015538
0.0452099
0.00592726
0.0111441
0.0133191
-0.00608003
-0.00798288
0.00386079
0.0127549
0.0161409
-0.00933318
-0.0136087
