# 1 157 (number of hyperplane, dimensionality of hyperplane)
# 0 (added bias feature? 0:no 1:yes)
-2.48927e-06
1.11264e-05
1.07502e-06
1.67625e-06
1.70628e-05
3.25545e-05
1.82459e-05
2.76294e-05
1.84964e-05
7.93677e-06
2.23947e-06
1.16244e-06
2.62455e-06
1.54724e-08
0
1.79677e-05
5.51378e-06
6.33932e-06
1.0414e-06
4.1454e-07
3.05497e-05
-9.96599e-07
-4.74038e-06
-2.98803e-07
-5.74898e-07
-1.09782e-06
7.0495e-06
-9.05217e-06
6.00071e-06
-1.81822e-05
1.61016e-06
1.0823e-06
-1.07376e-05
-1.02223e-06
-1.06402e-05
-8.42466e-06
2.6777e-06
4.01978e-06
3.42285e-06
-1.74987e-05
0.000108722
6.31467e-06
-1.66056e-07
1.0222e-05
3.31887e-06
6.52473e-05
2.1361e-06
4.57618e-06
2.6185e-05
-2.78876e-06
-5.28533e-07
-1.44225e-06
2.68057e-08
1.10118e-05
-6.94843e-06
-4.16004e-06
-2.92192e-06
-5.41289e-06
-7.99313e-06
-7.63112e-06
3.55759e-06
-1.7059e-05
1.83619e-05
-8.21388e-06
4.34072e-06
-8.13558e-07
3.23268e-06
3.86591e-05
-4.37506e-06
-7.84785e-06
-2.10859e-10
1.28237e-06
1.92517e-07
3.76908e-06
-1.60613e-07
8.14482e-06
1.13171e-05
-1.2624e-05
2.86046e-05
-2.22686e-05
1.38966e-05
1.02439e-05
7.97739e-06
-1.39582e-05
1.94914e-05
1.31381e-05
1.10716e-05
1.32726e-05
7.50419e-06
8.98669e-07
5.11551e-07
1.19832e-06
0
0
1.42052e-05
1.11869e-06
1.51449e-06
0
0
6.60752e-06
-5.69968e-06
-4.44689e-06
-1.12165e-05
-3.79518e-06
-1.64645e-05
-5.4851e-06
-1.23272e-05
8.1012e-06
3.28878e-06
-2.26934e-05
-7.52926e-06
3.53097e-06
5.58296e-06
1.21978e-05
-1.02665e-05
-2.39675e-06
-7.45572e-06
-2.29905e-06
1.67218e-05
0.000104757
-1.12796e-05
-1.96451e-05
1.50283e-05
-1.14187e-05
6.26313e-05
-2.28608e-05
-7.43978e-06
3.2261e-05
-5.95561e-06
2.28963e-06
-1.37727e-06
2.74405e-07
-7.19626e-06
-1.96749e-05
-1.36762e-05
6.52247e-06
2.71423e-06
9.59147e-07
-1.20504e-05
-3.57962e-06
2.60129e-05
8.50254e-06
-1.34023e-05
1.02955e-05
-1.44143e-05
-1.95367e-05
6.4141e-07
-6.18347e-07
6.66619e-07
-7.54167e-06
-4.98356e-06
-1.68966e-05
1.11174e-05
-1.60732e-06
-1.27795e-05
-8.34427e-06
2.75968e-06
