# 1 157 (number of hyperplane, dimensionality of hyperplane)
# 0 (added bias feature? 0:no 1:yes)
0.000116819
0.00116134
0.00199485
0.0016749
0.000197504
9.55482e-05
0.000395176
-0.000412484
-0.000682098
0
0.00033726
0.000693527
0.000805024
0.000158909
0
0.000315419
9.44888e-05
8.37043e-05
7.5647e-05
0
-0.000305497
0.000144821
-0.000567004
0.000131047
0
0.000139387
0.00136165
0.00179366
0.00146568
3.51141e-05
0.000530744
0.00121878
0.00135712
0.00154741
0.000615146
-0.000119725
0.00123423
0.000210011
0.000763263
0.000215907
-0.000492938
-0.000839642
-0.000150077
-0.00068049
2.40343e-05
-2.50229e-05
-0.000543597
0.0004027
0.00183557
0.00031347
-0.00068937
0.00103684
0.0030705
0.000169755
0.000207239
0.000854913
-5.08501e-05
0.00196976
0.00187654
0.000521696
0.00202771
0.00141717
0.00185308
0.00151708
0.000984401
0.00108385
-6.01335e-05
0.000776703
0.00207902
0.00255153
0.0015951
0.00138594
-0.00148386
0.00149845
0.000996713
0.00350921
0.00326232
0.00330847
0.00414518
0.000150591
0.000289244
0.000458848
0.000664161
8.2058e-06
-0.000540757
-0.000791895
-0.00197377
-0.000549276
0
-1.70648e-05
1.70611e-05
-0.000436855
-0.000311631
0
1.0813e-05
-0.000162368
-2.56363e-05
-7.9226e-06
0
-3.35298e-05
-0.000738919
-0.000165294
4.45463e-05
0
-0.000353712
-0.000604681
4.12756e-05
0.000619382
2.6699e-05
0.000349229
5.73089e-05
0.000410358
0.00110734
0.000156504
0.000453205
0.00139498
0.000917137
0.000863793
3.76815e-05
0.000511343
-0.000162157
-0.000886987
0.00114023
1.59192e-05
-0.000103423
-0.00138085
0.000805154
0.00139802
5.27058e-05
-5.80585e-06
-0.000718252
-0.000504699
0.00133395
2.46398e-05
0.000474024
-0.000232443
-0.000293302
0.00116718
1.30956e-05
0.000676001
-0.00176436
-0.000474646
0.000754841
-0.000750573
0.00148201
-0.00177475
0.00363911
0.000337058
9.75408e-05
0.00126902
0.000830779
-0.000416809
0.00116062
-0.000702964
0.00176034
-2.90044e-05
0.00241405
