# 1 157 (number of hyperplane, dimensionality of hyperplane)
# 0 (added bias feature? 0:no 1:yes)
0.00361274
-0.00425033
0.0019366
0.00812613
-0.00494857
0.000432434
-0.00106485
0.000122901
0.0012395
0
0.00123867
0.00103007
0.000876329
0.000250063
0
0.000597595
0.000592519
2.12485e-05
1.59364e-05
0
0.00196591
-0.000897148
-0.00128733
-0.0020674
0
0.00345203
0.0075904
-0.00325918
-0.00232151
-0.00311499
0.00070372
-0.00112539
-0.000844911
-0.00602773
-0.00167694
-0.00435934
0.0073221
0.00721543
0.00502113
-0.00121354
0.0139467
0.00221287
0.00371373
0.00572021
0.00681331
0.0141666
0.000501172
-0.00128078
0.00185962
0.0063718
-0.00298537
0.00752899
-0.00223449
-0.00816379
0.00174265
0.00188942
-3.33118e-05
0.00064265
-0.0104092
-0.00393415
-0.000559697
0.00416486
0.00252405
0.00181828
0.00172328
-0.00237169
0.00532499
0.00459033
0.0111045
0.00858669
0.00484032
0.00702467
0.00334142
0.00349712
-0.00532231
0.0097762
0.012836
0.0108536
0.00793565
-0.000550973
-0.0108805
-0.00325207
-0.00491254
0.00415083
0.000435482
-0.00131164
-0.00180982
-0.000687134
0
0.000121678
8.29638e-05
0.000101398
0.000190814
0
0.0026678
0.000757942
0.000769594
0.000577199
0
-0.000493161
3.89758e-05
0.000778224
0.00110275
0
-0.00242843
-0.00159298
0.00164584
0.00254521
0.00110934
-0.00233568
-0.00167987
0.00165142
0.00467528
0.00202656
0.00631982
0.0018292
-0.00168826
0.000540979
0.00199598
0.00890794
0.000738733
0.00733204
0.00413084
0.00181806
-0.00301501
0.00405082
0.00512786
-0.000811122
-0.00103125
0.00409205
-0.00586099
-0.00600032
0.00581421
0.000948428
-0.000914508
-0.00924896
-0.00155653
-0.00557937
0.00232232
0.00233515
0.000527178
-0.00193983
-0.0035869
-0.000985215
0.00344939
0.000604136
0.0130046
0.00115394
0.00414982
0.0052372
0.00836004
-5.75105e-05
0.00577497
-0.00361985
0.0114801
0.00547788
-0.00527259
