# 1 157 (number of hyperplane, dimensionality of hyperplane)
# 0 (added bias feature? 0:no 1:yes)
0.000240013
6.37393e-05
2.30383e-05
-0.000139701
2.62852e-05
-7.49682e-05
-6.33418e-06
5.57163e-06
3.48307e-06
0
-6.54281e-05
-4.98967e-05
-2.34247e-05
-5.45473e-06
0
-0.000124568
-5.82844e-05
-2.07339e-05
-2.84963e-05
0
-0.000108943
-6.32396e-05
-3.99927e-05
-5.00387e-05
0
0.000430433
0.000151135
0.000119789
4.87676e-05
2.55002e-05
0.00057837
0.000760519
0.000315841
0.000577426
9.02144e-05
0.000295731
0.000743672
0.000879301
0.000674276
0.000149849
0.000227645
0.000237818
0.00106464
0.000805306
0.000334622
0.000147018
0.000300112
0.00129933
0.000788991
0.000267083
0.000326348
0.000529967
0.000693545
0.000648104
0.000166974
0.000663871
0.00042955
0.000281497
0.000412136
7.29636e-05
0.000317711
0.000518502
0.0005001
0.000590826
0.000183254
0.000139682
0.000391396
0.000120498
0.000950556
0.000877545
0.000799475
0.000438607
0.00037869
0.000301629
0.000225259
0.00064972
0.000333279
0.000380039
0.000973794
8.09e-05
-0.000128309
-1.36964e-05
-4.93208e-05
0
1.85566e-05
-2.14597e-05
-2.66899e-05
-4.06771e-05
0
2.07821e-05
1.60948e-05
8.34566e-06
3.18185e-06
0
8.57336e-06
1.01021e-05
-8.04856e-07
-3.65042e-05
0
8.85418e-05
2.05815e-05
2.96221e-05
3.84592e-05
0
0.000327182
0.000155942
9.30673e-05
0.00011873
1.05002e-05
-5.69543e-05
-1.0353e-05
0.000236394
0.000272582
3.50694e-05
8.25242e-05
7.3203e-05
-0.000248964
4.8463e-05
3.15539e-05
-8.33654e-05
8.75838e-05
0.000165282
-0.000132279
3.74752e-05
-8.27197e-05
6.56965e-05
0.00023798
-3.42819e-05
0.000132647
0.000260217
0.00038857
7.97735e-05
0.000142687
4.07191e-05
-0.000163587
-0.000485634
-3.45428e-05
0.000282301
4.62966e-05
0.000271649
0.000164729
3.96425e-05
-5.11757e-05
0.000172861
0.000102627
0.000286237
0.000609803
0.000262149
0.000181059
0.000311671
0.000373773
0.000294068
0.000196702
-8.65779e-05
0.0005467
0.000381738
-0.000117562
