# 1 157 (number of hyperplane, dimensionality of hyperplane)
# 0 (added bias feature? 0:no 1:yes)
0.000329698
0.00043852
0.000372171
0.000410271
0.000218703
-0.000238593
-7.44704e-05
-9.16654e-06
1.40041e-06
0
1.59123e-05
2.785e-05
2.38727e-05
2.7273e-06
0
-4.42568e-05
-6.41865e-05
-2.95147e-05
-0.00011495
-2.10606e-05
-9.06505e-05
-0.000100175
-4.35457e-05
-9.92259e-05
-2.73203e-05
0.000501551
0.000374935
0.000319118
0.00023215
0.000179421
0.00074517
0.000943351
0.000713997
0.00119736
0.000486299
0.000667548
0.000891454
0.000680017
0.000815113
0.000374171
0.00102911
0.000536473
0.000555164
0.000385463
0.000277689
0.000796306
0.000676835
0.000742023
0.000497718
0.000522806
0.000729339
0.000686205
0.000679886
0.00139141
0.000445039
0.000838531
0.00086476
0.000815474
0.0012199
0.00020619
0.000634367
0.00126196
0.00188855
0.00233726
0.000345578
0.000300011
0.000841276
0.000481315
0.00104542
0.00128661
0.000913312
0.000469383
0.000498961
0.000583833
0.000552102
-0.000538284
-0.000617891
-0.000693746
0.00220234
0.000362304
0.000217695
0.000105986
8.66035e-05
6.15244e-05
3.1025e-05
-5.37542e-06
-4.25134e-05
-8.24734e-05
3.60635e-06
1.86526e-06
3.96791e-06
2.23828e-06
0
0
2.97654e-05
3.7724e-05
2.54124e-05
3.1447e-05
7.06063e-06
8.88575e-05
6.91123e-05
-6.967e-06
2.58913e-05
1.82773e-05
0.000251259
0.000169676
9.54279e-05
0.00012115
4.22859e-05
0.000183163
6.88797e-05
0.000161002
0.00013435
-2.34324e-05
0.000115765
0.000229861
0.000144371
9.59689e-05
-2.49835e-05
0.000264816
0.000389851
0.000143907
0.00024215
0.000119194
0.000202059
0.000161902
6.94077e-05
0.000106376
0.000133354
0.000297634
0.000203656
0.000169174
0.000103308
7.0589e-05
0.000214563
0.000213755
9.70424e-05
8.91948e-05
6.87591e-05
0.000320715
0.000598613
0.000675009
0.00064917
0.000115283
0.000213415
0.000338467
0.000878272
0.000423266
0.000269926
0.000504247
9.97696e-05
0.000145114
7.28292e-05
1.01701e-05
0.000509722
0.000450198
0.000511391
