# 1 157 (number of hyperplane, dimensionality of hyperplane)
# 0 (added bias feature? 0:no 1:yes)
0.000940471
-0.000296975
-0.000524958
-0.0021065
-0.00242015
0.00106014
0.000786485
0.000738981
0.00090492
0.00138183
0
0
0
0
0
0
0
0
0
0
0.000722863
0.000246637
0.000198679
0.000175881
0
-0.000135104
0.00197349
-0.00192088
0.00222721
-0.00121156
-0.000220498
0.00515464
-0.00295051
-7.5583e-05
-0.00722259
0.00382559
-0.0082332
0.00624249
0.000610781
-0.00123364
0.00531574
0.00160134
-0.00642991
0.00472681
0.00157943
0.00602702
0.00161488
-0.000797461
0.00415946
0.000423261
0.00576448
-0.00365117
0.00766217
-0.000955442
-0.00589062
0.00166435
0.00614961
0.0026797
0.0011568
-0.000194037
-0.000706448
0.0042541
0.00525928
0.00517285
-0.00204004
0.00138541
0.00383646
0.000762621
0.000771146
-0.000796996
0.00293445
0.0027263
0.00253589
0.00623104
0.00118185
0.00283545
0.00249339
0.0021881
0.00618518
0.00220267
0.00170739
0.000972491
0.00132241
0.000247449
-0.000509851
-0.000267653
3.82721e-05
4.11805e-06
0
0
0
0
0
0
0
0
0
0
0
-0.00012758
-0.00013391
-7.16753e-05
2.40949e-05
0.000318431
0.00136345
0.000688325
-6.91512e-05
0.000427497
0.000573179
-0.00151113
0.000769042
0.000580636
0.000188919
-0.00162462
0.00224856
0.000142619
-0.00192898
-0.0023074
-0.00449665
0.00135517
-0.000643157
-8.81252e-05
-0.000708846
-0.0020322
0.000187086
0.00223269
-2.89782e-05
-2.25429e-06
0.000573065
0.000496976
0.001642
0.00167068
0.00170246
0.0028224
0.00251928
0.00248203
0.001217
0.00250963
0.0030254
0.000826527
0.00100007
0.00113379
0.00109417
0.000298312
0.000548741
0.000794293
0.000739089
0.000164268
0.000495345
-0.00117729
-0.00112041
0.000665673
-0.00274506
-0.00375723
0.000936898
0.00339068
0.00293498
