# 1 157 (number of hyperplane, dimensionality of hyperplane)
# 0 (added bias feature? 0:no 1:yes)
-0.00125063
0.00397743
0.00256795
-0.010582
0.0178883
0.0105184
-0.00014106
-0.0145436
-0.122615
0.37309
-0.108278
0.0380495
0.0373081
0.173633
0.0338089
-0.112929
0.165848
-0.145258
-0.0315368
0.202103
-0.0104362
-0.0275765
0.0481919
0.236411
2.93466e-05
0.000530675
-0.0055981
0.0134048
-0.0146103
0.17542
0.00691212
0.00364071
-0.0024645
0.00274136
-0.0173378
0.00422673
0.00210684
-0.000196861
-0.00326663
0.014972
0.000527731
-0.00115353
0.00160294
-0.000559885
0.00827331
0.00204393
-0.00738576
-0.000345924
-0.0003086
-0.00590292
-7.43396e-05
-0.00710966
0.00144317
0.00333832
-0.044986
-0.000165383
-0.00159226
-0.000406153
-0.001859
0.00943547
0.00289795
-0.00465238
0.00375043
-0.00124219
0.00411963
-0.00126915
0.00331931
0.0031531
0.00192391
0.000806947
0.00188764
0.00174791
-0.00212902
-0.00074332
0.00420933
-0.00261939
0.000229018
0.00403477
0.0253368
-0.00369095
-0.00318083
-0.0160648
-0.023014
-0.000406543
-0.00268078
-0.00020971
-0.0322418
-0.12699
0.293782
-0.0988551
0.022261
0.00672226
0.240253
0
-0.129635
0.161748
-0.159803
-0.0371639
0.106937
-0.00694966
-0.0362577
0.0409165
0.151462
0.125873
0.00881167
-0.0193048
-0.00283232
-0.0252779
0.140524
-0.00631
-0.00207551
-0.0144378
-0.0163266
-0.0331984
-0.00692909
-0.00951269
-0.0124076
-0.0191708
-0.00962171
-0.0106096
-0.00787694
-0.00611268
-0.0175291
-0.00895429
-0.000657615
-0.00921852
-0.012507
-0.0177054
-0.0204667
-0.00772574
-0.00934965
0.00142646
-0.0230645
-0.0488828
-0.00461868
-0.012378
-0.00208235
-0.0216684
0.00686789
0.0065341
-0.00236075
0.00654151
-0.00646793
0.00263876
0.00404671
-0.00182779
0.000488099
-0.00482272
0.000763956
0.00477563
0.00163984
-0.00497005
-0.000251535
0.000291963
0.000473041
-0.00355872
0.0046044
