# 1 157 (number of hyperplane, dimensionality of hyperplane)
# 0 (added bias feature? 0:no 1:yes)
-0.00619284
0.00650432
0.00528564
0.0190266
0.0163282
-0.00405397
-0.000408342
0.00826629
0.00683484
0
0.0035193
0.0141381
0.00978386
0.00295489
0
0.00807617
-0.00631439
-0.00773402
-0.00469531
-0.0026088
0.00973738
0.00591714
-0.00146598
-0.00957833
0.00102586
0.00356799
-0.0119488
0.00116278
0.00917469
0.0129876
-0.00390366
0.00982029
0.00458833
0.00888439
-0.00309901
0.0123914
0.00797954
-0.000389972
0.00897664
0.0103658
-0.0242956
-0.00137643
0.00903076
-0.0069626
0.0280417
-0.000390465
-0.00338209
-0.00545928
-0.000647952
0.0071715
0.010844
-0.00937944
0.00122374
0.0098671
0.00330369
0.00054326
-0.000351748
-0.00593477
0.0361112
-0.0311895
0.0183773
0.00935967
-0.00178195
-0.00575634
0.0194467
-0.00111093
-0.0146003
0.00904905
-0.0183817
-0.00525388
0.022218
-0.00810524
0.0108945
-0.00181152
0.00352269
0.0128173
-0.00661138
-0.00368134
0.00412106
-6.48994e-05
0.00119472
0.0094835
0.00891243
0.00531591
0.00698904
0.00218851
0.00174518
0.0053664
0
0.000830238
0.00723142
0.00624948
0.00404613
0
0.00289954
-0.00563478
-0.00630873
0.000481589
-0.00123409
0.00987965
0.00346053
0.000374688
-0.00770878
0.000264154
0.000441614
-0.00109834
-0.000531648
-0.00603077
0.000462668
-0.00601415
0.00811168
0.000479731
-0.00425271
-0.0258679
0.0130517
0.0108472
0.00171254
-0.0113511
-0.0136032
-0.0235826
0.00653986
0.00428168
-0.0111855
-0.00448208
-0.0121916
0.0098681
0.00977077
-0.00847626
0.00951971
0.00506329
-0.00268081
0.00890793
-0.00668391
0.00589824
0.000343525
0.001904
0.00426615
0.0174793
0.00221935
0.0173768
-0.00440032
0.00763192
-0.0134848
0.0137851
0.00373123
-0.00903039
0.0140133
-0.00452691
-0.00212077
0.00450925
3.63771e-05
-0.000257454
-0.000884536
0.00261752
-0.0013186
-0.000251056
0.0106943
