# 1 157 (number of hyperplane, dimensionality of hyperplane)
# 0 (added bias feature? 0:no 1:yes)
0.000700513
0.000395739
0.00010611
-0.000508359
0
0.000304864
0.000128183
-5.96976e-05
0.00014612
0
2.33922e-05
1.48862e-05
0
0
0
0
0
0
0
0
5.15766e-05
-0.000437929
-0.000624965
-3.1604e-05
0
0.00164232
0.000104691
0.000446426
8.14229e-05
0
0.00235355
0.00209265
0.00164039
-1.03043e-05
0.000141504
0.00174767
0.00181228
9.77241e-06
0.000507137
0.000219774
0.000485638
0.00183511
0.0014902
0.00141102
0.000890642
0.000132349
-0.00019494
0.000237477
0.00126699
0.00105132
0.00125571
0.000547526
0.000933694
0.00210316
0.000172315
0.00217068
0.00147536
0.000654233
0.000307739
0.000151357
0.0021671
0.00235063
0.00253386
0.0028474
0.00101486
0.00119702
0.00153762
0.000389402
0.00124198
0.00174003
0.000222751
0.00111268
0.000147468
0.00155831
0.00139344
0.00152106
0.00202249
0.00172861
0.00474221
0.000231367
3.76613e-05
0.000222228
0.000866288
0
0.000289499
9.08935e-05
3.22296e-05
0
0
7.79739e-06
0
0
0
0
0
0
0
0
0
0.000338514
-6.95742e-05
-0.000101699
0.000110051
0
0.000441168
0.000300387
0.000150206
0.000503174
2.33924e-06
0.000747786
0.000711062
0.000129936
6.0614e-05
3.53095e-06
0.000113091
-0.000723534
0.000140171
-0.000871717
-1.64541e-05
0.000769125
0.00151633
0.000256596
-0.000269102
-6.157e-05
0.000698807
-2.05991e-05
-0.00024544
0.000564999
-5.92393e-06
0.000507299
-0.000367089
0.00100689
0.000946334
3.59885e-06
0.000574905
0.000857177
0.000714839
0.00120733
2.21277e-05
0.000899749
0.000711856
-0.000290396
-0.00169651
0.00047568
0.000440548
0.00239451
0.00155907
0.000286146
0.00116131
0.00110779
0.000871965
0.000540949
0.00151403
0.00068281
0.000919507
-0.000106346
3.48843e-05
