# 1 157 (number of hyperplane, dimensionality of hyperplane)
# 0 (added bias feature? 0:no 1:yes)
0.00703777
-0.00775241
-0.00478602
0.0155798
-0.00972774
-0.00295359
-0.00904736
-0.014526
0.0609128
0.0116514
-0.0337222
-0.00542184
0.0491035
0.0187699
0
-0.0294791
0.0054261
-0.0434014
0.00778495
0.0261015
-0.00514031
0.0159771
-0.0462226
-0.00117559
0.00392732
-0.00816734
0.0200853
-0.0276394
0.0236978
-0.0101908
0.00082075
-0.000752242
0.00234696
0.00311183
-0.00294126
-0.00104679
0.0125126
-0.02091
0.0118726
0.0119138
-0.00819787
0.00531695
0.00841195
-0.00731341
-0.0019837
0.00720481
-0.0104887
-0.00655795
0.0118413
0.00123114
-0.00861848
0.00259104
-7.1284e-05
-0.00150077
0.00447471
0.00640341
-0.00618262
0.00111476
0.0177237
0.00968078
0.00281623
0.0131483
-0.00831654
0.00400829
0.00323924
-0.00043945
0.00223282
0.0178087
-0.00206444
0.0167862
0.00796132
-0.00118272
0.00773513
0.00512996
0.00142747
-0.00599782
-0.00856768
-0.00488451
0.00902418
-0.00525419
-0.00976695
0.000246373
0.0417367
0.00700432
-0.0207691
0.0062409
-0.0249186
0.0392299
0.0204946
-0.0209298
-0.00613163
0.0105989
0.00298185
2.55038e-05
0.00416385
-0.0459376
0.00586302
-0.0103153
-0.00481257
0.0484949
0.00142397
-0.0257199
-0.0325544
-0.0123786
-0.00152302
0.00526958
-0.00064212
0.00280432
-0.0136437
-0.00815143
0.00397419
0.00776657
-0.00766455
-0.0115783
0.00463808
0.000646062
-0.0121952
-0.00233338
0.0102113
0.0177973
0.00210582
0.00105496
-0.00642904
-0.00790087
0.0112341
-0.00471601
-0.0078776
0.0148071
-0.00919608
-0.00268274
-0.00444379
0.000381994
0.0246123
-0.0201737
0.00441849
-0.00641107
-0.00962237
0.0437457
-0.0104716
0.00408685
-0.00720528
0.00627155
-0.000834668
0.00186084
0.00231252
0.00885421
0.00026858
0.000715921
0.00643358
0.000948653
-0.00524392
0.00209481
0.0105376
-0.00750942
0.00885073
-0.0142659
-0.00164338
