# 1 157 (number of hyperplane, dimensionality of hyperplane)
# 0 (added bias feature? 0:no 1:yes)
0.00188354
0.00141082
0.00107136
0.000387665
0
5.96931e-05
-1.88773e-05
-0.000165383
1.11297e-05
0
-0.000211463
-0.000173019
-0.0004053
0
0
0
0
0
0
0
0.000155767
-0.00011253
1.16442e-05
2.47396e-05
0
0.000817584
-0.000461259
-0.000726338
0.000195384
1.39731e-05
-0.000463888
8.54607e-05
0.000590061
0.00347474
0.000877774
0.000661989
0.00378719
0.000394842
0.000814573
0.00113963
-0.000203664
0.00243629
0.000900137
0.00395099
-0.00120113
0.000106601
0.00243836
0.00174465
0.0020765
-0.00172828
0.000615171
0.00331041
-0.000412438
0.000914717
0.00210654
0.00208779
0.00188085
0.00180086
0.00158686
0.000497981
0.00331164
0.00204779
0.00251732
0.00332444
0.00163954
0.00173707
0.00203149
0.000161792
0.00220036
0.0019186
0.00164421
0.000387636
0.00097255
0.000492951
0.00055809
0.000358059
0.00055437
0.00227648
0.00566323
0.000874343
0.000327646
7.5878e-05
1.10091e-05
0
7.18755e-05
4.7917e-05
0.000143059
1.27471e-05
0
0
0
0
0
0
0
0
0
0
0
3.65661e-05
7.70928e-06
0
0
0
0.00148776
0.000800277
0.000807414
7.93853e-05
0
1.61791e-05
0.000203087
0.000520911
0.000502833
0
0.000138574
-6.12801e-05
0.000876289
0.00160875
0
0.000315569
0.000298406
0.000898615
0.000267813
0
1.59697e-05
-4.75183e-05
0.00043791
0.000315039
-0.000265558
-0.000267686
0.000915425
-0.000217629
0.000536047
0
0.00124698
0.000515917
-0.000746592
0.000368046
0
0.000156139
-0.000205754
-0.000240705
-0.000166983
0.000364644
-0.000216608
8.86694e-05
0.00177592
0.00192224
0.00192366
0.00153423
0.000100503
-0.000348622
-0.000184345
-0.00014807
0.00169611
0.00164591
0.0015457
