# 1 157 (number of hyperplane, dimensionality of hyperplane)
# 0 (added bias feature? 0:no 1:yes)
0.000402369
0.000768907
0.000423029
-0.0024102
-0.000981263
-0.000475897
-2.63686e-05
-9.5607e-05
-0.00027204
-0.000187622
-0.00071434
-8.18189e-05
-0.000183331
-0.000345459
0
-0.000374385
-0.000353179
-0.000317569
-0.00037502
-0.000269733
-0.00103248
-0.00109254
-0.000985518
-0.000430509
-0.000433426
0.00135703
0.000953531
0.00041994
0.000486727
0.000777971
0.00117475
-0.000351982
0.000477416
0.0013141
0.000246188
-0.000400446
0.000787446
0.00362176
0.00446293
0.00132031
0.00127612
0.00219244
0.00246477
0.00150364
0.000761176
0.000728089
0.00142081
0.00259134
0.00245699
-0.00120898
-0.00132314
0.00393649
0.0020752
0.00391997
-0.00110858
0.000369894
0.00102049
0.00157693
0.00294296
0.000776602
-8.01494e-05
0.00222395
0.00401068
0.00648994
-6.5261e-05
-1.5467e-05
0.00120498
0.00103829
0.00534514
0.00510712
0.00432005
0.000809879
0.00110333
0.00150201
0.00133016
0.000852969
0.000216913
-1.19917e-05
0.00483271
0.0001684
-0.000839814
-8.00384e-05
-2.41958e-05
-0.000540397
0.000201867
8.28595e-05
2.942e-06
0
0
0.000134702
0
0
0
0
-4.45906e-05
-7.95408e-05
6.28224e-05
6.28235e-05
4.2779e-05
0.000107478
6.68385e-05
0.000199308
0.000185133
0.000135929
0.00071159
0.00102189
0.000609233
0.000642312
0.00037495
0.000744549
-0.000617083
7.03627e-05
0.000460884
0.00101744
9.04735e-05
0.00118202
0.000930819
-0.000233022
-0.00102013
0.00137705
-0.000403231
0.000361566
0.000489518
0.000243759
0.000654314
-0.00169695
0.000662973
0.000198797
-0.000427149
0.000448925
0.00097476
0.00142013
0.000848131
-0.000319653
0.001743
-0.000704972
0.000323416
0.000291562
-0.000129339
0.0013308
0.00121752
0.00146611
0.00138464
0.000479546
0.000884331
0.000848141
0.000656688
0.00132693
3.91161e-05
2.06069e-05
-0.000469475
-9.93228e-06
0.000495547
-0.000359062
0.00309483
-0.000398447
-0.000243499
