# 1 157 (number of hyperplane, dimensionality of hyperplane)
# 0 (added bias feature? 0:no 1:yes)
-0.00632799
0.00638968
-0.0103553
-0.00861162
0.00152788
-0.00452577
-0.00180932
-0.00241441
-0.00112442
0
0.00154258
0.00153638
0.00358076
0
0
-0.00241323
-0.00137121
-0.00185636
0
0
0.000919533
0.000523087
-0.00201879
-0.000794284
0
0.000645703
-0.00772561
0.00921213
0.0033211
0.00309857
0.00350429
0.00601848
-0.0175553
-0.00714682
-0.0210338
0.00673999
-0.00688555
0.00110669
0.00559318
-0.0156079
0.000765622
0.0271677
0.00976927
0.00958323
-0.0188243
-0.00688455
0.00131442
0.0041293
0.00855831
-0.00421909
0.0121523
0.00852595
0.00198042
0.00873997
0.00420016
0.00949132
0.00386767
0.00148545
-0.00271828
0.00311381
0.0034964
-0.000463333
-0.00455682
0.0145231
0.0052357
-0.00180688
0.004467
0.000733552
0.00563041
-0.00217441
0.0076026
-0.000947356
-0.000926102
0.00138876
0.00101165
0.00911632
-0.00409208
0.00351522
0.0157703
5.01133e-05
0.00341282
0.00312979
0.00265163
0.000537592
9.79248e-05
0
0
0
0
0.000109785
0
0
0
0
0.000790437
0.000449131
0.000608037
0
0
5.62636e-05
3.68624e-05
8.90827e-05
3.50491e-05
0
0.00424543
0.0018323
0.00222846
-0.000961235
3.82921e-05
0.000179914
0.00353409
0.00291409
0.00629919
0.00212066
0.00631838
-0.00235468
-0.00286158
-0.00724438
-0.00369501
-0.00088363
0.00654808
0.00316299
0.00372812
-0.0149023
0.00264928
0.00475102
-0.00281902
0.00316457
-0.00142135
0.00303646
9.1766e-05
0.000370663
0.00806921
-0.00095914
0.00121536
-0.000468371
0.00165386
0.00206475
0.00179218
0.000110138
0.0050684
0.00299225
0.00431261
-0.000626572
0.000765338
0.00458474
0.000989985
-0.00244156
-0.00145336
-0.00388228
-0.00077509
-0.00325331
-5.46599e-05
-0.00390431
-0.00241407
-0.00430903
-0.00265311
