# 1 157 (number of hyperplane, dimensionality of hyperplane)
# 0 (added bias feature? 0:no 1:yes)
0.00406209
0.0163162
0.014368
0.0197289
-0.0244417
0.157829
0.0299948
0.0430361
0.0520943
0.102392
0
0
0
0
0
0.0282329
0.0185609
0.0244556
0.0258455
0.0216775
0.0253206
0.0369683
0.0159542
0.00251075
0
-0.019835
-0.0223913
0.0421456
-0.00105426
-0.0376229
0.0220172
0.00351014
-0.0130375
0.000582519
0.0543802
0.0300143
0.00206301
0.0419789
-0.00513081
0.0631854
-0.00720958
0.00212555
-0.0491724
-0.0272982
0.0196668
0.0224843
-0.0295964
0.0341049
-0.0140421
-0.00256629
-0.0371449
0.00765476
-0.00333435
-0.0255455
0.0203095
-0.00133081
-0.0253091
-0.0363505
0.0305546
-0.0339333
0.00612698
-0.0400563
0.0463658
0.0190861
0.00610548
2.2345e-05
0.0245624
0.0954687
0.0053196
0.0558519
-0.0106149
-0.00267517
0.0269854
-0.00795375
0.00348733
0.0481214
-0.0892182
0.0248816
0.114274
0.0748574
-0.0758916
0.0547146
0.0121081
-0.00667958
0.100041
0.0707948
0.0646363
0.0782461
0.0805586
0
0
0
0
0
0.0228173
0.00464469
0.00434255
0.00458934
0.00384925
0.129898
0.0538752
0.0716085
0.00256129
0
0.0706583
-0.0349669
-0.0232748
-0.0589844
0.0363121
0.0720138
-0.0529927
-0.0640156
-0.0362792
0.0547358
0.0518852
-0.0201878
-0.0660898
-0.0558974
0.173745
-0.0299104
-0.0411934
-0.1108
0.00718422
0.00286623
-0.0522516
-0.0107795
-0.0495637
-0.0286867
0.0135889
-0.0220571
-0.0462055
-0.0429818
-0.000449379
0.103332
0.0654027
-0.0594833
-0.0042928
-0.0109569
0.0203839
0.0063537
-0.0132013
0.0282538
-0.00604944
-0.0259161
0.0335238
-0.0305443
-0.0114025
-0.0277803
0.0190411
0.0256891
0.0208542
0.0582081
-0.01142
-0.00287455
-0.0322905
-0.0698048
-0.0464087
