# 1 157 (number of hyperplane, dimensionality of hyperplane)
# 0 (added bias feature? 0:no 1:yes)
-0.00448764
-0.00417854
0.00216322
0.0734874
0.22998
0.0277226
0.119912
0.00722364
0.329226
0
-0.133684
0.0901162
0.110867
0.0520367
0
0.143522
-0.200644
-0.165817
-0.21157
-0.0698607
0.477765
0.192567
-0.0979023
-0.275967
0.0741864
-0.00181084
-0.00165251
0.000172056
-0.0193179
0.147425
0.00107102
0.00282351
0.00769469
0.00232706
-0.0066863
0.0155715
0.00630929
0.00600104
0.00645209
0.0248822
-0.034889
-0.0105923
0.0122111
-0.0110925
0.287152
0.0105321
-0.0105728
0.0101743
0.00769157
0.0609859
0.00161369
-0.00823065
-0.00752347
0.00908123
-0.0388667
0.00486446
0.00110179
-0.0063041
0.0330301
-0.0601635
0.00810178
0.0206544
0.00178684
-0.0112449
0.00653037
0.00163246
-0.00741489
-0.00251609
-0.02996
-0.0289574
0.0540012
-0.0160171
0.0261964
0.00514162
0.00631856
0.00738437
0.00324875
-0.00162826
0.0403592
-0.0132392
-0.0145475
-0.0142354
0.0255167
0.195933
0.175504
0.103598
-0.0311353
0.216286
0
-0.132756
0.111365
0.0586689
0.0457971
0
0.13884
-0.242394
-0.152066
-0.245865
-0.155774
0.530637
0.0816215
-0.068862
-0.271998
0
-0.00827306
0.00502763
-0.0119409
-0.0766106
0.0856307
-0.0190389
0.018737
-0.017009
-0.0400486
-0.107831
0.0231348
0.0253775
-0.00389116
-0.075854
-0.0613915
-0.0492483
-0.000726712
-0.00798451
-0.0586839
0.0921681
-0.0281583
-0.00751212
-0.00790615
-0.0938869
0.533918
0.00158172
-0.00754955
-0.0163431
-0.0702442
0.0121632
-0.00920178
-0.0136276
-0.0299032
0.00553029
0.372794
0.0155256
-0.0325773
0.0463337
-0.0410784
-0.0109353
0.0274892
-0.002223
0.0620031
0.0268318
0.0345127
-0.0468779
0.00672295
0.0230229
-0.00560486
0.00348223
-0.00261036
-0.00619302
0.00605582
