# 1 157 (number of hyperplane, dimensionality of hyperplane)
# 0 (added bias feature? 0:no 1:yes)
-0.00412781
0.00392349
-0.00369602
-0.00601374
0.00398493
0.00131179
0.00121686
0.00135932
0.000773909
0.000370029
0
0
0
0
0
0
0
0
0
0
0.000722957
-6.82181e-05
-0.000447943
-0.000178438
0
0.00310575
0.0037132
-0.00862339
-0.00632597
0.0063698
-0.00513905
0.00155062
0.0107016
0.0075941
0.00533607
0.00293832
0.00187949
-0.00511673
-0.00797462
0.00621366
-0.000135076
-0.00353553
0.00137443
0.00986413
0.00704005
-0.00209029
-0.00125261
0.00444454
0.0126229
0.0102033
-0.00653016
1.04925e-06
-0.00339559
0.00225194
0.00229383
0.00119412
0.0026834
0.00178806
-0.0108477
0.00619895
0.00625153
0.000829642
0.0018625
0.00426998
0.011595
-0.00555113
0.0111394
0.0032742
0.00533927
0.000754682
-0.00585616
0.000247235
0.000928002
0.00545714
-0.00406424
0.00593834
0.00328802
-0.00677708
0.00842651
-0.000573735
-0.00608249
-0.0029014
-0.00012509
0.00159075
0.00176644
0.00028065
0.0001591
5.61721e-05
0
0
0
0
0
0
0
0
0
0
0
0.00283454
0.00116402
0.00166664
0.000393443
0
0.000899436
-0.000519144
-0.00084022
0.00220327
0.000841689
0.0016616
0.00430869
0.00386984
0.00495603
-0.00146538
0.00229542
0.00397562
0.00278823
-0.0023282
0.00185524
0.00228662
-0.00180636
0.0061355
0.0061357
-0.00059274
0.00425266
-0.00334123
0.000812463
-0.00224757
-0.000566877
6.80155e-05
0.0012447
-0.000505662
-0.00438257
-0.00378313
0.00041456
-0.00718114
-0.00299615
-0.00216135
0.0061178
0.00465593
0.00332167
0.000430141
0.000198866
0.00458845
7.01049e-05
0.0047662
0.00640034
0.000270454
0.00163268
0.00195659
0.00191579
0.0031336
0.00286923
-0.0050637
-0.00499012
0.00230472
-0.0136271
