# 1 157 (number of hyperplane, dimensionality of hyperplane)
# 0 (added bias feature? 0:no 1:yes)
0.000366139
0.000310271
7.43811e-05
0.000109444
-2.1352e-05
-2.12879e-05
1.27823e-05
-7.7279e-05
-6.51203e-05
-1.42769e-05
-3.63584e-05
9.78223e-06
-2.86962e-05
4.09095e-06
0
-3.72197e-05
-2.47589e-05
2.53131e-05
-6.97402e-06
2.55092e-06
-6.55082e-05
0.000119152
6.69665e-05
1.34769e-05
-6.28481e-06
0.000305261
0.000170428
0.000202295
0.000135306
-4.45928e-06
0.000183036
0.000568792
0.000602976
0.000461581
7.37027e-05
0.000290195
0.000617794
0.000309363
0.000132541
0.000129166
0.000280392
0.000949596
0.00038897
0.000420002
0.000207609
4.94439e-05
0.000655873
0.00043398
0.000628757
0.00025622
0.000131156
0.000511423
0.000296428
0.000403367
0.000251968
0.000233579
0.000221413
0.000429323
0.00029064
7.08417e-05
0.000396562
0.000296989
0.000753746
0.00135578
0.00016318
0.00024245
0.000113875
0.00037157
0.000939801
0.000906391
0.0011506
0.000453984
0.000346362
8.79208e-05
0.000153169
3.8922e-05
5.38376e-05
8.95546e-05
0.00139494
0.000206093
0.00010801
-3.87435e-05
4.863e-05
5.14845e-06
8.54318e-05
2.60118e-05
3.05501e-05
3.30037e-05
4.8383e-07
1.80505e-05
1.74852e-07
2.10885e-05
-5.02127e-07
0
2.56267e-05
4.93128e-06
3.05086e-05
-1.83463e-06
1.63678e-06
6.92791e-05
4.07125e-05
3.87037e-05
2.16484e-05
0
0.000331015
0.000238023
0.000235843
0.000115266
5.74036e-06
-2.48199e-05
9.58016e-05
7.29984e-05
2.86722e-05
-0.000101859
0.000198663
7.04437e-05
0.000286117
0.000116393
-6.28957e-05
5.73446e-05
0.000125075
0.000233661
-2.41893e-05
0.000148677
0.000107276
0.000253248
9.58079e-05
-2.19933e-05
-5.81075e-06
0.000159254
0.000311125
-0.000311893
0.000175891
3.1531e-05
0.0001794
0.000267116
-0.000210867
0.000153783
-5.5954e-06
0.000210199
8.58701e-05
0.00012772
0.00032666
0.000249371
-4.06945e-05
-0.000169013
0.000230079
1.72905e-05
-0.000278227
-0.000257459
8.26138e-05
-8.87989e-05
-0.000183451
-0.000451392
2.82624e-05
0.000434429
0.000443974
