# 1 157 (number of hyperplane, dimensionality of hyperplane)
# 0 (added bias feature? 0:no 1:yes)
-0.000515572
8.12471e-05
8.51997e-05
0.000257952
0.000136504
6.4372e-05
2.80052e-05
4.55591e-05
4.76508e-05
2.2492e-05
0
0
0
0
0
0
0
0
0
0
8.9015e-06
-9.20686e-05
-5.33706e-05
-5.81221e-05
-2.94732e-05
0.000932305
0.00104307
0.000451651
0.000521195
4.56864e-05
0.00173004
0.000311001
0.000590005
0.000891047
0.00040153
0.000510002
0.000777366
0.000887213
0.000917149
0.000305641
0.00134791
0.0013449
0.000306118
0.000120532
-0.000132358
0.000884635
0.00165038
0.000428158
0.000266849
9.67017e-05
0.000857918
0.00099205
0.00100759
0.00108753
0.000518953
-0.000502697
0.000450519
0.000712069
0.000818614
0.000249598
0.000644215
0.000842576
0.00105669
0.00126209
0.000572201
7.48125e-05
0.000673355
0.000284638
0.000275528
0.000313138
0.000356156
0.000220473
-2.69184e-05
0.000239144
0.000100979
-0.000378969
-0.000703081
0.00040018
0.00177434
0.000154883
-2.90301e-05
1.93052e-05
-3.11158e-06
-1.15809e-05
7.14691e-05
3.22975e-05
2.21759e-05
2.54042e-05
2.42186e-05
0
0
0
0
0
0
0
0
0
0
6.00461e-05
2.66883e-05
1.7632e-05
1.97514e-05
1.01577e-05
-6.74497e-05
0.000147246
9.40391e-05
5.5149e-06
7.59661e-05
0.000544654
0.000126827
0.000218485
1.9324e-05
0.000109017
0.000127276
0.000363917
0.000257244
0.000258723
0.00023608
0.000309374
0.000288093
8.16202e-05
0.000200262
0.000241151
0.000173032
0.00014479
-4.2653e-05
0.000104977
0.000343348
0.000287963
-7.20389e-05
-2.3827e-06
3.8e-05
8.07824e-05
0.000156168
-0.000471538
-0.000220689
9.71575e-05
1.27641e-05
0.000256957
0.000331156
0.00034843
0.000381873
9.61253e-05
0.000167081
0.000137691
0.000994674
0.000290921
0.000227862
0.000283503
2.03091e-05
0.000168596
3.66903e-05
0.000174991
-0.000102099
0.000649642
0.00112715
