# 1 157 (number of hyperplane, dimensionality of hyperplane)
# 0 (added bias feature? 0:no 1:yes)
-0.0063834
0.00779638
-0.0224796
0.0212665
-0.0473452
-0.020974
-0.0718777
0.148918
0.0239094
-0.0188644
-0.0279221
0.0455204
-0.0390415
0.0584518
0
0.029578
-0.01578
-0.0659225
-0.0926965
-0.0209205
0.0644396
-0.0288988
-0.0136007
-0.132573
-0.0283872
0.00696363
-0.0127329
0.00513782
-0.00534789
0.0289636
0.0132027
0.0164837
0.00959557
0.00467316
-0.0704405
0.00491386
0.0103551
0.00790113
-0.00481516
-0.0137987
-0.00136444
0.0135812
0.00585367
-0.00454037
0.00561195
0.0141858
0.00493423
0.00356841
0.0139
0.031839
-0.000125106
-0.00563667
-0.00176007
-0.00161318
-0.0223319
-0.011838
0.0515221
0.000832492
-0.00848727
-0.0194603
0.00379732
-0.00407875
0.00601403
0.000217967
0.0132983
-0.00987021
0.0140204
0.0568634
0.0306382
0.0331142
0.031902
0.00558318
-0.00537007
-0.00680127
0.00117892
0.0364342
-0.0199446
0.0180735
0.0013664
0.022263
-0.00180609
-0.00808396
-0.000562893
-0.00125863
0.0227987
0.0197656
0.074801
0.0415624
0
-0.0138466
0.036382
0.0289922
0.0112959
0
0.00688329
0.0259392
-0.0415903
-0.098996
-0.00907915
0.0758199
-0.0619232
-0.000725967
-0.115771
0.0147865
0.00966227
0.00891152
0.00257852
-0.01016
0.00633127
0.0135648
0.0124702
0.00299663
-0.00829289
-0.00621727
-0.0175092
0.0191325
0.0418313
-0.0305663
0.0148989
0.00175077
0.0591406
-0.011683
-0.0188743
0.00994108
0.0111583
0.00506887
-0.0104857
0.0051154
0.0218129
0.0210313
-0.0103922
-0.0203736
0.000706224
0.0350098
0.0117816
0.0558715
-0.0227509
-0.00441338
0.0161987
0.00285806
0.0227077
-0.0245415
-0.00638153
-0.00674982
0.00998124
0.00228594
0.0452577
0.00614647
0.0112176
0.0134472
-0.00610031
-0.00753605
0.0039303
0.0125742
0.0161303
-0.00884706
-0.0134144
