# 1 157 (number of hyperplane, dimensionality of hyperplane)
# 0 (added bias feature? 0:no 1:yes)
0.00032033
-0.000350918
-8.99497e-05
-0.000146757
-0.000650644
-0.000289583
-0.000110303
-0.000543044
-4.76999e-05
0.000137306
0.000182427
0.000669295
-0.000143264
-0.000382314
0
0.000503185
0.00050048
0.000307013
9.72971e-05
7.44502e-06
-4.26101e-05
0.000267027
-0.000623102
-0.000538821
3.79785e-05
8.54971e-06
0.00015939
0.000191814
-0.000480504
0.000120041
0.000408338
0.00107914
0.00038279
0.000183797
-0.000144589
-1.01577e-05
-2.26059e-05
0.000262522
0.000939466
-0.000535372
-0.00121504
-0.000233688
-7.13691e-05
0.000559825
0.000102447
0.000248677
6.61347e-05
0.000976391
0.000214629
0.000402559
-0.000396641
0.000812943
7.07636e-05
0.000942672
-0.000178695
7.50962e-05
-0.000276622
0.000377736
0.000472379
-0.000114285
0.000204711
0.000455421
0.000668613
-0.000328508
0.000819822
-0.000639014
0.000779116
0.00135677
0.000524702
0.000980604
-0.00103826
0.000117582
-0.000339801
0.000184692
-0.000468178
0.00200251
0.00115635
0.00127561
0.000432151
-0.000373444
6.07881e-05
-0.000614823
0.000164205
7.46618e-05
-0.00017092
-5.94787e-05
0.000158919
-1.69121e-05
0
0.000145903
0.000168838
0.000235894
0.000157725
0
6.12044e-05
-9.36379e-05
-0.00044978
-0.00020452
0
0.000218786
0.000303153
0.000114093
2.25855e-05
0
-0.000135679
6.69161e-05
0.000290721
0.000143124
-0.000266704
-2.61734e-05
-3.15622e-05
-3.79616e-05
8.60675e-05
-0.00101796
0.000288115
-0.000226024
0.000565367
0.0003231
-0.00151138
-0.000841977
-0.000207053
0.000170655
0.000618067
-0.00025317
-2.62873e-05
0.000485724
7.53178e-05
0.000532109
0.000165517
0.000155065
0.000621367
-0.000684276
0.0010985
-8.44752e-05
-0.000149114
0.000241716
0.000238566
-0.00021382
-0.000316788
0.000399387
0.000298706
7.0589e-05
0.00026615
0.000208508
0.000198296
0.000159625
-0.000635015
0.000336216
0.000287209
-0.000106257
-0.000218285
-0.000370579
-0.000685234
-0.000657927
0.000514899
0.000724921
0.00125409
