# 1 157 (number of hyperplane, dimensionality of hyperplane)
# 0 (added bias feature? 0:no 1:yes)
0.000758689
0.0006791
0.000350289
0.000245681
2.28568e-06
5.75839e-05
1.56627e-05
5.65213e-06
1.22808e-05
0
6.66659e-06
5.45459e-06
6.11099e-06
3.18185e-06
0
0
0
0
0
0
6.66102e-05
2.23702e-05
7.69483e-06
5.33769e-06
0
0.00128668
0.000902373
0.000426325
0.000361406
0.000138034
0.00165749
0.00129306
0.000882486
0.000808159
4.09374e-05
0.0009378
0.00115445
0.000677723
0.000991496
1.87416e-05
0.000695739
0.00113972
0.000754374
0.00106221
-0.000287085
0.000368241
0.000882061
0.000764696
0.000617666
-0.000487659
0.000798251
0.000844748
0.000637305
0.000897566
0.000248856
0.00111143
0.0012289
0.000861095
0.00097081
-3.91529e-05
0.000794782
0.00135304
0.00162764
0.00185029
0.000381836
0.000428993
0.00107171
0.000111391
0.000505052
0.00049283
0.000403865
0.000780229
0.000647332
0.000666774
0.000557621
0.00104932
0.00111262
0.00102733
0.0019563
0.000271003
0.000162234
9.39e-05
7.301e-05
1.02855e-05
4.51442e-05
1.03982e-05
1.26086e-05
0
0
9.37433e-06
6.76096e-06
1.07453e-05
1.04545e-05
0
7.99974e-06
6.36369e-06
6.15373e-06
0
0
5.91122e-05
2.41378e-05
2.85549e-05
2.84327e-05
0
0.000339149
0.000171366
0.0001062
0.0001142
4.1722e-06
4.966e-05
-1.83354e-05
4.17914e-06
0.000169079
-2.23118e-05
0.000243786
0.000242845
0.000146613
0.000109406
-1.45933e-05
0.000121776
0.000160868
0.000151055
6.83072e-05
-0.000103655
-9.0803e-05
1.54403e-05
0.000193598
0.000174555
2.82731e-05
0.000140541
0.000181625
0.000191265
0.000221724
6.78182e-05
0.000317578
0.000204506
0.000151441
0.000197297
3.33103e-05
0.000344911
0.000363314
0.000342761
0.000308286
0.000183628
0.000167551
0.000297409
0.000672326
0.000587681
0.000537375
0.00053527
0.000162633
0.000126308
9.85454e-05
-0.00020843
0.00030231
0.000577783
0.000611208
