# 1 157 (number of hyperplane, dimensionality of hyperplane)
# 0 (added bias feature? 0:no 1:yes)
-0.00102491
0.00323646
0.0030895
0.00421281
0.00032222
0.00112199
0.000345295
0
0
0
0
0
0
0
0
0
0
0
0
0
0.000442691
0
0
0
0
-0.000410407
0.00130431
0.00151872
0.00533956
0.0033069
0.00272819
-0.00160608
0.000248445
0.00295653
-0.00128282
0.00611607
-0.00210315
-0.00207019
0.00347442
-0.000737903
0.00830914
0.00918023
0.00233205
0.00398093
-0.00367615
-0.00311305
0.00199936
-0.00309391
0.0016012
-0.00907885
0.00552487
-0.00293342
-0.00257317
0.000159864
-0.00119346
0.000705786
0.00107871
-0.000818457
0.00945278
-0.000974749
0.00263151
0.00489435
0.00477848
0.00606682
0.00231716
0.000326567
0.00402498
-0.000403854
-0.00240585
-0.00140682
-0.0032662
0.00248355
-0.00305825
0.00677663
-0.000551585
0.00353458
0.00395774
0.00175135
0.00549344
0.00263109
0.00160527
0.000659274
0.000767421
2.06324e-05
0.000924022
0.000364766
0
0
0
0
0
0
0
0
0
0
0
0
0
0.000781999
0.000150328
0
0
0
0.000513597
0.000152399
0.000878496
0.00150765
0
-0.00064
-0.000412602
-0.00163517
-0.000279116
-0.00147184
0.00107101
0.00175731
0.000481434
-0.00234846
0.000715588
0.00207717
0.000951583
-0.00111547
-0.000904592
-0.00226452
-0.00393682
-0.00267187
0.00166813
-4.80889e-05
0.00229947
-0.000450828
0.00227488
0.002221
0.00121475
0.00145959
0.00150436
0.00171164
0.00171978
0.000487116
0.000324912
0.00182802
0.0030895
0.00112806
-0.00124092
0.00183261
-4.767e-06
0.000718495
0.00121153
-0.00260707
2.00924e-05
-0.0010835
-0.00146616
0.000192239
-0.00031887
-0.00459212
0.000210856
0.00320573
0.00017536
