# 1 157 (number of hyperplane, dimensionality of hyperplane)
# 0 (added bias feature? 0:no 1:yes)
0.00451191
-0.00200756
0.00201974
0.0112977
0.0342201
-0.00645854
-0.0164979
0.00179587
-0.00142659
0.00618409
0.00882629
-0.00534385
0.0247813
-0.0212566
-0.00445062
0.0138517
-0.00919311
-0.00518637
0.0278808
0.00303149
0.0225288
0.00516223
-0.0384715
-7.34312e-05
-0.0152816
-0.00067209
0.00310619
0.000225563
-0.00571009
0.00726607
0.00551542
-0.00073757
0.0026711
-0.00129392
0.00244798
0.00266604
0.000343532
0.000457874
0.0104698
-0.0158062
0.00564929
0.00346956
0.00155906
-0.000291039
-0.00290564
-0.00115045
0.00417575
-0.000509171
0.000441144
-0.00371888
0.00684465
-0.000377728
0.00143163
-0.00146941
0.000393971
0.00668681
-0.00468524
-0.000207431
0.002483
0.0246608
-0.000110374
0.000758224
0.00202029
0.00140025
-0.00254793
0.00253228
0.00134001
-0.00300389
-0.00317228
0.00663177
-0.00151636
0.00135647
0.000547014
0.00174631
-0.000896571
0.0167493
0.00829252
-0.000627538
0.00113963
0.00731091
0.00179064
-0.00280974
0.0117554
0.0245815
0.000563571
-0.0115663
0.00446921
0.00468382
0.00119732
0.0206113
0.0131995
0.0123895
0.00268009
0
0.0146855
-0.00494262
-0.00359818
0.0205628
0.000907858
0.0287098
0.00305731
-0.0343201
-0.00069598
0.000106139
0.00101742
0.00472161
-0.00113057
-0.00842822
0.0191584
0.00206307
-0.00363895
-0.00071883
-0.00396074
-0.00582538
-0.000462447
-0.00286034
-0.00374007
0.0105373
-0.0222173
0.00229034
0.00841914
-0.00570845
-0.00271677
-0.0121038
-0.00312614
0.00589156
-0.00217161
-0.00128115
-0.0125176
0.00395088
0.000769436
-0.000471714
-0.0015252
-0.0111319
0.00262258
-0.00120431
-0.0015054
0.000349106
0.00947517
-0.000698193
-0.00495059
0.00285222
-1.84031e-05
-0.00638823
0.00591114
0.00447895
-0.00077053
0.00379826
0.00429748
0.000900442
-0.0032189
-0.00394617
-0.000632209
-0.0029193
0.00592452
0.000959243
0.00455495
