# 1 157 (number of hyperplane, dimensionality of hyperplane)
# 0 (added bias feature? 0:no 1:yes)
0.0088315
-0.00416994
-0.00697811
0.0242955
-0.00358302
0.0318019
0.0130854
0.00428843
0.00821936
0.00722747
0
0
0
0
0
0
0
0
0
0
0.0079002
-0.00177999
-0.0362648
-0.0066733
0
0.00027595
0.00494597
0.000210791
0.000117878
0.0173475
0.0125008
0.000334043
-0.00892699
-0.00556612
0.016576
-0.00690959
-0.00134491
-0.0012492
0.000436063
-0.00797039
-0.00946471
-0.00749886
0.0400943
0.0248816
-0.0215375
0.0131514
-0.00477129
0.00469624
0.00684266
0.00798673
-0.00413609
0.00101075
-0.00306154
-0.00494451
-3.84074e-05
-0.00851779
-0.0127171
0.00174254
0.00685181
-0.00058237
-0.000618304
-0.00210736
0.0100962
-0.00313312
0.00339984
-0.00417428
0.0111468
0.0424338
0.00680544
0.00219238
-0.00256668
0.00157374
-0.0232801
0.0342549
0.0109872
0.0424671
-0.0443681
0.012921
0.0226297
-0.0288257
-0.00935016
-0.000437373
0.0334985
0.00394181
-0.0133816
0.00351232
0.00220675
0.00422954
0.00371913
0
0
0
0
0
0
0
0
0
0
-0.0218378
-0.013931
-0.0116765
0
0
-0.0133912
0.00320515
0.00514505
-0.0144798
0.0141275
-0.0206007
-0.0124104
0.0224603
-0.0109571
0.00809436
-0.0104815
0.00451512
0.00069407
0.00594594
0.00195218
-0.0262904
0.00787544
0.0176556
0.00120142
0.0160574
-0.00952656
-0.00898503
0.00741244
-0.0108632
0.0230916
-0.0158061
-0.0104362
0.0118902
-0.0170006
0.00677687
-0.0283934
-0.009599
0.0184696
-0.00727098
0.00725025
0.00116034
0.000828746
0.00706875
-0.00955579
0.00377354
-0.00271474
-0.00791055
0.00682129
0.0252572
-0.0249931
-0.0195241
-0.00329842
0.00909679
0.0421077
-0.00298082
0.0157472
-0.00208677
0.0327138
