# 1 157 (number of hyperplane, dimensionality of hyperplane)
# 0 (added bias feature? 0:no 1:yes)
0.00966156
-0.0089605
-0.00472568
0.0196704
-0.0137159
-0.00903893
-0.0165229
-0.0191925
0.377455
0.130527
-0.071599
-0.233591
0.545138
0
0
-0.043459
-0.031796
0.020881
-0.0424506
0.0851853
-0.0087006
0.066137
-0.170014
0.0731884
-0.00671594
-0.0111505
0.0210942
-0.0366809
0.0322442
-0.0122987
0.00121215
-0.00334786
0.000793137
0.00491811
-0.00462616
-0.0012617
0.0159263
-0.0257776
0.0127004
0.020287
-0.0104536
0.0125364
0.00607992
-0.00806734
-0.00284998
0.0120121
-0.0163426
-0.00832134
0.0221904
-0.00354715
-0.0118336
0.00357103
0.0030776
-0.00523682
0.00795597
0.0105813
-0.00912995
0.00869293
0.0166003
0.0114922
0.00399272
0.0161139
-0.0112386
0.00483592
0.00207433
0.00199294
0.00292347
0.0224486
-0.00289281
0.0128183
0.0142582
-0.00279464
0.00973249
0.00859974
0.0040578
-0.00692709
-0.0085877
-0.0063278
0.0461422
-0.0180597
-0.0162263
-0.0205731
0.0300197
0.0543299
-0.0626655
0.00455587
-0.0443545
0.373579
0.286455
-0.031075
-0.291317
0.355436
0.0662001
0.00329795
0.0265367
-0.145876
0.100793
-0.0912897
0.0263433
0.103559
0.0359742
-0.192527
0.0357448
-0.06118
-0.00996641
-0.00329183
-0.0261013
-0.00565399
-0.0352174
-0.0193703
-0.00504531
-0.00432731
-0.0344071
-0.0314663
-0.00206088
-0.007248
-0.0288365
-0.0300948
-0.000997996
0.0160182
-0.00588167
-0.0181968
-0.0282057
-0.0225648
0.00710342
-0.0200468
-0.0233162
0.0023858
-0.0292865
-0.0122492
-0.0126599
-0.0175066
0.0234925
-0.0495028
-0.00358385
-0.0200612
-0.0292723
0.0446955
-0.033685
0.00540709
-0.00673943
0.00241945
0.000537095
0.00101842
0.0045592
0.00793656
0.00261295
0.00180952
0.00503159
0.0018951
-0.00391815
0.00502051
0.0158626
-0.007377
0.00937672
-0.0180196
-0.00298497
