# 1 157 (number of hyperplane, dimensionality of hyperplane)
# 0 (added bias feature? 0:no 1:yes)
-1.70898e-05
-4.95955e-05
-0.000427891
0.000614567
-0.00088052
0.000203161
-0.000170614
0.00144135
0.000340147
-0.000128903
-4.96927e-05
0.000283012
-0.000134193
0.000303102
0
0.00024801
-0.000753625
-0.000395199
-0.000328443
-0.000139433
0.000888638
0.000861782
-0.000716114
-0.00132903
-0.000176005
-0.000260554
-0.000752624
0.000373096
-6.39508e-06
0.000545968
0.00116704
0.000947259
0.00159936
4.06232e-05
-0.000205514
0.000586799
0.000979577
0.000848312
-3.16845e-05
-0.000235969
0.00102103
0.00141458
0.000935708
0.000710188
-0.000522527
0.00255908
0.0011384
0.0019994
0.0024813
0.000715345
0.000149248
0.000531217
0.000287589
0.000697355
0.000143761
0.00041147
0.00353175
0.00160599
-0.000597192
-1.61085e-05
0.000237522
-0.000210115
0.000264332
0.000356998
0.0012703
-0.00107291
0.00193886
0.00176301
0.00427901
0.00289922
0.00287003
0.000621839
7.35674e-05
-0.000339691
2.18597e-07
0.0022672
0.00141087
0.00225673
0.00217197
7.69745e-05
-0.00122493
-0.00114217
0.000456376
0.000552937
0.000236076
0.000355669
0.000671253
0.000554277
2.03424e-05
-1.33977e-05
0.000570685
0.000722148
0.000344143
0
-0.000185931
0.000336548
-0.000227017
-0.000896167
-1.03352e-05
-0.000271663
-0.00049989
-1.21887e-05
-0.000455243
-9.7409e-05
0.000128515
1.42355e-05
0.000333994
-0.00042167
-0.000313384
-7.87915e-05
0.000378572
0.000903002
-0.0003259
0.000109589
-0.00132677
0.00132926
0.00145968
-0.000813538
0.000119797
-0.000334549
0.00263165
0.000543396
-0.000518427
0.000228488
0.000606346
0.00104723
0.00025329
0.00059969
0.000687204
0.00058369
-0.000701686
-0.00159214
0.000422453
0.000567515
0.0010639
0.00198974
-0.000441607
-0.000815503
0.000106589
0.000481427
0.000358686
-0.000817318
-0.000115763
0.000351444
0.000135034
0.00110084
0.0015599
0.000732899
9.86417e-05
0.00128073
-0.000240178
-0.000388049
0.000564053
0.000505722
0.00139555
-0.000311834
-0.00123034
