# 1 157 (number of hyperplane, dimensionality of hyperplane)
# 0 (added bias feature? 0:no 1:yes)
0.0104955
-0.0113737
-0.0457401
0.0307168
0
-0.0112323
0.00175419
0.00326283
0
0
0.00137682
0.00112651
0.00263888
0
0
0
0
0
0
0
-0.0181575
-0.00933084
0.00128674
0.000944962
0
0.00265772
-0.00397332
-0.00573521
0.0244641
0
0.00269893
-0.00102017
-0.0116247
-0.00590495
0.000181419
-0.00714469
-0.00170083
0.0114818
0.0165198
0.00434266
-0.00863415
-0.0119432
-0.00327986
0.0205069
0.0198068
0.00332848
0.0125303
-0.00257803
0.00912714
-0.0145884
-0.0107091
-0.00228895
-0.00608746
0.0216977
0.0010912
-0.00477293
0.0166882
0.00772328
0.0406424
0.00730044
-0.00124607
0.0191649
-0.0170989
0.0122457
-0.000799062
-0.000464381
-0.000964317
0.0125794
0.0182606
0.0120615
0.0155869
0.00318754
0.00193998
-0.000775267
-0.000462307
-0.017568
0.0407163
-0.0164509
0.0187049
0.00542222
0.00544769
-0.024727
0.0100627
0
0.00372968
0.00202519
0.00299355
0
0
0.00219764
0.00179811
0.00421209
0
0
0
0
0
0
0
0.00458578
0.00983871
8.57798e-05
0
0
-0.000102949
0.0263445
0.00947017
0.00340356
0
-0.00397969
0.0251975
-0.00294895
-0.0155303
0
0.00379844
0.00302396
-0.017553
-0.0217632
0.00501963
-0.0299363
0.03593
-0.0213532
-0.0168512
0.00395221
0.0101211
0.0107871
0.00841862
0.00499203
-0.0137033
0.00620154
0.0377228
0.0126002
0.0151223
0.00889472
0.00613006
0.00533834
0.00175561
0.00301713
0
-0.00558115
-0.00717938
0.0139922
-0.0179781
-0.00892757
0.00347646
-0.00286701
0.0249022
-0.00381
-0.00163613
-0.029354
-0.00213103
-0.000913581
-0.000452327
-0.000116918
-0.00862818
-0.00823437
0.00846361
