# 1 157 (number of hyperplane, dimensionality of hyperplane)
# 0 (added bias feature? 0:no 1:yes)
0.000186568
3.37972e-05
0.000210779
0.000396065
6.94531e-05
-0.000233956
-4.54305e-05
-1.00997e-05
-1.79704e-05
2.05912e-05
-7.22322e-05
-0.000121634
-7.69208e-05
-2.91319e-05
1.78376e-06
3.90348e-05
0.000135246
-3.47139e-05
-3.38447e-05
4.88584e-05
-0.000186678
-0.000140497
2.73832e-05
-0.000250541
4.52383e-06
0.000524769
7.44595e-05
0.000346724
0.000409274
0.000172019
0.000771487
0.000723073
0.00136212
0.00169948
0.000553694
0.00127013
0.0010118
0.00146918
0.00133653
0.000477519
0.00148506
0.00245956
0.00136237
0.00179748
0.000713308
0.00146733
0.00171483
0.00150386
0.00216251
0.00103043
0.00131464
0.0013147
0.000702422
0.000711596
0.000321852
0.000367171
0.000778375
0.00153081
0.00124069
0.000466879
0.00151748
0.0022073
0.00345912
0.00449336
0.00109543
0.000438442
0.00118555
0.000708509
0.0027027
0.00239841
0.00211516
0.00177262
0.00181092
0.00156628
0.001624
0.00140186
0.00133685
0.00145709
0.00426537
0.000541197
0.00025921
0.00015202
-5.14173e-06
1.6141e-05
0.00013825
6.1917e-05
4.74128e-05
1.56591e-05
0
3.92065e-05
3.94825e-05
2.71433e-05
1.48053e-05
0
7.27514e-05
0.000113029
9.82776e-05
4.99323e-05
0
6.88603e-05
5.87173e-05
-1.68367e-05
4.51646e-05
3.01589e-06
0.000411508
0.000226575
6.40496e-05
8.42469e-05
-0.000251686
0.000747736
0.000384772
0.000293876
0.000598201
-0.000180242
0.00020535
0.000578174
0.00040215
0.000312912
8.67001e-05
0.000200853
0.000316666
9.59816e-06
-0.000310241
-0.000346527
0.000185578
0.000479943
0.000331777
0.000549917
8.30311e-05
0.000533542
0.000653128
0.000542905
0.000612317
7.70855e-05
0.000735425
0.000441221
0.000410531
0.000433195
-3.99479e-05
0.000532642
0.000845703
0.00082986
0.000571142
0.000418494
0.000118584
0.000694505
0.00106922
0.000966799
0.00110379
0.000942939
0.00060767
0.000206007
0.000757627
0.000423468
0.00126029
0.000399418
0.000861782
