# 1 157 (number of hyperplane, dimensionality of hyperplane)
# 0 (added bias feature? 0:no 1:yes)
0.00044888
0.000170451
0.000124559
9.47976e-06
5.78756e-05
7.48533e-06
3.21889e-05
6.88787e-05
1.18051e-05
0
-8.86022e-05
-7.15403e-05
-1e-05
-4.5455e-06
0
-0.000152977
-9.16958e-05
-0.000163662
-0.000191556
-2.81822e-05
1.95652e-05
1.98872e-06
-9.81987e-05
-9.08943e-05
2.54493e-05
0.000398229
0.000309118
0.000191911
-0.000188598
1.07633e-05
0.00045996
0.000640204
0.000377214
0.000163794
-2.23999e-05
0.0003956
0.000570223
0.000601593
0.000578272
0.000122954
0.000286641
0.000370414
0.000671423
0.00070499
0.000242479
0.000267827
0.00041454
8.83535e-05
0.000499545
0.000368807
0.000480383
0.000673895
0.000674534
0.000727638
0.000209261
0.000648483
0.000482816
0.000138822
8.39742e-05
3.10066e-05
0.000939202
0.000758827
0.000875516
0.00112924
0.000594925
0.000357655
0.000892919
0.0003895
0.000994384
0.00112442
0.000663581
0.000694403
0.00054678
0.000638116
0.000728527
0.000965858
0.00105132
0.00104923
0.00180373
6.98838e-05
2.64431e-05
5.08496e-05
0.000106645
2.91786e-05
4.02229e-05
1.21138e-05
1.09581e-05
1.45398e-06
0
5.97687e-05
-3.87592e-06
-3e-05
-1.36365e-05
0
3.11238e-05
1.48912e-05
2.94884e-05
2.94116e-05
2.61278e-06
-9.51529e-06
-1.10664e-05
-3.36711e-05
-7.49242e-05
9.13258e-07
0.000103127
1.9738e-05
-2.02817e-06
8.89021e-05
3.111e-05
0.000257409
0.000133928
0.000132706
6.31844e-05
2.71384e-05
0.00021861
0.000164434
0.000128276
0.000107135
-3.13978e-05
0.000363133
0.000289156
0.000159173
0.000164126
7.51033e-06
0.000136605
0.000131268
0.00026899
0.000209474
4.22484e-06
0.00023639
0.000220737
0.000248348
0.000243561
1.82494e-05
5.2847e-05
2.01495e-05
0.00011963
7.97844e-05
-6.44388e-06
0.000444426
0.000442389
0.000391596
0.000371492
0.000182226
0.000272389
0.000561399
0.000599897
0.000199339
0.000152615
0.000343028
0.000193775
0.000156582
6.18598e-05
3.62375e-05
0.00013297
0.000316311
0.000244409
