# 1 157 (number of hyperplane, dimensionality of hyperplane)
# 0 (added bias feature? 0:no 1:yes)
0.0037151
-0.00379936
0.00192438
0.00793239
-0.00500782
0.000293896
-0.00111097
0.00011862
0.00123998
0
0.00131521
0.00108255
0.00093915
0.00036692
0
0.000723275
0.000630012
5.68651e-05
4.26491e-05
0
0.00198255
-0.000911109
-0.00127236
-0.00206864
0
0.00340876
0.00759594
-0.00325461
-0.00223229
-0.00312622
0.000610676
-0.00112112
-0.000864482
-0.00601293
-0.00184939
-0.00441069
0.00731568
0.00728296
0.00501961
-0.0014312
0.0140817
0.00242067
0.00392041
0.00560602
0.00677955
0.0142185
0.000237733
-0.00132284
0.0018557
0.00647899
-0.00287953
0.00747391
-0.00210056
-0.00826937
0.00162408
0.00198979
-0.000151324
0.000524836
-0.0103574
-0.00380773
-0.000504736
0.00427502
0.00250216
0.00177292
0.00164242
-0.00223059
0.00536462
0.00455747
0.0111112
0.00864854
0.00484945
0.00684975
0.00339299
0.00351313
-0.00517024
0.00963913
0.0127115
0.0108815
0.00801409
-0.000456712
-0.0109418
-0.00330786
-0.00488892
0.00420291
0.000485321
-0.00131581
-0.00180909
-0.000687702
0
4.72391e-05
3.22091e-05
3.93659e-05
7.408e-05
0
0.00254066
0.00072182
0.000732916
0.000549691
0
-0.000472025
6.28805e-05
0.000768714
0.00111672
0
-0.00239517
-0.00176395
0.00159176
0.00229098
0.00113048
-0.0022742
-0.00157786
0.00177411
0.00472134
0.00176082
0.00631537
0.00188342
-0.00168798
0.000479412
0.00214301
0.00882214
0.000768853
0.0073536
0.00436545
0.00190057
-0.00299684
0.00414691
0.00515627
-0.000647667
-0.00107848
0.00420512
-0.00600972
-0.00597325
0.00593321
0.00118923
-0.000943922
-0.00924055
-0.00144514
-0.00571493
0.00206937
0.00230606
0.000450855
-0.00190898
-0.0034575
-0.000994395
0.0034287
0.000599352
0.0131232
0.00110537
0.0040416
0.00511332
0.00834799
0.000292173
0.00597697
-0.00384369
0.0113842
0.00556161
-0.00536115
