# 1 157 (number of hyperplane, dimensionality of hyperplane)
# 0 (added bias feature? 0:no 1:yes)
-0.00074839
0.000483072
0.00116625
0.0025959
0.00145463
7.45029e-05
-5.65562e-05
7.90311e-05
6.67804e-05
6.9275e-06
7.95843e-05
0.000148542
0.000143404
8.98498e-05
1.77311e-05
-0.000218247
-0.000369794
-0.000405138
-0.000296815
-6.26307e-05
0.000778617
0.000328321
0.000340357
5.20795e-05
2.13286e-05
0.000461428
-0.00301866
0.00138938
0.00119474
0.000684099
-0.00114648
0.00197079
0.00258903
0.00359429
0.000387746
0.00260768
0.00260569
0.00382164
0.0036086
0.00183337
-0.00259815
2.42596e-05
0.00470479
-0.000132452
0.00133623
-0.00182483
-0.0018319
0.000799123
0.00131782
0.000215238
0.00210055
0.000803854
0.00317946
0.00414655
0.00125364
-0.00161692
0.00248114
9.31321e-05
0.00574236
-0.0022777
0.00227288
0.000645967
0.000196772
-0.000514547
0.00155565
0.000745101
-0.001734
0.00115483
-0.00216999
-0.0018088
7.19002e-05
0.000669967
0.00146062
0.000322897
0.000661352
0.00301694
-0.0012764
-0.000275162
0.0020082
0.00079894
0.000680053
0.000832804
0.000867164
0.000229578
0.000142341
1.98476e-05
2.38716e-05
5.06485e-05
0
-0.000303936
-0.000144055
-3.96306e-05
1.12013e-05
0
-0.000263651
-0.000435844
-0.000441487
-0.000276803
-4.4036e-05
0.000179832
0.000100825
-2.28689e-05
-0.000122494
0
0.000633019
-0.000570037
-0.000216577
-0.000686105
-8.89023e-05
0.000512723
0.00066407
-0.00133892
-0.00153806
-0.00261409
0.000883351
0.000559976
1.95956e-06
-0.000149131
4.28854e-06
-0.000820896
0.000448317
0.00108539
-0.000573014
-0.00110511
-0.000759234
0.000965383
0.000908305
0.000319201
0.000315548
0.000220176
-9.20655e-05
0.000582638
0.00156556
0.000320796
0.000314809
0.00137025
0.00149979
0.00149578
0.000113086
0.000854942
-6.99968e-05
-0.000503032
-0.0013138
-1.6652e-05
0.000905463
0.000545189
0.00159932
0.000245532
6.6277e-05
0.000491924
0.000990134
0.000210724
0.00024998
-6.90793e-05
-0.000109807
0.000149586
0.00304027
