# 1 157 (number of hyperplane, dimensionality of hyperplane)
# 0 (added bias feature? 0:no 1:yes)
0.00140916
0.00065723
-0.00101168
0.000334506
0.000610013
-0.00128484
-0.00103878
-0.00106217
-0.00136431
-0.00104361
-0.000457929
-0.000374676
-0.000160275
0
0
0.000382499
3.47729e-05
0
0
0
-0.00210114
-0.00181579
-0.000926065
0.000495072
0.000571526
0.000149749
0.00510194
0.00243167
0.00296502
0.00255384
0.000375365
0.00461507
0.00205999
0.00112632
0.003426
-0.00088336
0.00217962
0.00354531
0.00318997
-0.00181194
0.00104286
0.00239414
0.00108242
0.0134367
0.000871065
0.00245926
0.00238023
0.00364524
0.00418492
-0.00143429
-0.00157868
0.00217103
-0.00563808
0.00431558
0.00268015
0.00205868
0.00148997
-0.00122199
0.00514115
-0.000880528
0.000700678
-0.00353701
0.00135212
0.00412116
0.000951987
-0.000261074
0.00483589
0.00577547
0.00892201
0.0102003
0.0106518
0.00363242
0.00267894
-0.00126685
0.00185779
-0.00132567
-0.00677903
-2.11585e-05
0.00453636
-0.00149175
-0.00133255
-0.00157051
-0.000134208
0.000364433
-0.000958477
-0.000756618
-0.000994363
-8.41129e-06
0
-5.97873e-05
-4.89178e-05
-2.09255e-05
0
0
0
0
0
0
0
-0.000805978
-0.000591183
-0.000955793
-0.00104178
-0.00267287
-0.00221322
-0.00328905
-0.00279103
0.00295514
-0.00239929
-0.0025731
-0.000709752
0.000101723
0.00245999
-0.00138849
-0.000870942
-0.00037274
0.000709941
-0.00564397
-0.00360757
0.00343431
0.00236359
0.00197857
0.00180563
0.00108521
0.001261
0.00288993
0.00326478
0.0058961
0.00236726
-0.0036842
-0.000544604
0.00163182
0.00387253
0.00163404
-0.0011444
-0.00372226
-0.000195637
0.0041884
0.00104245
-0.000651233
-0.00206023
-0.000745897
-0.000155099
-0.00267271
0.00210003
-0.0026591
0.00964532
0.00381196
0.00380445
0.00388922
0.000474685
0.000389291
0.000317988
-0.00348563
0.00347939
0.00359196
0.00186617
