# 1 157 (number of hyperplane, dimensionality of hyperplane)
# 0 (added bias feature? 0:no 1:yes)
-0.00347067
-0.00474282
0.00224365
-0.00245998
-0.0026341
0.00205589
0.00174068
0.00128278
0.000611737
0.000464221
-0.00113457
-0.00310719
-0.00424794
-0.00290869
0
0
0
0
0
0
-0.00106661
-0.00310358
-0.00105202
0.000477309
0.000342265
0.00213579
-0.00223592
0.00586219
0.00966819
0.00350151
-0.0024207
0.0100855
0.0118731
0.00504022
-0.00605971
0.00794182
0.0120784
-0.00332105
0.0169265
0.00642027
-0.0167095
-0.00268972
0.00523758
0.00393208
0.00691982
-0.0138146
0.00409029
-0.000204507
-0.00546212
0.000706585
0.0013165
-0.000861425
0.00582941
0.0155421
-0.00426028
0.00156757
-0.00169723
-0.010106
0.0108929
-0.00471193
0.0132908
0.00818109
0.00330057
-0.00618067
0.00404496
0.00960507
0.00342787
0.00263528
-0.00433973
-0.00169244
0.00970073
0.0047915
-0.000385661
0.00132529
0.00371128
0.0177083
0.0124909
-0.0102671
0.00807935
-0.0014334
0.00100097
0.00215456
0.0025643
0.000936764
0.00198426
0.00116435
0.000779572
4.61865e-05
0
-0.00439662
-0.00301601
-0.00178095
-0.00194885
0
4.84502e-05
0.000123888
0.000107151
1.39765e-05
0
-0.00305331
-0.00204791
-0.00174476
-0.0028234
-0.00204825
0.00415571
0.000477082
0.00029006
0.00251953
-0.00304614
-0.00103219
-0.00269865
0.000592751
-0.00397819
-0.00258782
0.00785515
0.00335348
-0.000536048
-0.00549867
-0.00453127
-0.0097697
-0.00746964
-0.000308698
-0.00737328
0.00183023
-0.00518981
0.00063195
0.00265296
0.00950389
0.000924158
0.00476109
-0.00140391
0.00482865
0.00746798
0.00264697
6.31348e-05
-0.00309439
0.00667783
0.00791274
0.00129884
0.00563997
-0.000959597
-0.00141725
-0.00135593
0.000557011
0.00528048
-0.00718839
0.000880518
0.0010294
0.00288929
0.00667396
-9.83898e-05
-0.00634777
-0.0037197
-0.00137054
0.0019718
0.0113666
0.00376419
