# 1 157 (number of hyperplane, dimensionality of hyperplane)
# 0 (added bias feature? 0:no 1:yes)
-0.000149469
0.000244595
0.000522014
0.00147003
0.000394362
0.000367837
0.000159952
0.000110917
8.42087e-05
0.000165514
9.28519e-05
0
0
0
0
0.000113458
0.000108136
7.15559e-05
5.57578e-05
4.63886e-05
0.000372938
0.000200543
0.000125574
0.000138946
7.70937e-05
-0.000199272
-0.000327857
0.00021294
0.000638162
-0.000760881
0.000709587
0.00101395
0.000280101
0.000751333
0.00161674
0.00353393
0.00547122
0.00386094
0.00158944
0.00169479
-0.00170431
0.000455578
0.00228965
0.000778091
-0.000423223
-0.00204054
-1.17827e-05
0.00277739
0.00101635
0.000820469
0.00170205
0.00348346
0.00219151
0.00210684
0.00161756
0.000410512
-0.000606446
-0.000464014
0.00180016
0.00237633
0.000521877
0.00186763
0.00340735
0.00449292
0.00051894
3.05116e-06
0.00059176
0.000349952
0.00284404
0.00305949
0.00237477
0.000512326
0.00122673
0.00134385
0.00136331
0.00246357
0.000793183
0.00155107
0.00338709
0.000828238
0.00062225
0.000492502
0.000700179
0.000449561
6.30273e-05
3.03033e-05
0
0
0
0
0
0
0
0
2.08362e-05
2.00574e-05
1.22573e-05
8.83948e-06
7.35415e-06
0.00010094
3.05482e-05
4.3193e-05
1.94373e-05
1.7779e-05
0.000321749
0.000140785
-1.5546e-06
-0.000203631
-6.90522e-05
0.000201836
-0.000368623
-0.000656816
-0.000939273
-0.0026479
0.00086443
-0.00027235
4.35204e-05
-0.000218542
0.000491284
-0.000112258
0.000388637
0.000632544
0.000642181
0.000688744
-0.000444253
0.00118794
0.000555982
0.000413476
0.000456435
-0.000105211
0.00101913
0.000637808
0.000488823
0.000524467
0.000920922
0.000771422
0.000259386
0.000295869
0.000550784
0.00090279
0.000487617
0.000534844
0.0003434
0.000334534
0.000590338
0.000555758
0.000913698
0.00108337
0.00148223
0.001467
0.000588315
0.00128276
0.00071421
-0.000883933
-0.000110184
0.000261051
0.000737205
