# 1 157 (number of hyperplane, dimensionality of hyperplane)
# 0 (added bias feature? 0:no 1:yes)
-0.00181348
0.00146017
0.0128326
0.00596417
0.00100148
0.00278159
0.000860146
0
0
0
0
0
0
0
0
0
0
0
0
0
0.00100399
0
0
0
0
-0.00705824
-0.00121223
0.00120632
0.00581607
0.010086
0.00457309
-0.00323104
-0.000783202
0.00641358
-0.00715063
0.013878
-0.00302773
-0.00235718
0.00671964
-0.00244597
0.0137015
0.013912
0.000347069
0.00767461
-0.00607916
-0.0101459
0.00683365
-0.00743138
0.00715047
-0.0123333
0.00782085
-0.00369183
-0.00472707
0.00896107
-0.00112397
0.00121836
-0.000444492
-0.00581984
0.0112278
-0.00388581
0.00466281
0.00371842
0.00201354
0.00938725
0.002705
0.00203389
0.00410825
0.00291805
-0.00283966
-0.00575194
-0.00829296
0.00304911
-0.00877413
0.0171322
-0.00107209
-0.000816024
0.00153921
-0.000403198
0.0064535
0.00471134
0.00103167
0.00206403
0.00409007
9.82454e-06
0.00198741
0.00101855
0
0
0
0.000775625
0.000634615
0.0014866
0
0
0
0
0
0
0
0.00224078
0.000810319
0
0
0
-0.00152267
-0.00308583
-0.000233419
0.00471358
0.00032704
0.000463355
-0.000949619
-0.00606439
-0.000265281
-0.00541014
0.00234404
0.00221969
-0.00119408
-0.00469616
0.00111121
0.00237525
-0.00155624
-0.00478744
0.00304334
-0.00340787
-0.00985378
-0.00470358
0.000717994
-0.0017556
0.0109212
0.00102543
0.00284507
0.00652792
0.00119154
0.00640148
0.00314372
0.00224929
-0.00219072
-0.0023668
0.00176975
0.000893037
0.00661825
0.00163226
-0.000657655
0.00348961
-0.00269747
0.0015148
0.00322988
-0.00584104
-0.000243233
-0.00021323
-0.005009
0.00175637
-0.00295748
-0.00624139
0.00508754
0.00545024
-0.000192194
