# 1 157 (number of hyperplane, dimensionality of hyperplane)
# 0 (added bias feature? 0:no 1:yes)
0.00147699
0.00259965
-0.000316316
0.000761332
0.00113544
-0.000585038
-0.00174984
-0.00249113
-0.00212536
-0.000381748
-0.000804872
-0.00185932
-0.00150627
2.00744e-05
0
0.000246689
0.00095976
0.00135473
0.000619858
0
-0.00177343
-0.00208633
-0.00173228
-0.00078108
1.48467e-05
-0.000216503
-0.00149525
-0.00102653
0.00165245
0.00228294
0.00141841
-0.00157592
-0.000405077
0.00151606
4.33849e-05
0.00161234
0.00296862
-0.0021556
-0.00237984
-0.00057203
0.0043808
0.00213379
0.00362825
-0.00165432
0.00173145
0.00115569
0.00409805
-0.00124913
-0.00214117
0.0013906
0.00108054
0.0037867
-0.00325051
0.00108455
0.00126372
0.00114288
0.000906793
-0.00168627
0.00132867
-0.00074966
0.00170458
0.002289
0.00162749
0.00438245
0.00254786
-0.000876043
0.000907815
0.0045115
0.00616052
0.00229698
0.0013958
0.000948392
0.00214099
0.000411431
4.41303e-05
0.00496007
0.00441967
0.00500213
0.00418729
0.00125205
-0.00098143
0.000954125
0.00160969
0.00053685
0.000123219
0.000460086
7.03631e-05
0.000105042
0
0.000230406
0.000502726
0.00038401
0
0
0.000329271
0.000219356
0.000246328
2.26479e-05
0
0.000113495
-8.79571e-05
-0.000191557
-0.000473911
0
6.92991e-05
0.000167943
-0.0013937
0.000179253
0.000546779
2.72372e-05
-0.00118543
0.00123431
0.00166791
-0.000547678
-0.000130502
0.000577497
-0.000504313
-0.000557522
0.00137306
0.0017324
0.000253083
0.00125809
0.000264185
-0.000238877
-0.0016399
-0.00102496
0.00165107
-0.00132336
0.00047956
-0.000324466
0.000305263
0.00138009
0.000414839
-0.00177979
0.000727005
0.00182749
0.00147047
-0.000483803
-0.00127979
0.00179198
-8.95908e-05
-0.000391229
0.000258232
0.00193716
-0.000150824
0.00192591
0.000507884
0.00233998
0.00119107
0.00135582
-0.000545892
0.000290785
-0.00083614
-0.00141675
-0.00184581
0.00142806
-0.000132413
