# 1 157 (number of hyperplane, dimensionality of hyperplane)
# 0 (added bias feature? 0:no 1:yes)
0.00203373
0.000696689
-0.000735583
0.000913543
0.000363803
-0.000213484
-0.000351394
-0.000144985
-9.16741e-05
0
0
0
0
0
0
0
0
0
0
0
9.91546e-05
-0.000339661
-0.00014208
-0.000285459
0
0.000855535
0.00235645
0.000302176
-4.92015e-05
2.78909e-05
0.00192099
0.00236155
0.00175615
0.0025374
0.000509314
0.00189965
0.00196485
-0.000159464
0.000638723
0.000746079
0.00158252
-0.000541682
0.000780186
0.000637137
-4.65438e-05
-0.000470091
-0.000681195
0.00267606
0.00102219
0.000430007
0.000297634
4.3925e-05
-0.00115348
0.00140367
-4.04307e-05
0.00338147
0.00130924
0.00186647
0.00056506
0.00054957
0.00200253
0.00264144
0.00240254
0.00253685
0.00167728
0.000337885
0.00202021
0.000345914
0.000947762
0.00106419
0.00171094
0.000101327
-0.00035994
-0.000656185
0.000136158
0.0028052
0.0014304
0.000888506
0.00362784
0.000792089
0.00104155
0.000247934
-0.000974951
0
0.000230272
0.000164512
5.83681e-05
3.92369e-05
0
0
0
0
0
0
0
0
0
0
0
0.000559152
0.000409822
0.000148727
0.000136266
0
0.000648798
0.000655902
0.000105925
0.000732785
2.54573e-05
0.000576139
0.000600874
0.000384571
0.000768681
0
0.000596421
0.00125231
0.000429079
0.000490526
6.61228e-05
-0.000766647
-2.98733e-05
0.000322805
-0.000928783
-0.000228193
-0.00154945
-0.000942708
-0.000187873
0.000151913
0.000263287
-0.000223179
0.000358528
0.000592493
0.000292744
-2.81225e-05
0.00143476
0.00155936
2.27607e-05
-8.20578e-05
-2.1197e-05
0.000805673
0.000505649
-1.99434e-05
-0.000687208
0.000820337
-1.52345e-05
0.000413909
0.000409365
0.000878969
0.000831529
0.00108666
-0.000746058
-0.00138721
-0.000394068
-0.000744834
-0.00106036
0.00227497
0.0015782
