# 1 157 (number of hyperplane, dimensionality of hyperplane)
# 0 (added bias feature? 0:no 1:yes)
0.00193529
-0.00178607
0.000577895
0.00444695
0.00257527
-0.00274939
-0.00145626
-0.00120576
0.00187837
0
0.000212475
0.000173846
6.37424e-05
0
0
0.00239877
0.00092782
0.000732948
0.00267987
0
0.0011706
-0.000295967
-0.000189854
0.00153855
0
-0.00227808
-0.000531985
0.0102967
-0.00824122
0.000977579
0.00717122
-0.00880172
-0.000218489
-0.000315326
0.00722994
0.000372057
-0.00295468
0.00278599
0.00482827
0.00744671
0.0052902
0.00343675
0.0124942
-0.00743659
0.0042377
0.0020448
-0.00187595
0.0128786
-0.00214492
0.000555542
-0.00963369
-0.00157111
-0.00100642
0.00123343
-0.00619503
-0.00143889
0.00580796
0.00344461
0.00349219
0.00121368
0.00526409
0.00382956
-0.0048153
0.00376132
0.00169812
0.00370453
0.000373389
0.0104606
0.00589593
0.0090319
0.00450577
0.00441074
0.000276017
-0.00443653
0.00072053
-0.00439718
-0.00411819
0.0111068
0.00738117
-0.000920272
-0.0053501
0.000138277
-0.000395978
0.000282693
0.00221628
0.00120907
0.00296977
0.00027999
0
0.00201799
0.0014887
0.000248086
0
0
0.000992324
0.00108258
0
0
0
0.0054839
0.00217927
0.00501409
8.52516e-06
0
0.00284017
-0.00465762
0.00135315
-0.0054892
0.000383805
-0.000158638
-0.00342037
-0.00633663
0.00346182
0.00327281
0.00358559
0.00226532
-0.00650653
0.00404923
-0.000812259
-0.00123418
0.00357903
-0.00445266
0.000932346
-0.00285966
0.00873594
-0.00333916
-0.00153175
0.00244288
-0.00362994
0.00608522
0.00284017
0.00721041
0.00718907
0.00119711
0.000301215
-0.0018758
-0.00598557
0.00393179
-0.00211417
-0.00311135
0.00100832
0.00127452
-0.00285066
-0.00437256
0.00131023
0.00230567
0.00235553
0.00406174
0.00124054
-0.0027028
0.00102196
-0.000438381
-0.00633159
0.00186551
-0.00293752
-0.00499193
0.00190045
