# 1 157 (number of hyperplane, dimensionality of hyperplane)
# 0 (added bias feature? 0:no 1:yes)
-0.0142296
0.00926513
0.0312882
-0.00368454
-0.00183026
0.0308002
0.0063071
0.00275973
0.0762858
0.0340868
0.0619636
-0.034968
0.0258828
-0.126194
-0.0102218
-0.0865636
0.0520429
-0.0557978
-0.0470693
0
-0.0111702
0.0430577
0.0771389
0.0256235
0
0.00375702
0.00542484
-0.00502584
0.00958892
-0.0557006
-0.00016743
-0.00242323
0.00112973
0.00848626
0.0102488
0.0059868
0.00101479
-0.0021719
-0.00048575
-0.00635222
0.00688685
-0.00167982
0.0117875
-0.00166603
-0.0193115
0.00145951
0.00368795
0.00277436
-0.00757396
0.0099429
0.00131008
0.00221509
-0.000384101
0.00416142
-0.00886916
-0.00350999
0.00227965
-0.00144354
0.00333764
-0.0132932
-0.00414802
0.00162701
0.00133022
-0.000293806
-0.0060201
0.00194483
0.00119538
0.0252546
-0.00703906
-0.0103012
0.0193413
0.00359482
0.00412808
0.00198293
0.00353311
0.00124036
6.10338e-05
0.00745436
0.00491339
-0.0167746
0.0109749
0.0288759
-0.00387049
-0.00498707
0.0264128
0.0122493
-0.000349232
0.0797516
0.0180871
0.0827776
-0.0417355
-0.0104214
-0.0927885
-0.014573
-0.0736202
0.023434
-0.0365602
-0.0779418
0.0142764
-0.00923533
0.00225455
0.110333
0.0355796
0
0.00159592
0.00176791
-0.0159272
0.0134976
-0.0601351
-0.000892709
-0.00156952
0.00161835
0.00269397
0.00478664
0.00123411
0.00388496
-0.00694774
0.00145175
-0.0102714
0.00635413
-0.00571689
0.0125826
-0.00194959
-0.0217124
-0.00235895
-0.00164601
0.00839579
-0.00612497
0.0118033
-0.00141008
-0.000153812
0.000382204
0.00183805
-0.00678072
-0.00198074
0.00189036
0.00234375
-0.00219724
-0.0181951
-0.00503763
0.00845924
-0.00152121
-0.00236542
-0.00422951
-0.000839518
-0.00963511
0.00757174
-0.00377113
-0.00383318
0.00104814
0.00205933
0.00252915
0.000114038
-0.0012989
0.000494998
-0.00146592
0.00088354
