# 1 157 (number of hyperplane, dimensionality of hyperplane)
# 0 (added bias feature? 0:no 1:yes)
0.000689938
-0.000609089
-0.000356062
-0.000959974
-0.000976248
0.0001137
6.45349e-05
6.18227e-05
9.32708e-05
0.000110262
0
0
0
0
0
-0.00031377
-0.000161342
-0.00012135
-0.000147892
-0.000197193
-5.27168e-05
2.2632e-07
4.0244e-05
-2.57119e-06
-4.32481e-05
0.00145877
0.00179472
0.000696467
0.000549566
1.9181e-05
0.00144501
-0.000174209
0.000680927
0.00089482
-0.000771088
0.000491225
0.00240673
0.00124746
0.00290466
0.000328895
0.00288162
0.00338049
-0.00103514
0.00136997
0.000126005
0.00278658
0.00534032
0.00177212
0.0026876
0.00149547
0.000354063
0.00166608
0.00103979
0.0050337
0.000722897
-0.00021791
6.55072e-05
0.000586255
0.000716368
-0.000143092
1.88059e-05
0.00397011
0.00608184
0.0082583
0.000162914
-0.000149708
0.000983902
0.00330276
0.00649409
0.00759415
0.00645854
0.00120899
0.00153771
0.00239936
0.00211236
-0.00345332
-0.00482519
-0.00662286
0.00546608
0.000113643
-0.000220776
-0.000330474
4.08026e-05
0.000297209
-8.90782e-06
0
0
0
0
0
0
0
0
0
-7.33131e-06
1.53802e-05
1.15679e-05
1.40981e-05
1.87978e-05
-0.000106258
-6.09152e-05
-4.7318e-05
-5.37813e-05
-7.71096e-05
0.000388598
3.12596e-06
-0.000240687
0.000285439
2.08155e-05
4.91552e-05
-0.000847298
-0.000610493
0.000650511
0.000211271
-9.6806e-05
0.000723508
0.00105476
0.000437099
0.000170699
-0.000176562
0.000167293
0.00057674
0.000434749
0.000758013
-5.38873e-07
0.000409925
0.000838427
0.00034729
0.000739243
-9.02556e-05
0.000521688
0.000571787
0.000664974
0.000659295
0.000513551
0.000590549
0.0009533
0.000331937
0.000233284
0.000394148
0.00042409
0.000518865
0.000831721
-0.000160145
0.000575832
-0.000199671
0.00475381
0.00259956
0.00243052
0.0021112
0.000691643
0.000126129
-0.000117262
-0.000865596
0.00288019
0.0020734
0.00393767
