# 1 157 (number of hyperplane, dimensionality of hyperplane)
# 0 (added bias feature? 0:no 1:yes)
-5.33215e-05
0.000484086
0.00118472
-0.000493961
0.000979651
-0.00183669
-0.00126524
0.000614787
-0.00454689
0.000554888
0.000969518
0.00075
0.000798721
0.000228377
0
0.00137015
0.000692282
0.000734831
0.00048686
0
-0.00247868
-0.000201013
0.00135348
-0.000543907
3.95323e-06
2.21108e-05
0.000621943
0.00195444
-0.00127076
0.0016177
-0.00015818
-0.000161683
0.000236721
0.000249043
0.0020851
-0.000193824
5.63973e-05
0.000315719
-0.000211587
0.00126425
0.00165122
-0.000434818
0.00061375
0.000121925
-0.00126688
0.000893856
-0.000320836
0.000317734
-1.53577e-05
-0.00139852
9.56692e-05
0.000149601
-5.86498e-05
-2.78412e-05
0.000549008
-0.000192812
0.000113384
-8.77229e-05
0.000206088
0.00207247
7.88783e-05
-0.000333768
-0.000223121
0.000177457
-9.56226e-05
0.000181282
7.7977e-05
0.00104414
0.000281301
0.00019526
-0.00037381
8.73676e-06
-5.52592e-05
0.000164616
0.000144382
0.000135272
0.000230138
-0.000130742
0.000169941
-0.000100589
0.000419346
0.00110053
-0.00107736
0.000978234
-0.0022381
-0.000607272
0.000280949
0
0
0.000963896
0.000726194
0.00105096
7.68459e-05
0
0.00110219
0.000439516
0.000443237
0.000937135
5.58468e-06
-0.00281725
0.0003433
0.000800276
0.000138983
0
-0.000295816
0.000581956
0.0017023
-0.00121366
0.000473504
-0.000261827
-0.000117054
-4.73509e-05
-0.000101947
0.00136214
-0.000194604
1.57675e-05
-0.00037685
-0.000550651
0.000715015
0.00155185
-0.000324707
0.000157087
-0.000386153
-0.00196772
0.00100197
-0.000436722
0.000143731
-0.000389748
-0.00187334
0.000324028
-3.45822e-05
-0.000266239
-0.000657164
5.65002e-05
-8.57169e-05
0.000192764
-3.00648e-05
-0.000404106
0.00110038
0.000114467
-0.00024525
-0.00068375
0.00056472
-8.87118e-05
0.000211074
3.77504e-05
0.000977625
-8.81912e-06
-0.000154644
0.000421904
-3.85552e-05
-0.000160737
7.00245e-05
0.000349769
-0.000105655
9.87126e-05
-0.000195559
