# 1 157 (number of hyperplane, dimensionality of hyperplane)
# 0 (added bias feature? 0:no 1:yes)
0.00349367
-0.00168285
0.00176959
-0.0137807
0.0836079
0.0139393
0.00504123
0.00413283
0.00822044
0
0
0
0
0
0
0
0
0
0
0
0.0512022
0.00526665
0.0183716
0.00722821
0
-0.000438389
0.0111229
-0.00819534
0.0115167
-0.0127163
-0.00289222
-0.00493393
-0.00763923
0.00125461
0.00514964
-0.00120898
0.00372826
0.00990559
0.00632457
-0.0156901
0.00576784
0.00865453
0.00894312
0.00851738
-0.00693028
0.00161639
0.0105586
0.00658838
0.00496499
-0.00413468
0.00126915
-0.00372814
-0.0160628
0.0134296
0.00840404
0.00123358
0.00186541
-0.00989366
0.00525836
0.0117749
0.003507
0.00203713
-0.0043129
0.00818366
0.00219661
0.00136131
0.000889868
-0.0177493
0.0117594
-0.00500886
0.0184811
3.02798e-05
0.00370247
-0.000331524
0.00104933
0.0185606
-0.00170809
0.00294206
0.00577708
0.00954151
0.0120421
0.00236844
-0.0178973
0.0646439
0.0184926
0.00895434
0.0138231
0.00573875
0
0.000228733
0.000187149
0.0004384
0
0
0
0
0
0
0
0.0422252
0.0105845
0.0147815
0.00581572
0
0.0105521
0.0116333
-0.0171911
-0.0117497
0.00124234
0.0123861
0.00307068
-0.0121589
-0.00423307
-0.00492519
0.0166308
0.00281479
-0.0029409
-0.020081
-0.00771135
0.0189211
0.013132
-0.0124651
-0.0115106
-0.00671591
-0.00942598
0.0105029
0.00437498
-0.0109481
-0.00671111
0.0154187
0.00934148
-0.000500529
0.00475804
-0.00915669
0.00352892
0.0112127
-0.00158547
0.000426186
0.00674737
0.00561377
0.00519589
0.000484683
-0.00757406
-0.00218666
0.00810355
0.000328628
0.0303589
-0.000224042
-0.00579809
0.00786907
0.00336138
0.00120663
0.00287755
0.00566402
0.0012098
-0.0168843
-0.0166867
