# 1 157 (number of hyperplane, dimensionality of hyperplane)
# 0 (added bias feature? 0:no 1:yes)
-0.00226367
0.000465213
0.00036776
0.00133315
0.000667683
0.000136754
4.70954e-05
0.000126978
0.000112159
1.48175e-05
0
0
0
0
0
0
0
0
0
0
0.000113275
-0.000332996
-0.000173721
-0.000192946
-0.000102125
0.00221083
0.00264015
0.000840886
0.00133271
-0.00036794
0.00546711
0.000794161
0.00159531
0.00313447
0.00118313
0.00184045
0.00218907
0.0031197
0.00329096
0.000883448
0.00538216
0.00467103
0.00054268
-0.000313477
-0.00152655
0.00316507
0.00583841
0.00056822
0.000667994
-0.000401354
0.00298838
0.00333002
0.00325587
0.00375284
0.00161811
-0.00251666
0.00118207
0.00213463
0.00233892
-0.000409454
0.00210728
0.00229678
0.00268552
0.0032536
0.00226695
-0.000165876
0.00224521
0.000952398
0.000346123
0.000207646
0.000817336
0.000711772
-0.000484785
0.000495231
-3.68434e-05
-0.00112757
-0.00262749
0.00198977
0.00562048
0.000657255
-0.000116955
0.000155952
-0.000111158
-0.000167964
0.00023339
0.000184161
0.000148818
0.000166605
0.000150951
0
0
0
0
0
0
0
0
0
0
0.000209365
9.88394e-05
5.39712e-05
5.98595e-05
2.1175e-05
-0.000533855
0.000610361
0.00045284
2.11882e-05
0.000185998
0.0021548
0.0005868
0.00145017
0.000232053
0.000388889
0.000209956
0.00108445
0.00103447
0.000844993
0.000618952
0.00105509
0.000733406
0.000239111
0.000890916
0.000986544
0.000344525
-0.000117886
-0.000672735
0.00023927
0.00101967
0.00094918
-0.000684144
-4.79896e-05
0.000106503
0.000328797
0.000223319
-0.00252267
-0.000820535
0.00019048
-3.44531e-05
0.000761344
0.000783654
0.000590727
0.000617844
0.00022632
0.000555815
-4.1898e-05
0.00303931
0.000913256
0.000735602
0.000971488
-0.000253713
0.00049809
-8.71874e-05
0.000408822
-0.00165354
0.00195442
0.00274699
