# 1 157 (number of hyperplane, dimensionality of hyperplane)
# 0 (added bias feature? 0:no 1:yes)
0.00216078
0.000908965
-0.00104126
0.000333188
2.74115e-05
0.000514015
0.000250292
0.00089425
0.00105973
4.11819e-05
0.000418123
-0.000462598
0.000732986
0.00018351
0
-0.00028705
-0.000834282
-0.000472442
1.20048e-05
0
0.000242618
-0.000496262
-0.000831055
6.71504e-05
8.63321e-06
0.00260389
0.000444402
-0.00198217
-0.00115253
0.000238936
-0.00132631
0.0017732
0.00120936
6.27354e-05
-0.00141729
0.0018908
-0.000131716
0.000253518
0.00236404
0.000332173
0.00118194
-0.00315405
-0.00271377
0.000581527
0.00104897
0.00129502
-0.00171994
-0.00308471
0.000876867
-0.000250222
0.00200684
0.00221455
0.000822246
0.00181753
9.15718e-05
-0.00124534
-0.0011133
0.000396231
7.91662e-05
-0.000507301
0.00211434
0.000774557
0.000226649
0.002131
0.00454587
-0.00252601
0.00135159
-0.000494496
-0.00156439
-0.000560017
3.40819e-05
-0.000274779
-0.000303624
0.00189158
0.000405914
0.00481867
0.00498801
0.0040655
0.00173495
0.000378731
-0.00158103
-0.00177182
8.20739e-05
9.2772e-05
-4.59396e-05
-0.000718094
-0.000599448
0.000110563
0
0.000431871
0.000471388
0.000613246
0.000234807
0
0.000422161
0.000576905
0.000493572
6.65853e-05
0
0.000616231
0.000569262
0.000355539
0.000253336
5.18591e-06
0.000317969
0.000766014
0.00100628
0.000560252
0
0.000493911
-0.000510736
0.00212311
0.00140952
-8.70516e-05
-0.000414581
-0.000210935
0.00139875
0.00128662
3.83705e-05
-0.000991753
-0.000203335
-0.000584897
0.000441748
1.32382e-05
-0.000166025
-0.000919056
0.000139224
-0.000231938
9.71057e-05
0.000316592
-0.000532542
0.000252705
-0.000687889
8.32174e-05
0.00114234
-0.00177324
-0.00286436
-0.000277119
-0.00022476
0.00227699
-6.4367e-05
2.9827e-05
0.000285655
0.00214355
0.000138627
0.000252062
0.00140353
0.000816507
-0.000150265
0.000261583
0.00110489
-0.000389287
0.000790239
-3.49381e-05
0.000903083
0.00205057
0.000392644
