# 1 157 (number of hyperplane, dimensionality of hyperplane)
# 0 (added bias feature? 0:no 1:yes)
0.000809552
0.000602144
-0.000424919
0.00258409
0.0469067
-0.122919
0.115924
0.107911
0.00024674
4.43597e-05
0.0508028
0.0194815
0.0202607
0.0258359
0
0.0464157
0.0389033
0.0571035
0.0204345
0.0165884
-0.0532656
0.0765908
0.0474453
-0.048312
0.0345785
-0.000253628
0.00064174
-0.000274767
-0.00953349
0.0169221
-0.000258551
-0.000328377
0.000599393
-8.00771e-05
0.0010062
-0.000989055
-8.68905e-05
0.00104163
0.000367057
-0.00140091
0.00596249
-0.000901793
0.00076521
0.00137581
-0.0110501
0.000840117
-0.000162071
0.000819381
0.00157128
-0.0113191
-0.000976176
6.32112e-05
-0.000147216
0.000853806
-0.010548
-0.0004362
0.000422666
-0.000307524
-1.39e-06
-0.000133726
-0.0035689
-0.000117123
-0.000150158
0.000731508
-0.00562797
0.00213908
0.000261696
0.00207171
0.00164337
0.00207606
0.00105538
-0.00138044
-0.000303527
-0.00143753
-0.00242822
-6.76916e-05
0.000353734
-0.000814462
0.0141275
-0.00213049
-0.00363366
-0.00883674
-0.00413242
0.023286
-0.121939
0.108775
0.0997071
-0.0345354
-0.158759
0.0510639
0.0184919
0.0123701
0.0165809
0
-0.145356
0.121195
0.115985
0.0980239
0.0325441
-0.0543545
0.0722973
0.0410896
-0.0553008
0.0284095
-0.00160323
-0.00443588
-0.00642263
-0.0182169
0.011397
-0.002091
-0.0049036
-0.00720273
-0.00868903
-0.00678201
-0.0023342
-0.00468057
-0.0084272
-0.00873389
-0.0107833
0.00428564
-0.004235
-0.00892506
-0.00496216
-0.0188609
0.00273648
-0.00359621
-0.00904563
-0.00594179
-0.016763
-0.00245548
-0.00464014
-0.00713648
-0.00865806
-0.0170677
-0.00281189
-0.00420334
-0.00712373
-0.00793135
-0.00809215
-0.00364326
8.22737e-05
-0.000604349
0.00153962
-0.00631917
0.00277989
-0.00031197
0.00202842
0.00190965
0.0029906
-0.00285153
-0.00194522
-0.00108177
-0.00182107
-0.00277143
-0.000940392
-0.00143613
-0.000860088
