# 1 157 (number of hyperplane, dimensionality of hyperplane)
# 0 (added bias feature? 0:no 1:yes)
0.00613882
0.00665947
-0.00785548
-0.0136112
0.00228171
-0.000135162
-0.00121633
-0.00378251
-0.00125114
-0.000692228
0.00346276
0.00311043
0.00278181
0.00226548
0
-0.000289197
0.00184408
0.000590525
0.000154326
0
0.00348991
0.00361604
0.00247637
0.00138494
0
0.00604863
-0.00236266
0.00209554
-4.70294e-05
0.00176344
0.00255351
0.00268549
0.00133085
0.00122981
0.00640424
0.00147937
0.00816688
0.00572435
-0.00693231
0.0086866
-0.000816319
-0.000799585
0.0153029
-0.00322005
0.000253017
0.00288475
-0.00400015
0.016294
-0.00190357
0.00428301
0.000993107
0.00268414
0.0114372
-0.00164423
0.00687947
0.00275514
0.00458843
0.003816
0.0122959
0.00798294
-0.000381199
-0.00514085
0.00486459
0.00231705
0.00101659
-0.00145211
0.00914958
0.00949191
0.00663502
0.00551891
0.0059738
0.00638767
0.00115667
0.00359375
-0.00112766
0.0134207
0.0200725
0.0158298
0.0108412
-0.000546449
-0.00401853
-0.0107666
0.000611911
0.000639265
0.00105634
-0.000107288
-0.00299759
-0.000198267
5.33177e-05
-0.000581244
0.000102462
0.0022228
0.00141031
0
-0.000154998
-0.00303146
-0.000919403
0.000214035
0
0.000374755
0.00266129
0.00216399
0.000493754
0
0.00223044
-0.00437215
0.00235452
0.000844711
0
0.000158056
0.00130089
0.00307107
0.00171649
0.000302358
-0.00199745
0.00291958
0.00323726
0.00263626
0.000426987
-0.00195721
-0.00148061
0.00184943
0.000308927
0.000254437
0.00154053
-0.00257566
-7.76894e-05
-0.00221943
-0.000685118
0.00216048
-0.00408674
0.000716847
0.00269098
0.000319195
-3.42237e-05
-0.00235672
0.000286354
0.0103973
0.000707105
-0.000747327
0.000832913
-0.00171606
-0.00349677
-0.00170189
0.000991651
0.000960166
0.00944639
0.000442875
-0.00219178
0.00111915
0.000398153
0.00143022
0.00353984
0.00367688
0.00845928
0.00598897
0.0103259
