# 1 157 (number of hyperplane, dimensionality of hyperplane)
# 0 (added bias feature? 0:no 1:yes)
-0.00194975
0.00206271
0.00091505
-0.00012591
-0.000952369
0.000128627
4.03122e-05
3.96617e-05
1.79695e-05
0
0
0
0
0
0
0
0
0
0
0
0.000238311
0.000150134
8.89287e-05
8.50565e-05
0.000187055
-0.000529905
0.00202548
0.00241621
-9.56871e-05
-0.00175599
0.00225054
0.00635838
-0.000695877
0.000888781
-0.00162971
0.000192153
0.00330451
0.00866952
4.04472e-05
-0.00357294
-0.00106833
0.000248623
-0.000911927
-0.00138493
-0.00161668
-0.00360519
-0.00262738
0.00100582
0.000403731
-0.00132593
-0.00206293
-1.22396e-05
-0.00065333
0.00107087
-0.000225144
0.000395438
-0.00186486
-0.000477851
0.003428
0.00372086
0.00416202
-0.000105122
-0.000200473
0.00111399
0.00221192
0.00202588
0.00323188
0.00343566
0.00410741
0.00247463
0.00451323
0.00253878
0.00131631
0.000710085
0.00245066
-0.000183876
0.0031354
0.00299391
0.00307354
0.0016637
0.00190649
0.00129665
0.00102057
0.00117098
7.56058e-05
2.803e-05
2.03482e-05
8.7578e-06
0
1.14944e-05
0
0
0
0
0
0
0
0
0
0.000253692
0.000238314
0.000148001
0.000113365
0.000226745
0.00148387
0.000855887
-0.000652771
-0.00172353
-0.00446727
-0.000466343
0.000349076
-0.000604134
-0.00133744
-0.00314559
0.00024283
-0.00120135
0.000864653
0.000266145
-0.00068159
0.00100017
-0.000738894
-0.000678386
-0.00107076
-0.000864596
-0.000254521
0.00168461
0.00150118
0.000521467
-0.000799203
0.000297815
0.00391177
0.0024343
0.000394708
-0.000563861
0.00100045
0.00355636
0.00153938
0.0019376
0.00108431
0.00116147
0.000663717
0.000325048
-0.000185222
0.000504748
0.000682243
0.000158713
0.000240805
0.00086631
0.000302233
0.00139961
-0.000521055
-0.00100993
-0.00302307
-0.00389853
0.00346953
0.00344248
-0.00279605
