# 1 157 (number of hyperplane, dimensionality of hyperplane)
# 0 (added bias feature? 0:no 1:yes)
0.000188738
3.92885e-05
0.000121195
0.000166141
5.16775e-05
-8.47176e-05
4.48372e-06
-5.67092e-06
-3.47066e-05
7.70886e-06
-2.45933e-05
-4.86213e-05
-2.72378e-05
-2.59903e-06
1.53844e-06
1.26076e-05
6.19877e-05
-3.11281e-05
-4.93175e-05
1.80002e-05
-9.85813e-05
-8.93169e-05
-1.00191e-05
-0.000105656
2.42687e-06
0.000327034
8.03119e-05
0.000180855
0.000175178
2.49893e-05
0.000509781
0.000521438
0.000718871
0.000899281
0.00021452
0.000712819
0.00066683
0.000777516
0.000822018
0.000225962
0.000882409
0.00118517
0.000784689
0.0012197
0.000344812
0.000817871
0.00100602
0.0010256
0.00145452
0.000428453
0.000700969
0.000787879
0.000585555
0.000499244
0.000188159
0.00042925
0.000553502
0.000802783
0.000667485
0.000257915
0.000821828
0.00140736
0.00214573
0.0027047
0.000514695
0.000319068
0.000747682
0.000341355
0.00163699
0.00145209
0.00133997
0.000937024
0.000955716
0.000847346
0.000843366
0.000744898
0.000727342
0.000820921
0.00254718
0.000335961
0.000173464
8.6536e-05
3.39838e-05
1.68415e-06
9.12971e-05
4.16835e-05
3.6595e-05
1.17557e-05
0
1.44443e-05
1.45459e-05
1e-05
5.4545e-06
0
3.95444e-05
6.75484e-05
5.65173e-05
3.61942e-05
0
4.82063e-05
2.16862e-05
-1.22809e-05
-8.57622e-06
3.50873e-07
0.00029262
0.000167172
7.80031e-05
0.000114002
-7.7523e-05
0.000409072
0.000233156
0.000190888
0.000343525
-5.50413e-05
0.000190285
0.000323536
0.000221595
0.000221983
3.80582e-05
0.000165046
0.000191039
1.58898e-05
-0.00010282
-0.000135968
0.000161791
0.000240926
0.000153798
0.00034206
3.2725e-05
0.000286444
0.00030408
0.000237422
0.000295731
3.09282e-05
0.0003813
0.000211987
0.000209179
0.000169758
-3.26433e-05
0.000416993
0.000637677
0.000645223
0.000523732
0.000298698
0.000122892
0.000491946
0.000719141
0.000539271
0.000600627
0.000547421
0.00034343
0.000208514
0.000428932
0.000296188
0.000692504
0.000410765
0.000651504
