# 1 157 (number of hyperplane, dimensionality of hyperplane)
# 0 (added bias feature? 0:no 1:yes)
0.00013111
0.000193328
-0.00236871
0.0026745
-0.00243882
-0.00237536
-0.0043783
0.000862402
-0.00088195
-0.000200406
-0.00350504
-0.00173346
-0.0031466
7.09096e-05
0
3.55461e-05
-0.000455445
-0.00165007
0.000592856
0.000866647
-0.00424886
6.57136e-05
-0.000315005
-0.00080245
0.000611099
0.00215066
0.00503956
0.000619506
-0.00236449
-0.000679361
0.00454241
0.00639822
-0.00405207
0.00194915
0.00495991
0.00647095
-0.00377321
-0.00404897
0.00792891
-0.00476699
-0.00320632
0.0101213
0.00401835
0.00078143
0.00221313
-0.00347579
0.00155684
0.0040158
0.00442112
0.0106619
0.00176764
-0.00498476
-5.03004e-05
0.00768483
0.000486891
0.00199027
0.00481584
-0.00361452
0.00831647
0.00790638
0.00505754
-0.0040755
0.000911321
0.000178939
-0.00438994
0.0098146
0.00773123
0.0109314
0.00325981
0.00530866
0.00546643
0.00433283
0.000756823
0.000755716
0.00313584
0.00591352
-0.00530036
-0.00411947
0.00417018
0.00625241
0.00412822
0.00134199
0.00107472
0.000656737
-0.000265269
0.000192085
0.000137242
0.000348872
0
0.00117916
-0.0010119
-0.000161154
0.000485497
0
0.000326797
0.000296212
0.000196938
2.32327e-05
0
-0.00355234
-0.00402552
-0.00209233
-0.00128831
0
-0.000105298
-0.00560053
0.00162318
-0.00724197
-0.00280008
-0.00178476
-0.00162467
-0.00112903
-0.00626012
-0.00203688
0.00501325
-0.00224003
0.00497183
0.000981523
-0.00996431
0.00410577
0.00233704
0.000427006
-0.00397115
0.00738651
0.00838869
-0.00282056
-0.00492697
0.00623159
0.0116937
0.00409356
0.00239117
-0.00314335
0.00600845
-0.001748
0.000678309
0.00208065
-0.00381233
0.00517468
0.0054565
0.00485562
-0.00038803
-0.00193299
0.00022022
-0.00309811
0.00826281
-0.00172383
0.00409775
0.000140298
-0.000893465
0.00844179
0.00368423
0.0012366
-0.00218163
-0.00200547
-0.00322336
0.00320698
0.00178557
