# 1 157 (number of hyperplane, dimensionality of hyperplane)
# 0 (added bias feature? 0:no 1:yes)
0.00116694
0.000858353
0.000774764
0.000309159
0
7.12872e-05
-2.30795e-05
-0.000208542
4.23139e-05
0
-0.000133332
-0.000109092
-0.000255549
0
0
0
0
0
0
0
0.000112003
-9.82866e-05
9.61778e-05
5.92188e-05
0
0.000934437
-0.000140451
-0.000228047
0.000183893
1.48187e-05
0.000218888
0.000566959
0.000833022
0.00298678
0.000740496
0.000507238
0.00347663
0.000476928
0.00104186
0.00107758
-4.08011e-06
0.00192382
0.00110059
0.0037723
-8.24799e-05
0.00012069
0.00214495
0.0013912
0.00225761
-0.00056408
0.000642088
0.00315029
0.000138668
0.00073158
0.00193826
0.00145528
0.00174019
0.00181246
0.00177663
0.000412442
0.00293958
0.00165805
0.00195373
0.00262408
0.0014692
0.00152752
0.00168278
0.000278355
0.00181105
0.00163499
0.00137683
0.00056489
0.000943006
0.000631885
0.000661729
0.00059232
0.000804663
0.00198417
0.00460127
0.000688856
0.000267673
0.000145028
3.19977e-05
0
7.07119e-05
4.71413e-05
0.000138972
1.35184e-05
0
0
0
0
0
0
0
0
0
0
0
3.66511e-05
8.1758e-06
0
0
0
0.000935798
0.000496913
0.000459857
6.70715e-05
0
0.000140152
0.000160929
0.000276371
0.000255851
0
0.000301477
7.79918e-05
0.000593278
0.00118862
0
0.000247528
0.00025826
0.000584785
0.000259639
0
0.000158726
8.05023e-05
0.000406474
0.000426446
-0.000152471
-4.42716e-05
0.000595905
2.78891e-05
0.00044133
0
0.000812587
0.000349369
-0.000328097
0.000354054
0
0.00031776
0.000190675
0.000142688
0.000116596
0.000268729
5.09366e-05
0.000315008
0.00153079
0.001551
0.00155725
0.00138081
0.000162449
-0.000146101
1.30954e-05
5.90693e-05
0.00145771
0.00144675
0.00104363
