# 1 157 (number of hyperplane, dimensionality of hyperplane)
# 0 (added bias feature? 0:no 1:yes)
0.000110719
0.000174327
-5.71022e-05
2.42608e-05
5.42051e-05
4.8177e-05
-3.45766e-05
-7.30995e-05
-1.72734e-05
1.03844e-05
-6.1524e-05
-0.00015708
-0.000140102
-8.34696e-06
0
-0.000140422
-0.000242273
-0.000194541
-3.01374e-05
0
-3.6282e-05
-0.000102574
-0.000118872
-1.43486e-05
3.88885e-06
0.000141996
0.000103736
-5.66878e-05
0.000314325
6.85709e-05
5.16876e-05
0.000389742
0.000351992
0.000931119
2.94022e-05
0.000316481
0.000247206
0.000356826
0.00118609
0.000188578
-0.000282828
0.000229969
-9.19138e-05
0.000403068
0.000245277
-0.00024916
4.22407e-05
-0.000413905
0.000291895
0.000280941
0.000188051
0.000393568
0.000207477
0.00164266
0.000246521
0.000103283
0.000245611
0.000175118
0.00079926
-3.49973e-06
5.30331e-05
0.00122401
0.00179119
0.00205047
0.000168346
-0.000119794
0.000898184
0.000148363
-0.00068308
-0.00069186
-0.000616279
-0.000223441
-0.000138999
-0.000117734
-0.00015995
0.000985212
0.00108965
0.000857717
0.00214957
-2.43497e-06
-0.000140323
-1.45825e-05
5.78978e-05
0
4.32113e-05
2.12778e-05
2.16233e-05
2.38594e-05
2.75861e-06
1.28921e-05
2.39443e-05
2.2316e-05
4.0742e-06
0
3.17743e-05
4.09049e-05
3.0338e-05
5.70446e-06
0
4.03102e-05
2.74359e-05
1.85099e-05
6.65566e-06
0
6.34039e-05
3.25441e-05
6.08016e-05
4.53653e-05
2.83082e-07
0.000309143
0.000203135
0.000303162
0.000278401
2.91112e-06
0.000133737
0.000147649
0.000217839
0.000218559
3.29926e-06
9.87908e-05
0.000193103
6.02998e-05
0.000193661
4.23141e-06
7.39189e-05
0.000152516
0.000140966
0.000117769
1.00291e-05
0.000130756
0.0001743
0.000230913
0.000192336
1.16764e-05
0.000297119
0.000122962
0.00021984
0.000243845
2.0752e-06
0.000345199
0.000298417
0.000290323
0.000456832
0.000192261
0.000158881
0.000321247
0.000890864
0.000336365
0.000414024
0.000414962
0.000131671
0.000105221
0.000110143
7.34407e-05
0.000499482
0.000534982
0.000672787
