# 1 157 (number of hyperplane, dimensionality of hyperplane)
# 0 (added bias feature? 0:no 1:yes)
0.00114428
0.00150703
0.000825692
0.00044166
0.000273849
4.22559e-05
4.94625e-05
3.53678e-05
2.19262e-05
3.50121e-05
0
0
0
0
0
0
0
0
0
0
7.0412e-05
6.29971e-05
5.65114e-05
5.12048e-05
3.55125e-05
0.00103976
0.00140063
0.00098167
0.00152261
0.000300081
0.00130516
0.00126524
0.00153546
0.00101933
0.000360087
0.000579335
0.00211322
0.00263939
0.00176022
0.000851074
0.00161584
0.0024015
0.000987858
0.000600317
0.000540613
0.00136556
0.00192019
0.000803443
0.000249737
0.000632012
-0.000140242
0.00109921
0.00177438
0.00128253
0.000767704
0.00116604
0.00161718
0.00181141
0.00138152
0.00112389
0.00057591
0.00175499
0.00267594
0.00345042
0.000291293
0.000295676
0.000520763
0.00185507
0.00133149
0.00145998
0.00131209
0.000963812
0.000893908
0.000926164
0.000998654
-0.000423122
-0.000269828
0.000688851
0.00483329
0.000651434
0.000501767
0.000284883
0.000279325
0.000181075
1.95795e-05
2.04482e-05
2.373e-05
1.42699e-05
1.22312e-05
0
0
0
0
0
0
0
0
0
0
2.51877e-05
8.22755e-06
5.96031e-07
0
0
0.000672285
0.000477532
0.000233305
0.000213465
0.000142663
0.000668215
0.000558224
0.000349502
0.000272988
-5.95046e-05
0.000366536
0.000481227
0.000343824
0.000304781
0.000167128
0.000719374
0.000318147
0.000124245
0.000139521
8.32497e-05
0.000626117
0.000253656
0.000194565
0.00014942
0.000197391
0.000568326
0.000437467
0.000286464
0.000176744
7.18518e-05
0.000824487
0.000723798
0.000410567
0.000266521
0.000164911
0.000312347
0.000448225
0.000516492
0.00059791
0.000226074
8.96256e-05
0.000289588
0.00153787
0.000746132
0.000701909
0.000631144
0.000176746
0.000170036
0.000242736
0.00019322
0.00128937
0.00127999
0.0015051
