# 1 157 (number of hyperplane, dimensionality of hyperplane)
# 0 (added bias feature? 0:no 1:yes)
0.00015015
-0.000108808
-0.000150752
-5.39623e-05
1.71426e-06
2.4735e-05
1.49109e-05
1.62342e-05
0
0
9.04886e-06
7.40376e-06
1.36124e-05
1.55006e-06
0
0
0
0
0
0
-2.72017e-05
-2.48021e-06
4.73277e-06
3.3963e-06
0
0.000140082
9.88254e-05
4.69443e-05
1.85505e-05
1e-06
0.000174583
0.000425855
0.000729754
0.000747442
6.2477e-05
0.000256986
0.000468988
0.000943372
0.00115834
7.83602e-05
0.000235288
0.000703724
0.0011879
0.00148965
0.000291117
0.000253997
0.000935922
0.00123889
0.001195
0.000318294
0.000202935
0.000768366
0.00102066
0.00113461
9.33315e-05
0.000150653
0.000325621
0.00057316
0.00104526
1.89975e-05
2.00895e-05
0.000579728
0.00100849
0.00136431
-2.03274e-05
4.19875e-05
0.000206701
0.000190994
0.000698013
0.000643413
0.000712777
-1.63595e-06
1.40969e-05
8.26354e-05
3.2654e-05
0.000576485
0.000701901
0.000610124
0.00145569
0.000171621
0.000107389
7.61417e-05
0.000116387
5.7142e-06
1.06965e-05
2.44762e-06
3.16412e-06
0
0
7.53202e-06
5.71981e-06
1.08458e-05
5.093e-06
0
0
0
0
0
0
9.60353e-06
1.03138e-05
5.68353e-06
1.15001e-05
0
0.000237726
0.000118398
5.53716e-05
6.89139e-05
0
8.78607e-05
7.67151e-05
-3.86425e-05
7.38933e-05
2.64152e-06
0.00018394
9.01101e-05
1.96314e-05
-5.93666e-05
3.34282e-06
0.000109445
0.000251976
0.000220291
-9.28873e-05
-9.77207e-06
-1.29197e-05
-4.12007e-05
2.74896e-06
0.000144065
-1.31644e-05
-6.22168e-05
0.000122569
0.000104651
0.000420729
1.20981e-05
0.000354513
0.00022487
0.000207588
0.000223455
3.33671e-05
0.000124857
0.000119357
9.60906e-05
4.74887e-05
7.31169e-05
5.37509e-05
0.000119717
0.000497361
0.000293177
0.000159736
0.000163807
3.52898e-06
-4.6825e-05
5.53584e-06
1.70404e-05
0.000275088
0.000303905
0.000533219
