# 1 157 (number of hyperplane, dimensionality of hyperplane)
# 0 (added bias feature? 0:no 1:yes)
-0.000126043
-0.000717654
0.00124744
0.000661277
0.000827432
0.000640857
0.000497237
0.000677352
6.59778e-05
0
0
0
0
0
0
2.22725e-05
3.03731e-05
2.33633e-05
3.91342e-05
6.07451e-06
0.00017493
3.25895e-05
7.59311e-06
1.44395e-05
8.43673e-06
0.000351791
0.00138347
0.000523134
0.00129398
-0.00288539
-0.00035708
-0.000604212
-0.00150721
0.00506509
-0.000900126
-0.00472453
0.00160546
0.00466141
0.0126367
-0.00080217
0.00158352
0.000416164
0.00397326
0.00590023
0.0041822
-0.00323225
0.00126732
0.0021642
-0.000571019
-0.00448595
0.000593468
-0.00116694
0.00073796
0.0018064
0.00215831
0.000143975
0.000230431
0.0029918
-0.00325839
0.00308073
0.00407102
0.000679351
-9.60186e-05
0.00109433
0.00277308
0.00134838
-0.00151256
0.00124269
0.000843211
-0.00048909
0.00366661
9.06141e-05
0.000881774
-0.0015816
0.00144782
0.00395324
0.00241733
0.00623369
0.00425933
0.00139529
0.00174057
0.000627315
0.00170707
4.70061e-05
2.61132e-05
3.2587e-05
5.00288e-05
1.86337e-05
0
0
0
0
0
0
0
0
0
0
0
3.56981e-06
0
0
0
0
-0.000174687
-0.000839314
-0.000898658
-0.00164494
-0.00224256
0.000309524
-0.00145671
-0.00198788
-0.00320306
-0.00256609
0.000443886
0.00148497
0.00145742
0.000856873
-0.000371333
0.00121645
-0.000432345
-0.00105081
0.00117954
3.00463e-05
4.84994e-05
0.00134273
0.00215111
0.00130492
0.000576234
0.00119851
0.00150392
0.0003281
0.00128915
0.00286528
0.000630042
-0.000943307
0.00216703
0.0018246
-2.48612e-05
0.000146644
-0.000367851
6.41993e-05
0.000192783
1.1023e-06
0.000151198
-0.00120374
0.00103606
0.00238887
0.00240679
0.00250711
0.00149431
-0.000138791
-0.00113302
-0.0010591
0.00140709
-0.0016039
-0.00116437
