# 1 157 (number of hyperplane, dimensionality of hyperplane)
# 0 (added bias feature? 0:no 1:yes)
0.000886761
0.000234404
-0.000285654
0.000511487
-2.21974e-05
9.37176e-06
-4.454e-05
-9.11211e-05
7.01751e-06
0
0
0
0
0
0
0
0
0
0
0
-0.000166383
-5.482e-05
4.19502e-05
2.98983e-05
5.65007e-06
1.25046e-05
0.000380057
0.000482971
-1.00792e-05
0.000145255
-0.000108561
0.00201229
0.00182213
0.000645384
0.000903902
0.0015481
0.00179543
0.00155073
0.00195337
-0.00010376
-0.000323125
0.00381696
0.00288094
0.00324375
-0.000185917
0.000825045
0.00312727
0.0022683
0.00299332
0.00242642
0.000686575
0.00251921
0.00157673
0.00110135
0.00173849
0.00194731
-0.000135536
0.00143402
0.00358278
0.00158228
0.00115806
0.00303752
0.00412737
0.00611264
0.000848331
0.00032176
0.00217958
0.000396344
0.00206206
0.00198495
0.00246523
0.000699003
0.00148977
0.00106883
0.000792428
0.00196972
0.00177837
0.00205051
0.00447455
0.000963186
0.00124457
0.000416316
0.000306556
9.05788e-05
0.000305532
0.000168681
8.89754e-05
4.21043e-05
0
0
0
0
0
0
0
0
0
0
0
0.00023294
0.000194389
0.000106591
4.84228e-05
2.19776e-06
0.00112995
0.000176339
0.000171219
0.000325022
5.93401e-06
-0.000116975
-0.000441878
0.00014418
0.000222575
-0.000743905
0.00059465
0.000398083
0.000772202
0.00061448
-0.000195781
0.0007131
0.000452814
0.000112468
0.000384914
0.000384416
0.000204589
0.000720375
0.000327155
-0.000795622
-0.00053688
-0.00156496
-0.000150683
0.000644702
-0.000947456
0.00043331
0.00156749
0.00118175
0.00106587
0.000913518
0.000313846
0.000712083
0.000807435
0.000459752
-2.07078e-05
0.000988132
-0.000286776
0.00141715
0.000796347
-0.000113595
0.000235245
0.000364697
0.000170924
0.000795439
0.000147727
-0.000697807
0.00221179
-0.000331833
0.00223011
