# 1 157 (number of hyperplane, dimensionality of hyperplane)
# 0 (added bias feature? 0:no 1:yes)
0.00066674
0.000381364
7.23419e-05
-0.000518401
9.45155e-07
0.000310448
0.000119725
-6.00628e-05
0.000144948
0
2.57957e-05
1.64158e-05
0
0
0
0
0
0
0
0
5.50161e-05
-0.000441306
-0.00061742
-2.21557e-05
0
0.00167872
0.000134312
0.000492574
0.000114901
0
0.00240374
0.00208648
0.00162836
8.46143e-05
0.000142395
0.00171928
0.00171655
-2.45489e-05
0.000568921
0.0002366
0.000518925
0.0017786
0.0014538
0.00135904
0.000947384
0.00015199
-0.000192055
0.000185738
0.00127495
0.00106918
0.00130731
0.000539228
0.000934355
0.00211354
0.000189517
0.00215584
0.00146565
0.000633726
0.00029902
0.000161966
0.00222803
0.00240817
0.00253981
0.00279228
0.00106017
0.00121324
0.00164894
0.000395853
0.00123922
0.00170661
0.00023042
0.00105536
5.48199e-05
0.00149341
0.00133722
0.00156014
0.0020379
0.00174899
0.00463656
0.000210183
2.81101e-05
0.000241129
0.000878379
0
0.000290931
9.76657e-05
3.05192e-05
0
0
8.59856e-06
0
0
0
0
0
0
0
0
0
0.000337574
-6.49411e-05
-0.000106489
0.000102596
0
0.000414597
0.00028029
0.000138306
0.000507122
2.5796e-06
0.000728521
0.000683193
0.000105059
-1.47845e-05
4.28386e-06
0.000111676
-0.000734903
9.99122e-05
-0.000904791
-1.54875e-05
0.000779652
0.00153095
0.000255935
-0.000270113
-5.77711e-05
0.00070512
-4.18048e-05
-0.000246441
0.000606987
-7.0332e-06
0.000461861
-0.000384983
0.000996987
0.000950237
3.96862e-06
0.000574919
0.000873673
0.000730477
0.00120294
2.2119e-05
0.000903539
0.000718484
-0.000289848
-0.00170596
0.000445797
0.000475529
0.0023887
0.00153908
0.000243007
0.00112595
0.00109469
0.000885558
0.000534498
0.00152094
0.000644294
0.000903124
-8.39883e-05
-3.02631e-05
