# 1 157 (number of hyperplane, dimensionality of hyperplane)
# 0 (added bias feature? 0:no 1:yes)
0.00298414
0.00139227
-0.00026015
0.000840505
7.04352e-05
0.000466272
0.00044135
0.000597104
0.000287405
5.13378e-05
5.45891e-05
0
0
0
0
1.09729e-05
0
0
0
0
-0.000253824
-3.18353e-05
0.000351979
0.000282201
0.000112393
0.000497953
-0.00134946
-0.00140288
0.000383199
-0.00013528
0.00174897
-0.000805065
-0.0007324
-0.00107911
0.000161422
-0.00321916
0.00195709
0.00257121
0.00272746
0.000124877
-0.000928021
0.000612803
0.00241924
-0.000802157
0.00127512
0.00153402
0.00137659
0.0031081
-0.000446031
-0.00166735
-0.000209627
0.000924004
-0.000102971
-0.000387433
-5.48626e-05
0.000187376
-0.000366804
0.00157189
0.000360448
7.02795e-05
-0.000446383
0.00112057
0.00256782
0.00637798
0.00154303
-0.00206672
-0.00118168
0.00229693
0.00142532
0.00189192
0.00292913
-0.000683778
-0.000177398
0.00161532
0.000390812
0.00549139
0.0044776
0.0041173
0.00287377
0.000241907
-0.000722214
-0.003108
0.000788105
0.00033588
7.48767e-05
9.11649e-05
0.000118029
3.85153e-05
0
8.25753e-05
0
0
0
0
1.5632e-05
1.3704e-05
2.23324e-05
1.03074e-05
0
0.000216307
0.000220427
0.000102385
8.9061e-05
6.75679e-06
0.00144857
0.00186853
0.000777108
0.00125592
0.000406637
0.000980407
-0.00143206
0.000867407
0.00178418
0.000396378
0.00172811
0.000482758
-0.00200043
-0.000261374
0.000209557
0.000389818
-0.000944147
0.000832993
0.000363393
0.00119673
0.000318257
-0.000939897
0.000543938
-0.00127912
-0.00235002
0.0017195
0.00105178
-0.00197141
0.000186462
0.000514545
0.00149405
0.000542264
0.000856496
-0.000616692
0.00176406
0.00225657
-0.00138055
-0.00114875
-0.000542276
0.000150414
0.002188
0.00133593
0.00278937
-0.00128366
0.000147219
0.00127551
-0.0020588
0.00053537
0.000904844
-0.000475721
0.00382453
-0.0024441
-0.000944703
