# 1 157 (number of hyperplane, dimensionality of hyperplane)
# 0 (added bias feature? 0:no 1:yes)
0.000179858
-0.000141722
0.000601749
0.000193169
-2.06241e-06
0.00023367
0.000154133
0.00038518
0.000185947
0
7.8066e-05
0.000179094
0.000238493
4.76441e-05
0
-0.000183803
0.000246088
0.000223579
3.78271e-05
0
0.000103227
4.68521e-05
-5.01342e-05
-0.000186161
0
0.000492715
0.00026036
0.000901662
0.000837442
0.000278991
6.64595e-05
0.000439034
0.000374554
0.00127027
0.000154473
0.00029912
0.00114204
0.000861024
0.000744954
0.000270186
0.000190354
0.00127598
-0.000103656
0.000768624
-0.000269143
0.000288136
0.0017711
0.000477662
0.000380975
-0.000836766
0.000277279
0.00121088
0.000394375
0.000887959
-0.000401541
5.20959e-05
0.000481673
0.000420431
0.000438656
-5.26253e-06
0.000268158
0.00222736
0.00196628
0.00237388
-2.75298e-05
0.000307178
0.00121244
0.00168421
0.00196173
0.00156158
0.00139185
0.000627837
0.00116542
0.000988428
0.000310939
0.00289586
0.00295094
0.00228787
0.00308706
0.000119654
0.000116819
0.000420219
0.000195437
-9.55052e-05
0.000124859
0.000264575
0.000224283
8.6023e-05
0
9.93329e-05
0.000178331
0.000154019
4.90241e-05
0
3.90946e-05
5.30264e-05
4.23235e-05
4.70276e-06
0
7.82283e-05
-4.25054e-05
-1.56233e-05
0.000238451
0
0.000669622
0.000556111
0.000810437
0.000249422
-0.000288351
0.000149986
0.00017754
0.000533824
5.74178e-06
-0.000158047
0.000646892
0.000429474
0.000352951
-0.000348731
-0.000302942
0.000710085
-0.000277389
-0.000181048
0.000610559
7.26982e-06
0.000201678
-0.000342865
-0.000256292
0.000425142
4.36567e-05
0.000472587
0.00045759
5.03909e-06
0.00058669
-0.000214774
0.000289677
0.000257285
-0.00019922
5.64455e-05
-0.000164432
0.000323339
1.76006e-05
6.49246e-05
0.000364875
0.000401832
-8.15439e-05
-0.000525222
0.000976579
-0.000277546
0.000265183
-0.000214317
-4.17346e-05
-2.1498e-05
0.000371943
0.000127633
-5.02897e-05
9.43987e-05
0.000756908
