# 1 157 (number of hyperplane, dimensionality of hyperplane)
# 0 (added bias feature? 0:no 1:yes)
-0.00458319
0.00266067
-0.00333883
-0.00301234
0.00207968
-0.00254845
-0.00112199
-0.00184617
-0.000445741
0
0.00110143
0.00102885
0.00236088
0
0
-0.00112342
-0.000638332
-0.000864179
0
0
0.000664402
0.000549708
-0.000710037
-0.000287834
0
-0.000320537
-0.00178784
0.00535261
0.0021049
0.00100839
0.00352732
0.00148413
-0.0105738
-0.00289721
-0.0117419
0.00218307
-0.00067836
0.00264585
0.00401343
-0.00923168
0.00332089
0.0178949
0.0078589
0.0069287
-0.0101681
-0.00306571
0.00437519
0.0035549
0.00515691
-0.00232706
0.00716744
0.00736647
0.00186346
0.00624582
0.00631095
0.00633794
0.000709662
0.00112276
-0.00213173
0.00228741
0.00130419
-2.80538e-05
-0.00177047
0.00853564
0.00271155
-0.00146205
0.00209339
0.000829147
0.00381889
0.00125729
0.00474527
-0.0014589
0.000415796
0.000135686
0.000230767
0.00582824
-0.00284811
0.0023535
0.0110312
0.000145287
0.00252739
0.00219662
0.00173326
0.000443548
1.301e-05
0
0
0
0
-3.12181e-06
0
0
0
0
-2.24765e-05
-1.27713e-05
-1.72899e-05
0
0
0.000108129
7.08434e-05
0.000171202
6.73586e-05
0
0.00331785
0.00189331
0.000987594
-0.000190445
0.000204195
-0.00140678
0.00294212
0.00187132
0.00305548
0.000440077
0.00358396
-0.0015748
-0.00126061
-0.00363853
-0.00292616
0.000595705
0.00456221
0.000215299
0.00243431
-0.00851529
0.00310737
0.00365391
-0.00125293
0.00165287
0.000654677
0.00238897
-0.00188806
0.00057364
0.00395999
-0.000808075
0.00076569
0.0017579
0.00130132
0.00211114
0.00140068
3.93896e-05
0.00410229
0.00366216
0.00293015
-0.00135352
0.00144704
0.00368513
0.000551531
-0.000626909
-0.00147666
-0.00279638
-0.000501443
-0.00201641
-0.000640331
-0.00202743
-0.00208238
-0.0016646
-0.00293956
