# 1 157 (number of hyperplane, dimensionality of hyperplane)
# 0 (added bias feature? 0:no 1:yes)
0.000818829
0.000796584
0.00105648
0.00108162
0.000586925
-0.00100658
-0.000365869
-3.60934e-05
-8.09989e-05
0
7.28986e-05
0.000117397
9.10513e-05
8.98428e-06
0
-0.000247008
-0.00043143
-0.000241213
-0.000593973
-0.000109366
-0.000463837
-0.000446725
-0.000131546
-0.000331326
-0.000103967
0.00102999
0.00051328
0.000634483
1.88751e-05
0.00045896
0.00193148
0.00243892
0.00200724
0.00303254
0.00132671
0.00179802
0.0020336
0.00165885
0.00210687
0.0012315
0.00291152
0.000970602
0.0010936
0.000134151
0.00062893
0.00228388
0.00131475
0.00164217
0.00081261
0.000984096
0.00178071
0.00116917
0.00195963
0.00391081
0.00115404
0.00203678
0.00253755
0.00241637
0.00333914
0.000257962
0.00165321
0.00297586
0.00486531
0.00637051
0.000854932
0.000829295
0.00166464
0.00154882
0.00234525
0.00346527
0.00221979
0.00104622
0.000940876
0.00138267
0.00128703
-0.00137606
-0.00213677
-0.002014
0.00629518
0.00109331
0.000579824
0.000331135
0.000319709
0.000153018
-4.08141e-05
-8.23215e-05
-0.000236688
-0.000383542
0
1.13905e-05
1.84054e-05
1.72031e-05
2.57555e-06
0
9.70195e-05
0.000186804
0.000131062
0.000164113
3.30718e-05
0.000181922
6.41481e-05
-0.000107612
-4.05224e-05
-1.83952e-05
0.000655359
0.00041616
0.000330445
0.000470984
0.000114967
0.000604721
0.000424404
0.000682074
0.000169484
-0.000191725
-0.000130087
0.000472184
0.000818327
0.000189867
-0.000199923
0.000445684
0.000893738
0.000686938
0.000667548
0.000397462
0.000309944
5.09709e-05
0.000327733
0.000136558
0.000384863
0.000818811
0.000353963
0.000476644
0.000827427
0.000148048
0.00051066
0.000871644
0.00036092
0.000152575
0.000128716
0.000465106
0.00126157
0.00144526
0.00130821
7.70673e-05
0.000403118
0.000482562
0.00224296
0.00153717
0.00106595
0.00178961
-0.00012572
2.97603e-05
-0.000149179
-0.000260481
0.00184213
0.000988143
0.00105769
