# 1 157 (number of hyperplane, dimensionality of hyperplane)
# 0 (added bias feature? 0:no 1:yes)
-1.7692e-05
2.92897e-05
3.32721e-06
2.11696e-05
2.68791e-05
0.000153865
9.86844e-05
0.000197911
0.000106718
6.48555e-05
2.25678e-05
1.16174e-05
2.7214e-05
0
0
0.000135978
3.42377e-05
4.63513e-05
0
0
0.000164251
-7.23995e-05
-7.95401e-05
-1.99987e-05
-9.88584e-06
-3.68611e-06
2.8728e-05
-4.35705e-06
1.78668e-05
-0.00018143
-2.41302e-06
-1.2826e-05
-3.63649e-05
-3.72808e-06
-8.64431e-06
-2.69327e-05
1.66709e-05
2.32438e-05
2.58654e-05
-4.63101e-05
0.00041181
1.77535e-05
-2.99327e-05
1.82595e-05
-7.02193e-06
0.000174064
-2.00938e-05
3.98015e-05
5.21732e-05
-1.4587e-05
-8.00322e-07
-5.46702e-06
2.05833e-05
4.46932e-05
-3.55304e-05
-1.98293e-06
-1.92144e-06
-1.67584e-05
-1.78551e-05
1.48379e-05
6.60549e-06
-3.97526e-05
2.98144e-05
-5.98803e-06
-5.86985e-06
1.29601e-05
4.9782e-06
0.000103
9.69649e-06
9.30947e-06
2.42529e-05
4.46818e-06
-4.11883e-07
6.23999e-06
1.59979e-06
9.77337e-06
1.74744e-05
-2.6322e-05
0.00010689
-4.02427e-05
1.98165e-05
-1.00207e-05
2.64719e-05
-6.60437e-05
0.000138072
0.000136336
0.000137862
0.000112985
5.2584e-05
1.47254e-05
9.80483e-06
2.2968e-05
0
0
0.000141304
1.12173e-05
1.5186e-05
0
0
8.13504e-05
-4.29347e-05
-4.99678e-05
-0.000114707
-3.45581e-05
-2.60318e-05
-1.29753e-05
-3.18898e-05
1.44834e-05
-5.15997e-05
-4.09347e-05
-1.27505e-05
-1.8211e-05
2.64387e-06
6.06569e-05
-1.90946e-05
-1.19092e-05
-4.16611e-05
-2.5299e-05
4.02122e-05
0.000400804
-3.51817e-05
-5.59609e-05
4.96087e-05
-1.70437e-05
0.000195828
-6.89608e-05
-3.00259e-05
6.22769e-05
6.22366e-06
2.59722e-05
-7.9982e-06
-1.81095e-05
-3.31285e-05
-4.30014e-05
-1.66746e-05
1.10177e-05
-1.9984e-05
-4.58533e-06
-9.71263e-07
-2.09678e-05
6.94737e-05
2.25997e-06
-3.32823e-05
1.76437e-06
-2.36155e-05
-5.10006e-05
-4.42301e-05
2.25418e-06
1.66119e-05
-1.44631e-05
-2.26254e-05
-2.27954e-05
1.81235e-05
-9.66365e-06
-5.35668e-05
-3.36547e-05
-3.443e-06
