# 1 157 (number of hyperplane, dimensionality of hyperplane)
# 0 (added bias feature? 0:no 1:yes)
0.00134408
0.000962286
-0.000190322
0.000912841
0.000424532
0.000239248
-0.000225421
-0.000275427
-2.7998e-05
0
5.09396e-07
4.16787e-07
9.76329e-07
0
0
0
0
0
0
0
-6.47719e-05
-0.00010465
2.49999e-05
1.63935e-05
0
0.000853627
0.0013114
-0.000441851
-0.000723134
0.000271264
0.00217792
0.00150766
0.00129674
0.000248978
0.00111679
0.00223009
0.00304648
0.00150456
0.00163671
-0.000342805
0.00141602
0.00245504
0.00130941
0.00290248
0.000585504
0.00074587
0.00128299
0.00242887
0.00420454
0.00263804
0.00119841
3.47458e-05
0.000140741
0.00256864
0.00202609
0.00243757
0.000632366
0.00104514
0.00261674
0.00158826
0.00121533
0.00188059
0.00248049
0.00353727
-5.50532e-05
0.00131975
0.00206281
0.000693693
0.00308256
0.00290155
0.0028323
0.00160033
0.000290649
0.00115269
0.000890705
0.00108906
0.00233858
0.00183185
0.00531476
0.000311575
-0.000859447
0.000571067
-0.000352101
0.000212547
0.000174095
0.000158668
3.60349e-05
0
0
0
0
0
0
0
0
0
0
0
0
6.92064e-05
0.000117887
0
0
0
5.64394e-05
0.00026839
-0.000108169
0.000294597
2.5e-05
0.000903452
0.000513921
-0.000459169
0.000564242
4.07903e-05
0.000482093
0.000839029
0.00121276
0.00122434
0.000248285
0.000504662
0.000392497
0.000847875
-0.000619275
0.000603503
0.000813281
0.000258149
0.000538006
-0.000258598
0.00043366
0.000670106
-5.30366e-05
0.000756039
-0.000148437
0.0002333
0.000845288
0.000853031
0.000890859
-1.4875e-05
0.000337362
0.000357367
0.000458551
0.000770496
0.0008607
0.000282719
7.75485e-05
0.00059725
0.00193688
0.000756984
0.000310316
-7.10248e-05
0.000946966
0.000513364
0.000169128
0.000598457
0.00411861
0.000619998
0.00262615
