# 1 157 (number of hyperplane, dimensionality of hyperplane)
# 0 (added bias feature? 0:no 1:yes)
-0.00103734
-0.000231919
-0.00197296
-0.00248517
0.000572319
-0.0130832
0.0056851
-0.00704414
0.0042067
0.000745067
-0.00350814
0.00495805
0.00646511
0.000744824
0
0.00415033
0.00497731
0.00170408
-0.00129756
0
0.0132391
-0.000962545
-0.0166877
-0.00212541
0
0.0110247
-0.000113846
0.00802162
-0.00624968
-0.00134637
-0.00502772
0.000683748
0.010561
-0.00813955
0.00208405
-0.0142342
0.00333
0.00717305
0.00819823
-0.00158412
-0.000196774
0.00576616
0.0172834
-0.0108763
0.00659945
0.00174131
0.000550168
-0.0064429
0.00195144
0.000657301
0.0100086
-0.00680513
0.00230658
0.00737941
-0.00563311
-9.57054e-05
0.00248633
0.00492834
-0.00316124
0.00920474
0.00362538
0.00357908
0.00152086
0.00801507
0.00143265
0.00227794
0.000265152
0.00849173
0.0082194
0.00772883
0.0124712
0.000912494
0.0019607
0.00536862
-0.00222242
0.00962008
0.0101802
-0.00740181
0.0171035
-0.00845028
-0.00373426
0.00588938
-0.00120453
-0.000278645
-0.00185015
-0.0116628
-0.010578
-0.00406752
0
0.00826118
0.00876152
0.00231292
-5.15738e-05
0
0.00194375
0.00401516
0.00264821
0.000652204
0
0.0044857
0.00974903
-0.00215112
0.00124076
0
0.00118744
-0.00911627
0.00171155
0.0109438
9.31376e-06
-0.00938664
-0.00673143
0.00444538
0.00240345
0.00225276
-0.00310465
-0.00190095
0.00779181
-0.00487672
-0.00426813
-0.0129025
0.00178469
-0.00532774
0.0091268
-0.000657243
0.0150551
-0.00459189
-0.00409181
-0.00131198
0.0106684
0.00432296
0.00982432
0.00373683
0.00966991
-0.00571047
-0.00125189
-0.00379408
-0.00425233
0.00581951
-0.000231494
0.00189787
-0.00112413
-0.00329457
-0.0111982
-0.000897581
0.00290407
0.00462501
0.0114561
0.00279108
-0.00430785
-0.00465429
-0.00033963
-0.00283638
0.005312
0.00220715
0.00320048
-0.00696967
0.0013696
