# 1 157 (number of hyperplane, dimensionality of hyperplane)
# 0 (added bias feature? 0:no 1:yes)
0.000720429
-0.000230177
-0.00139455
0.000546814
0.000799742
-0.000866335
-0.000627484
-0.0010138
-0.000348071
1.00934e-05
-0.000953946
-0.000972495
-0.000578213
-0.00039514
0
0.000356325
0.000593203
0.000410418
6.15387e-05
0
-0.00107731
-0.00134138
-0.00100871
-0.000345353
-0.000145206
-0.00103638
0.000191942
-0.00104651
0.00148979
-0.000342229
0.00168085
0.00356957
0.00150479
0.00133649
0.000699109
0.00185311
0.00112477
0.00172337
-0.000360307
0.00025385
0.000653927
0.00175096
0.000129131
0.000378244
0.001149
-7.08843e-05
0.0013007
0.000402308
0.00261881
0.000959308
0.00210978
0.000904667
-0.00031967
8.88665e-05
0.00119406
0.000343823
0.000240353
-0.000265045
0.00213871
0.00174173
0.000111929
0.00110038
0.00238169
0.001679
0.000711153
-0.000622509
0.00136483
0.00190442
0.00180548
0.00210617
0.00150556
-0.000127196
0.000516872
0.000145507
0.000164482
0.00296126
0.000892197
0.00246702
0.00104176
-0.000133253
-9.69285e-05
-0.000904706
0.000329673
0.000186024
4.79562e-05
-0.000145521
-4.20253e-05
-0.000170628
0
0.000156958
1.11862e-05
0.000242385
8.18176e-05
0
0.000165444
0.000268597
0.00023933
9.06945e-05
0
7.39081e-05
-9.35902e-06
0.000309952
0.000152571
1.84306e-05
-0.000183449
-0.000537199
4.32928e-05
0.000852506
0.000165338
-0.000250562
7.52939e-05
-0.000830647
-0.000375497
0.000257632
0.000588947
0.00120587
0.000537195
-0.0016787
-2.21768e-05
0.000492628
0.00126622
0.000433139
-0.000700996
0.000722101
0.000204681
0.00122047
-0.000497192
0.000506207
0.00013001
-4.67447e-05
0.000259939
-0.000468873
0.000663567
-0.000411537
1.03056e-05
-0.000539285
0.000111055
0.00073192
0.000173568
8.96585e-05
0.000824291
0.00112292
0.000329534
0.000343407
-0.000263609
0.00157586
0.00223108
0.000516714
0.0008763
5.3457e-05
0.000127827
-0.000428857
-0.000515122
-5.70265e-05
0.000542299
0.00119424
0.00171526
