# 1 157 (number of hyperplane, dimensionality of hyperplane)
# 0 (added bias feature? 0:no 1:yes)
-0.00299474
0.00431653
-0.00381786
0.00403533
-0.00461367
0.0041415
-0.000215511
0.009893
-0.060287
0.00997486
-0.028569
0.0498119
0.0300773
-0.00382013
0.0054413
-0.00836852
0.0192173
0.0677225
-0.0106249
0.0246168
-0.00433827
0.00930699
-0.0250512
0.0142135
0.0389778
0.00380061
0.00337837
-0.00260183
-0.000791817
-0.0124928
0.00269373
-0.00208073
0.0058993
-0.00306794
0.00569789
0.000787498
-0.00299531
0.0038205
-0.00272473
0.0101943
-0.00157581
0.0112051
0.00497505
0.00851397
0.0941303
-0.00365896
0.00218045
0.00297029
0.00340309
-0.0140827
-0.00396264
-0.00155234
0.00233899
-0.00208668
0.0132415
-0.00195731
0.00495592
0.0022624
-0.00514386
0.0389999
0.00197837
-0.000947252
0.00387361
-0.00120664
0.001864
0.00011881
0.00100716
0.0118263
0.0123031
0.00448151
0.00273622
-0.00126337
-0.00014637
0.00133124
-0.00281148
-0.00243255
-0.0024218
0.000909276
0.0203121
-0.0052188
-0.00817342
-0.011441
-0.00101161
-0.0149197
0.00769096
-0.0185618
0.0110248
-0.0739314
0.0297484
-0.0112494
0.0414716
0.0333839
0.00242801
0
-0.00862406
0.0199388
0.0655354
0.0189633
0
-0.00340062
0.0225893
-0.0478503
0.0313036
0.0176257
0.00465032
-0.000719912
-0.0106996
-0.0106989
-0.0303236
-0.00699012
-0.00178219
-0.0102117
-0.0100251
-0.0111865
-0.00477301
-0.00951373
-0.0051274
-0.0112651
0.00562519
-0.00602572
0.00958397
-0.0112686
0.00571893
0.081508
0.00256692
-0.00118094
-0.0112365
0.000379333
-0.0143008
-0.00060182
-0.00602661
-0.0101052
-0.00539018
0.0436274
0.00142715
-0.00500258
-0.00970862
-0.00902607
0.0511183
0.000528682
0.00034806
-0.00335672
0.00186645
-0.00170576
0.00232127
-0.000390187
-0.012386
0.00534824
0.00461155
-0.00121817
-0.00484866
-0.00027502
-0.000896841
-0.00540101
0.00687756
0.0049196
-0.000831977
