# 1 157 (number of hyperplane, dimensionality of hyperplane)
# 0 (added bias feature? 0:no 1:yes)
-0.00469064
0.00192509
0.0127337
-0.00513424
0.00846176
0.00965303
0.000761134
-0.00949699
-0.005126
0
-0.00391926
-0.00316996
-0.00295626
0.00049341
0
-0.00393272
-0.000305299
0.00424189
0.00525941
0
-0.0100043
-0.000136734
-0.00197105
0.00630943
0
-0.00250394
-0.00270704
0.0141483
-0.00438862
0.00479507
0.00670024
0.00252618
-0.00422036
0.0315037
0.020016
0.00570399
-0.00117681
0.00661291
-0.000749307
0.00735116
0.0145415
-0.00679971
-0.00130576
0.00243674
0.0203408
0.00441028
-0.00172895
0.0198076
-0.0116796
0.0183856
0.00519027
-0.00399027
-0.00128228
0.00135117
0.0140363
0.00296374
-0.000424916
-0.00116258
0.00410106
0.00693631
0.00663383
0.00407071
0.000297796
-0.00243309
0.011448
-0.00500122
0.00277783
-0.00640938
0.0152666
0.00572914
0.0149827
0.00408987
-0.00581034
0.00269469
-0.00444423
0.00434916
-0.00264686
-0.00354993
0.00779071
-0.00321691
-0.00640433
-0.000472284
-0.00105741
0.000932456
-0.00792934
-0.0029426
-0.00158352
-0.000271234
0
0.0040214
0.00294052
0.000552761
8.96739e-05
0
-0.00216082
0.000708145
-0.00110131
-0.00505955
0
0.0150851
-0.00370776
0.00515078
0.00786273
0
0.00923824
-0.00682633
0.00246065
-0.00504171
0
-0.00326942
-0.00340806
0.0147854
0.0211996
0.00759747
-0.00233297
-0.00459195
-3.1889e-05
-0.0109796
0.00459911
-0.00255269
-0.00323793
0.00632876
-0.0105042
-0.000747051
-0.00748963
0.00116271
0.0128292
-0.0191848
0.0124678
-0.00200611
0.00328739
-0.0049261
-0.00678148
0.00461296
-0.00628363
-0.00420827
-0.0027488
0.00229894
0.0087019
0.00518551
-0.00325517
-0.000942587
-0.000756208
0.00210661
0.00319854
0.00649616
0.0149466
-9.40889e-05
-0.00105787
0.0103883
0.0230312
-0.00338515
-8.07668e-05
-0.00486726
0.00857485
0.00258355
-0.00915427
