# 1 157 (number of hyperplane, dimensionality of hyperplane)
# 0 (added bias feature? 0:no 1:yes)
0.000792801
-0.00075274
-0.000247257
-0.000124456
0.000387747
-0.000112473
-9.50793e-05
-0.000124853
-0.000224163
-0.000425351
0
0
0
0
0
0
0
0
0
0
8.17711e-05
4.1211e-05
2.48983e-06
0
0
0.00149547
-0.000111366
0.000828326
0.000544353
3.37637e-05
0.00166905
-0.000323931
0.000833235
0.000434829
0.000171569
0.000550797
0.00235519
-0.000101184
0.000247593
-0.00104791
0.00011998
0.00674047
0.00161497
0.000162949
-0.0011231
0.000131665
0.00438758
0.000661013
-0.000723426
-0.00217864
0.000293883
0.00210059
0.00144652
0.00153119
0.00098784
0.000603251
0.00123418
0.00114215
0.000619058
0.00085357
0.00151012
-0.000388834
0.000527393
0.0023608
0.000915074
0.000618169
-0.000282002
0.000609864
0.00125534
0.00211745
5.36948e-06
0.00169755
0.000334181
0.000909999
0.00165683
0.00158003
0.0013087
0.000886166
0.00288551
0.000602619
-0.000268191
-1.83004e-05
0.000140758
-0.000958611
3.8027e-05
3.25945e-05
7.79421e-06
0
0
0
0
0
0
0
0
0
0
0
0
3.77405e-05
2.47266e-05
4.97966e-06
0
0
0.000285576
0.00102351
1.15417e-05
0.000259702
0.000494021
3.58912e-05
0.00170281
0.000626115
-0.000363111
-0.000467663
0.00102716
0.000706578
0.000698559
4.83916e-05
0.00100935
-0.000179068
-0.00118114
-0.00106535
-0.000787931
-0.00141596
-0.00082949
-0.000285039
0.000283182
-0.00131647
-0.00194312
0.00167623
-8.70139e-05
0.00123498
0.00180935
0.000421559
0.00104055
-0.000186734
0.000852263
0.00178559
0.000829677
0.000459024
-9.98234e-05
-0.00104641
-0.00188038
0.000193655
0.000275681
0.00074197
0.000244167
0.000930076
0.00128509
0.00201656
-0.00114035
-0.000403886
0.00038911
0.00110636
0.000481431
0.00050703
0.000355477
