# 1 157 (number of hyperplane, dimensionality of hyperplane)
# 0 (added bias feature? 0:no 1:yes)
0.000831147
0.000780815
0.00103848
0.00103887
0.000524444
-0.00100759
-0.000351123
-1.48652e-05
-7.85409e-05
0
6.74087e-05
0.000106201
7.81493e-05
6.4358e-06
0
-0.000243444
-0.000427196
-0.000229841
-0.000593246
-0.000110488
-0.000423696
-0.00042874
-0.00011366
-0.000316446
-8.99789e-05
0.00106278
0.000494449
0.00060658
-3.72142e-05
0.000467289
0.00190683
0.00247839
0.00209672
0.00306842
0.00136778
0.00180637
0.00208032
0.00166514
0.00207585
0.00116473
0.00287119
0.00101243
0.00106662
8.57292e-05
0.000617531
0.00225782
0.00129606
0.00159183
0.000825959
0.0010867
0.0017758
0.00115432
0.00182557
0.00385823
0.00106342
0.00212471
0.00257686
0.00237998
0.00328461
0.000297085
0.00162836
0.00292627
0.00480718
0.00632255
0.000797285
0.000863374
0.00171747
0.00165185
0.00235972
0.00351903
0.00222657
0.00112432
0.00097604
0.00144669
0.00140028
-0.00146553
-0.0022142
-0.00206186
0.00632334
0.00112534
0.000651321
0.000345656
0.000326981
0.000147713
-3.295e-05
-7.61307e-05
-0.000240772
-0.000392918
0
1.87051e-05
3.42505e-05
3.30303e-05
5.17693e-06
0
0.000101517
0.000191061
0.000133766
0.000167447
3.3845e-05
0.000183891
7.30389e-05
-9.96142e-05
-3.4487e-05
-1.26084e-05
0.000702059
0.000465051
0.000343457
0.000476816
0.000137689
0.000528092
0.000386121
0.000663993
0.000138192
-0.000227233
-0.000147143
0.000460598
0.000817802
0.000179589
-0.000215529
0.000430956
0.000904598
0.00070907
0.000692294
0.000396859
0.000318984
6.62461e-05
0.00036856
0.000126626
0.000373804
0.000831206
0.000362839
0.000494006
0.000862644
0.000155053
0.000463374
0.000833979
0.000343964
0.000123457
0.000108171
0.00053707
0.00133198
0.00152813
0.00139379
0.000124518
0.000428583
0.000539724
0.00223294
0.0015388
0.00105627
0.00180784
-0.00012907
1.07369e-05
-0.000119844
-0.000270027
0.00191213
0.00104408
0.00107174
