# 1 157 (number of hyperplane, dimensionality of hyperplane)
# 0 (added bias feature? 0:no 1:yes)
0.00201305
0.00198804
0.000987543
0.00119485
-2.36978e-05
-0.000894404
-0.000750745
-0.000736372
-0.000558734
5.76359e-06
-0.000811927
-0.00102072
-0.00016188
3.15147e-05
0
-0.00113488
-0.00142856
-0.00169456
-0.000797237
-0.000263073
-0.000106171
-0.000240619
7.93659e-06
0.000102255
8.11863e-05
0.00168461
0.000932375
0.00040766
-0.000950107
-0.00155408
0.00151794
0.00283664
0.00145188
0.00335837
-0.000338015
0.00306289
0.00165811
0.000217997
-0.000206999
-3.99988e-05
0.000141117
0.0031242
-0.00303994
0.000413327
0.00207185
-0.000344309
-0.000740833
-0.001085
0.00224062
0.000296486
0.00169708
-0.0026859
0.00118529
0.00321583
0.00103432
0.00288526
0.00203706
0.0023618
0.00445647
0.00176216
0.00155455
0.00576689
0.00887208
0.00925425
0.00111691
0.000454645
0.00554608
0.0019791
0.00476635
0.00356304
0.00317964
0.00140066
0.000248455
0.00113447
0.000587356
-0.000299906
-0.0023264
-0.00156968
0.00969872
0.00138794
0.00082406
-4.01794e-05
-4.83932e-05
0.000249402
0.000375807
0.000162366
-3.1716e-06
-5.14345e-05
1.49253e-05
0.000138616
1.41899e-05
-4.95931e-05
0
0
4.01331e-05
0.000224661
-2.19652e-05
-5.86177e-05
0
0.000117923
0.000252126
9.65565e-05
2.68752e-05
0
0.00130097
0.000800651
0.000501475
0.000874486
0.000413278
0.000752446
0.00109648
0.00187502
0.00238109
0.000659192
0.00176686
0.00169503
0.000787939
0.000130853
-0.00263138
0.000220471
0.000479093
0.000289202
-0.00010339
6.8473e-05
0.000351159
0.00162846
0.00179706
0.00113285
0.000101266
0.000372704
0.00136142
0.00125595
0.000575188
-0.000572511
0.00104818
0.00132361
0.000368045
0.000188353
-0.000701995
0.0010506
0.0024512
0.00234728
0.00174947
0.000749508
0.000312788
0.00193299
0.000519004
0.00243703
0.00254634
0.00228595
0.000230741
0.000252991
-0.000385115
-0.000245222
0.00324008
0.0012584
-0.000144773
