# 1 157 (number of hyperplane, dimensionality of hyperplane)
# 0 (added bias feature? 0:no 1:yes)
-0.00345849
-0.00455579
0.0021578
-0.00245795
-0.00261442
0.00205697
0.0017288
0.0012589
0.000596284
0.000458546
-0.00113423
-0.00311766
-0.004275
-0.00292061
0
0
0
0
0
0
-0.00105317
-0.00309364
-0.00112104
0.000438033
0.000319685
0.00235316
-0.00216064
0.00568297
0.00954992
0.00349174
-0.00267068
0.0100828
0.0118963
0.00501434
-0.00604906
0.00805539
0.0120916
-0.00328193
0.0169073
0.00634052
-0.0166501
-0.00274687
0.00544355
0.00412682
0.00701941
-0.0138125
0.00405963
-0.000270874
-0.00549654
0.000605363
0.00137933
-0.000903652
0.00567012
0.0155798
-0.00434277
0.00167799
-0.00169709
-0.0100403
0.0109132
-0.00473119
0.0133558
0.00803702
0.00320052
-0.00605836
0.00401369
0.00970512
0.00345028
0.00258609
-0.00440227
-0.00165731
0.00966989
0.0047521
-0.000382117
0.00122363
0.00383725
0.0176413
0.0124837
-0.0102067
0.00808635
-0.00130704
0.000962505
0.00222804
0.00260353
0.00093455
0.0019838
0.00117508
0.000792179
4.87577e-05
0
-0.00441122
-0.00300189
-0.00178222
-0.0019538
0
3.93138e-05
0.000100526
8.69454e-05
1.13409e-05
0
-0.00307803
-0.00206675
-0.00169686
-0.00280792
-0.00202102
0.00416027
0.000391377
0.000397251
0.00251962
-0.00307679
-0.000961023
-0.00270148
0.000500323
-0.00398103
-0.00258386
0.00790642
0.00339772
-0.000382746
-0.0057513
-0.00450428
-0.00984342
-0.00735193
-0.000279608
-0.00743153
0.00178381
-0.00523595
0.000478443
0.00262456
0.00949564
0.000976638
0.00459663
-0.001449
0.00477433
0.00773114
0.00265295
-4.90231e-05
-0.00321152
0.00665496
0.00786899
0.00132587
0.0056035
-0.000978512
-0.00145091
-0.00136559
0.000586142
0.00521233
-0.00707523
0.000872461
0.001016
0.00301597
0.00668728
-1.35935e-05
-0.00629375
-0.00367498
-0.00137027
0.00199915
0.0114143
0.00389959
