# 1 157 (number of hyperplane, dimensionality of hyperplane)
# 0 (added bias feature? 0:no 1:yes)
0.00109509
-0.00170834
-0.0123308
-3.60299e-05
-0.000103749
-0.00311765
0.000513204
0.00194813
-0.000454298
5.57541e-05
-0.0113688
0.0028845
2.27186e-05
-0.001996
-0.000511772
-0.00890249
0.00709622
-0.00201203
-0.00210415
0.00115624
-0.0130362
-0.000395236
0.00880436
0.00887882
0.000485523
0.00728538
-0.00631674
-0.00350952
-0.0117406
-0.00248984
0.0123449
0.014184
-0.0101282
0.00485558
0.00842671
-0.00240317
0.00872268
0.00101659
0.00740475
0.0211085
0.00387796
0.001094
-0.0130776
0.0111666
0.0126252
-0.00370818
-0.00543963
-0.0156915
0.016301
0.00946821
-7.03047e-05
0.0059995
0.0171616
0.00189249
0.00309378
0.00233077
-0.00613117
-0.00806935
0.00420109
0.0064738
0.00759752
0.00371949
0.00910596
0.0114601
0.00124128
0.00660323
0.00369951
0.0182318
0.0100782
0.000359002
-0.000332482
0.00296953
0.000293055
0.00668072
0.00850587
0.0123778
-0.00784666
-0.0129449
0.0179891
-0.00102842
0.00260269
0.00218082
-0.00245686
0.00192646
-0.000195364
0.00328863
-0.000797435
-0.000759902
0
0.00245392
0.00108764
0.000346298
0
0
-0.0100079
-0.000441218
-0.000284711
-0.00961764
-0.00815427
0.00602821
0.00898627
0.00333654
0.00294319
0
0.000895711
0.00239685
-0.0124477
-0.00522843
-0.00925466
0.00811789
0.0105524
-0.0182618
0.00463068
-0.00828072
0.00520674
0.0131554
-0.00900895
0.000743278
0.00294511
0.0156522
0.019733
0.00472977
0.00721696
0.0159465
-0.00335058
0.00493945
0.0208085
-0.00802793
0.0170969
-0.000474392
0.00447773
0.0174335
-0.00822584
-0.00242679
0.00154961
-0.00117216
-0.000139748
-0.00368377
0.00863623
0.00252233
-0.00746433
-0.00559589
0.00779025
-0.00192717
0.0046224
0.00144258
0.007112
0.00157834
-0.00558147
0.00979923
-0.00176422
-0.00415786
0.00313651
0.00326562
-0.0125707
-0.0146521
0.0062947
