# 1 157 (number of hyperplane, dimensionality of hyperplane)
# 0 (added bias feature? 0:no 1:yes)
0.00520868
0.00271028
0.00549112
-0.0135177
-0.00157277
0.0014386
0.000142993
0
0
0
-0.00970703
-0.00226443
-0.00311353
-0.00537805
0
0.000141851
0.000378562
-0.00147935
-0.00169891
-0.00138293
-0.00419667
-0.00649411
-0.00513873
-0.00186765
-0.00252729
0.0043708
-0.000549492
0.00156171
0.00263107
2.48374e-05
0.00290275
-0.00222492
0.0056768
0.00280496
0.00130314
-0.00559785
0.011835
0.00763358
0.021034
0.00106286
0.0031396
-0.000712268
0.000875751
-0.00392118
0.00205156
0.000469001
-0.00344634
0.00281796
0.00305557
-0.00500907
-0.00570036
0.0102239
0.00163662
0.019574
-0.00997823
-0.00674223
-0.000792164
0.00258914
0.00825957
0.000308102
0.00284537
0.00472699
0.00209349
0.0160545
0.00547504
-0.00273185
0.0019104
0.00604127
0.0236847
0.0157764
0.0159236
-9.15548e-05
0.00342858
0.000915642
0.00122804
0.00538737
-0.00604426
-0.001643
0.014767
0.000164535
-0.00864975
0.000873707
0.0010903
-0.00231539
0.00306261
0.00152875
8.95878e-05
0
0
0.000364204
0
0
0
0
-0.000626168
-0.00122772
0.000201963
0.000201966
0.000137527
-0.00028184
-0.00211037
0
0
0
0.000988027
0.00213836
0.000191644
0.00241088
0.00547017
0.0031866
-0.00654061
-0.00507509
0.00306942
0.00839757
0.00455076
0.00799373
0.00384236
-0.000422326
-0.0116523
0.00597449
-0.00811099
-0.00018907
0.00345061
0.00330508
0.00694166
-0.00784899
0.000162942
0.00166087
-0.00131972
0.00153292
0.00232448
0.00570403
0.00484247
-0.00484197
0.00467921
-0.0041799
0.00331674
0.00233249
0.00251364
0.0050017
0.00225236
0.00165426
-0.000422406
0.00509121
-9.29794e-05
0.00178543
0.00385447
0.0100867
-0.000274054
-0.00262147
-0.00707466
-0.000739203
0.000572659
-0.00150912
0.0130945
-0.00397326
-0.00740457
