# 1 157 (number of hyperplane, dimensionality of hyperplane)
# 0 (added bias feature? 0:no 1:yes)
0.00358667
0.00333356
-0.00436632
0.00311759
-0.00263509
-0.00434654
0.00203018
-0.00365356
-0.000383855
-0.000335874
-0.00155816
0.000435129
0.000102193
0.000528067
0
-0.00171319
-0.000585755
0.00358468
0.000688206
0
0.00119301
0.00525591
0.00141484
0.000434695
-0.000138915
0.00175781
0.00450608
0.00929115
-0.000599598
-0.00184919
-0.00349071
0.0112296
0.00503042
-0.000434941
0.000347755
-0.00163803
0.00344791
0.00705663
-0.00594567
0.00658513
0.0057857
0.0137983
0.00645787
0.0053838
0.00730278
-0.000799981
0.00593479
0.00873073
0.00981857
0.00308877
-0.00122462
0.00885918
0.00200643
0.00308324
0.00745568
-2.39279e-05
-0.00225009
0.00221839
0.00252698
0.00146481
0.00615272
-0.00309339
0.00372585
0.0123195
0.000531126
0.00584004
0.00142036
0.0102406
0.00807732
0.0070421
0.0131471
0.00493312
0.000841475
-0.00250549
-0.000985394
-0.00302734
-0.00167838
0.00518422
0.0184425
0.00073086
0.000995098
-0.00826309
0.00175412
0.000409912
0.00661321
0.00226492
-0.00071876
0.000342063
6.64061e-06
9.38904e-05
-0.000529492
0.000717118
-0.000275426
0
2.91311e-05
-0.000775208
-0.000202694
-0.000885853
8.07026e-05
0.00477473
0.00256429
0.00302478
0.00107143
0
0.00557153
0.00397207
0.00406786
0.000543188
0.00105371
-0.00182493
0.000762937
-9.70116e-05
-0.00703348
-0.00486258
0.00542656
-0.00174801
0.00455881
-0.00227156
-0.00361007
0.00259117
0.00255959
0.00562386
6.26669e-05
0.0110724
0.000230761
0.00690713
0.000115375
0.00322918
0.00395691
0.00113825
0.006063
-0.0127234
0.00298227
0.00438953
-0.000614201
0.00592071
-0.00762412
0.00801615
0.000679765
0.00375628
0.00157531
-0.00330863
0.000707995
0.0032108
0.000566674
-0.00526056
0.00725605
0.00182187
-0.00750506
-0.00947926
0.00369166
-0.000211617
-0.00782085
-0.00909631
-0.00501247
0.000768953
0.00271043
