# 1 157 (number of hyperplane, dimensionality of hyperplane)
# 0 (added bias feature? 0:no 1:yes)
-0.00052396
-0.000569327
-0.00401198
0.00485721
-0.00872989
0.000709946
-0.00203431
0.00991531
0.00364869
-0.000689653
-0.00216212
0.00126198
-0.000772842
0.00278925
0
0.00193942
-0.00308184
-0.00185465
-0.00228629
-0.00129021
0.00458556
0.00292546
-0.00394965
-0.00846664
-0.00191358
-0.00088493
-0.00385012
0.00239608
-0.000751402
0.00194708
0.00514421
0.00174296
0.00521408
-0.000638546
-0.00475712
0.00162324
0.00279667
0.00228959
5.28747e-05
-0.00347203
0.0020839
0.00363593
0.00355443
-0.000878154
-0.00444698
0.00858422
0.00244341
0.00454659
0.00598711
0.00169348
-0.00125329
-0.000279745
0.000254777
0.00179349
-0.00251246
0.000548421
0.0146188
0.00522526
-0.00476295
-0.00223086
0.000398318
-0.00144701
0.00100628
0.000416245
0.00421124
-0.00396109
0.00511982
0.0103001
0.0134803
0.00969455
0.00752765
0.00140862
-0.0013993
-0.00267339
-0.000308742
0.00729558
-0.000933301
0.00541184
0.00555767
0.00132277
-0.00256757
-0.00332978
0.000648177
0.00107802
0.00357253
0.00392767
0.00564638
0.00301835
0
-0.00158612
0.00199745
0.00191209
0.00104241
0
-0.00145345
0.00223024
-0.00111329
-0.0054646
0.00029678
7.88077e-05
-0.0031222
-0.000113764
-0.00469743
-0.00075206
-6.84378e-05
0.000942045
0.00101642
-0.00292763
-0.000907938
-0.000361288
-0.000490114
0.00359515
-0.00175224
0.0012372
-0.00460116
0.00616544
0.00775902
-0.00457267
0.00111684
-0.00194087
0.0107319
-0.000153099
-0.00410728
-0.000186134
0.00187707
0.00374696
-0.000112089
0.0014502
0.00376733
0.00350527
-0.00330616
-0.0054932
0.000877789
0.00435867
0.00381973
0.0101888
-0.00241742
-0.00283182
0.00080696
0.000369225
0.00258932
-0.00500512
-0.000246938
0.000364104
5.32031e-06
0.0046483
0.00658103
0.0013904
-0.000169537
0.00396702
-0.000870644
-0.00167154
0.0015282
0.00203781
0.00244574
-0.00239441
-0.0039179
