# 1 157 (number of hyperplane, dimensionality of hyperplane)
# 0 (added bias feature? 0:no 1:yes)
0.0105548
-0.000734727
-0.00214593
0.00358596
-0.00885447
0.000380093
0.000482068
0.000486174
0.000375295
0.00010059
0
0
0
0
0
0
0
0
0
0
9.41362e-05
6.83549e-05
3.64398e-05
4.01422e-05
1.29558e-05
0.00402702
0.00534073
-0.00634043
0.000127057
-0.00687475
-0.0040205
0.00466059
-0.00777897
0.0182875
-0.00737872
0.000926844
0.000574157
0.00709904
-0.000108862
0.00248905
-0.00344171
0.00393442
0.00212316
-0.00657284
-0.00283466
-0.00230705
-0.00750023
-0.00249618
-0.0154689
0.000444279
0.00350358
0.0039707
0.00706405
0.0125573
-0.00134026
-0.00856845
3.06764e-05
0.0160091
0.0111671
-0.00480472
-0.00294085
0.00334401
0.00113244
0.00933986
0.00863489
-0.0120256
0.00581865
0.000737977
0.00700927
0.00344124
0.00360983
-0.00129589
0.0016298
-0.00255832
-0.000158638
0.0056951
0.00169619
-0.00041196
0.00782692
0.00276712
-0.00105222
0.00790005
0.00445138
0.00340302
0.000194494
7.77976e-05
0
0
0
0
0
0
0
0
0
0
0
0
0
0.00031528
0.000501663
0.000267434
0.000294607
9.5084e-05
0.000332096
0.002156
0.00581476
0.00196551
0.000437397
-0.000316929
0.00258731
-0.00081857
-0.0052559
0.00145158
-0.00122907
-0.00150133
0.00323684
-0.00379165
-0.00208862
0.00106588
0.000754832
-0.00851471
-0.000761324
-0.00998193
0.00221721
0.000546633
-0.00201833
0.00330979
-0.00575133
-0.00516774
0.00362612
0.00222048
0.00675698
-0.00214826
-0.000939144
0.00323919
-0.00269292
0.0045149
0.00178622
-0.00275237
0.00741444
0.00474984
-0.000533471
-0.00306252
0.000322198
0.00434117
-0.00677007
-0.00188175
-0.00125487
0.0050234
-0.00392116
-0.00131537
-0.000168792
-0.000453599
0.00272594
0.00930087
0.0025967
