# 1 157 (number of hyperplane, dimensionality of hyperplane)
# 0 (added bias feature? 0:no 1:yes)
0.00299568
0.00122545
-0.000363573
0.000782156
0.000119875
0.000457394
0.000459819
0.000623488
0.000309462
5.36685e-05
4.14912e-05
0
0
0
0
1.1174e-05
0
0
0
0
-0.000199433
-2.00857e-05
0.000310591
0.000246322
0.000100029
0.000494419
-0.00136887
-0.00154432
0.000564309
-0.000179699
0.00183332
-0.000740399
-0.00110844
-0.00113139
0.000158642
-0.00311487
0.00195687
0.00261039
0.00262091
0.000243286
-0.000898834
0.000556607
0.00241894
-0.000663186
0.00140803
0.0015253
0.00149286
0.00311699
-0.000687064
-0.0017828
-0.000314738
0.000940838
-0.000182571
-0.000300003
4.97079e-06
0.000447238
-0.00021942
0.00150931
0.000252384
0.000266184
-0.000489668
0.0010588
0.00264126
0.00655303
0.00143986
-0.00200451
-0.00111994
0.00225894
0.0014709
0.00190038
0.00281014
-0.000827455
-0.000269753
0.00173372
0.000340458
0.00544933
0.00454732
0.00397908
0.00287508
0.000238216
-0.00072909
-0.00323554
0.00063376
0.000323526
0.000110196
9.57447e-05
9.99986e-05
2.74597e-05
0
9.81872e-05
0
0
0
0
2.23339e-05
1.95793e-05
3.19071e-05
1.47266e-05
0
0.000178442
0.000227979
0.000162313
0.000141103
2.27975e-05
0.00141072
0.00179708
0.000780733
0.00135934
0.000452932
0.00116008
-0.00143243
0.001055
0.00182286
0.000257774
0.00152681
0.000502646
-0.00203481
-0.000426204
0.00016399
0.000387438
-0.000950677
0.000936764
0.000408288
0.00149873
0.000497526
-0.000946406
0.000609407
-0.0010935
-0.0023889
0.00173633
0.00120283
-0.00203505
-9.11206e-06
0.000385933
0.00146221
0.000567247
0.000701903
-0.000488673
0.00160922
0.00219328
-0.00120029
-0.00113035
-0.00060728
8.92994e-05
0.00218574
0.00124609
0.00272824
-0.00136475
0.000253563
0.00125297
-0.00189881
0.00062403
0.000773161
-0.000383028
0.00383751
-0.00241814
-0.00110259
