# 1 157 (number of hyperplane, dimensionality of hyperplane)
# 0 (added bias feature? 0:no 1:yes)
0.00262798
0.00226699
0.000906125
0.00355803
0.000523088
0.00193398
-0.000975518
-0.00279365
-0.00036476
0
0
0
0
0
0
0
0
0
0
0
-0.000157316
8.81323e-05
0.000155945
0.00010226
0
-0.00165467
0.00390352
-0.00156933
-0.00072153
0.000951276
0.00343883
0.00168749
0.000595642
-0.00147136
-0.000665283
0.00388002
0.00753758
0.00062139
0.00401501
-0.00294435
0.000549775
0.00222971
-0.000383442
0.001935
-0.00121309
-0.00191907
-0.00370213
0.0044735
0.0123509
0.00822626
-4.93961e-05
-0.00107496
-0.000784771
0.000984125
0.00321901
0.00697036
-0.00159771
-0.0038743
0.00652441
0.00400982
-0.000388858
-0.00100961
-0.000284393
0.00311752
-0.000510608
0.000126481
0.00546894
0.00220684
0.00625846
0.006446
0.00514791
0.00274812
-0.00228207
0.00039897
0.00252486
0.00299824
0.00890079
0.00778898
0.00853196
0.000267088
-0.00482537
0.00183816
-0.000954961
0.000969772
0.0006459
0.00056719
0.000224622
1.72961e-05
0
3.6865e-05
3.01629e-05
7.06571e-05
0
0
0
0
0
0
0
0.000279402
0.000439327
0
0
0
-0.00281931
-0.00037151
-0.00173376
-0.000327773
0.000186713
0.00219113
-0.00152252
-0.00252236
-0.00134318
0.000575546
0.00235568
0.00430585
0.0037589
0.00419964
-0.000464469
0.00171189
-0.000222765
0.0064881
-0.00737018
0.00463808
0.00461173
-0.00341534
0.00317989
-0.0014454
0.00468429
0.000280448
-0.000919179
0.00355258
0.000805505
0.00145547
0.00090288
0.000481489
0.00128993
-0.00257346
0.00103595
-0.00153128
-0.00208556
-0.000176432
0.000814861
-0.00080942
-0.000749912
-0.00162155
0.00271485
0.00202863
-0.000949781
-0.00530742
0.00412133
0.00105551
-7.70493e-06
0.00191702
0.0155447
-0.00282044
0.00109413
