# 1 157 (number of hyperplane, dimensionality of hyperplane)
# 0 (added bias feature? 0:no 1:yes)
0.000265739
2.38296e-05
2.67075e-05
-9.79712e-05
-0.000154903
1.07012e-05
4.4447e-06
4.16062e-06
5.92136e-06
6.626e-06
0
0
0
0
0
-4.92055e-05
-2.56407e-05
-1.92851e-05
-2.35033e-05
-3.13384e-05
-1.28414e-05
-1.00955e-06
4.83509e-06
-1.46212e-06
-8.18518e-06
0.000377235
0.000354157
0.000171263
0.000110539
3.42627e-05
0.000410823
-1.67262e-05
8.82384e-05
0.000103231
-0.000153318
0.000386001
0.000407188
0.000188518
0.000471087
4.67955e-05
0.000566076
0.000899905
2.53246e-05
0.000299511
1.35127e-05
0.000568884
0.00115014
0.000463148
0.0005348
0.000301133
0.000410099
0.000452047
0.000442689
0.00100407
0.000240091
0.000218793
9.03707e-05
0.000170584
0.000244838
5.84901e-05
2.71343e-05
0.000673363
0.00101916
0.00135555
2.4529e-05
2.70651e-06
0.000210135
0.000489005
0.00114333
0.00132485
0.00111979
0.000206512
0.000252304
0.000375068
0.00035599
-0.000544051
-0.00076232
-0.000964541
0.00111255
6.98835e-06
-5.46892e-05
-6.85964e-05
-1.90418e-05
3.16493e-05
-1.18114e-06
0
0
0
0
0
0
0
0
0
1.20704e-06
3.82235e-06
2.8749e-06
3.50373e-06
4.67172e-06
-1.6842e-05
-9.65514e-06
-7.49997e-06
-8.52441e-06
-1.2222e-05
5.55246e-05
1.18893e-06
-2.44021e-05
4.88364e-05
2.49411e-06
7.91379e-05
-0.000108221
-7.71855e-05
0.000128672
4.40861e-05
2.30407e-05
0.000158045
0.000167981
0.000102579
5.61759e-05
1.17884e-05
1.14383e-05
0.000117027
0.00011233
0.000142368
1.37125e-05
7.48765e-05
0.00018365
8.01052e-05
0.000170517
1.7008e-05
0.000146061
7.63387e-05
9.06789e-05
9.94436e-05
0.000155354
0.000128568
0.000153332
5.76408e-05
4.14306e-05
0.000121541
0.000141864
0.000161412
0.000226822
-1.94203e-06
0.000128281
1.35777e-05
0.000872238
0.000549945
0.000504648
0.000459715
0.00020974
0.000121777
6.52957e-05
-4.44325e-05
0.000625213
0.000410725
0.000817045
