# 1 157 (number of hyperplane, dimensionality of hyperplane)
# 0 (added bias feature? 0:no 1:yes)
0.00192871
0.00977387
-0.00719863
-0.000585371
-0.00594625
0.00590042
0.0050043
-0.00151465
0.0011924
0.00103971
0
0
0
0
0
0
0
0
0
0
0.00416003
-0.000468265
-0.00201281
0.00016276
0.000839709
0.00267265
-0.00268914
0.0043725
0.00256438
-0.000119239
0.00224977
0.00720691
-0.000360593
-0.00213509
-0.00654077
0.0100823
0.00781584
0.00800721
-0.0038173
0.00346692
0.00339073
0.00603558
-0.00396081
-0.00132906
0.000873226
-3.10821e-05
-0.01049
-0.00518344
0.00719789
-0.0106868
0.0120693
0.00676341
0.00427214
0.00635077
-0.0112979
-0.00040092
-0.0090719
0.0015679
-0.00116311
0.00817659
0.00116018
0.0115886
-0.0105454
0.00593168
0.0031947
-0.00211357
-0.00385544
0.00638306
0.0104576
0.00423931
-0.000604786
-0.000290766
-0.00138025
0.010168
-0.00475107
0.00328353
0.00245698
0.00719275
0.0113412
0.00604324
-0.00147106
0.000843192
-0.00485159
0.00513487
0.00695484
0.00655206
0.00188781
0.000487841
0.000109278
5.03942e-05
8.24649e-05
0
0
0
0.00302968
0.00198332
8.52825e-05
0.000110482
0
0.00304085
0.00354818
0.00114482
0
0
-0.0015786
-0.00826575
-0.00251227
0.00521423
-0.00296149
-0.00183905
-0.00365439
-0.00339513
0.00108786
0.000599606
0.0090088
-0.00559376
0.0131183
-0.00198152
-0.000605358
-0.00480254
0.000714144
0.0016561
0.00221606
-0.00560574
0.00124272
-0.00314743
-0.00126889
-0.00551693
0.00351982
0.00134747
0.00235148
0.00715541
0.00454095
-0.00296278
-0.00423917
0.00449476
0.00330403
-0.0061835
0.00493482
-0.00102277
-0.00216747
-0.00123705
-0.00200483
-0.00525397
0.00439562
0.00613455
-0.00870319
-0.00623315
0.00335143
0.000361403
0.00510875
0.00239941
0.00511828
-0.007507
-0.00489343
0.00478609
0.0100362
