# 1 157 (number of hyperplane, dimensionality of hyperplane)
# 0 (added bias feature? 0:no 1:yes)
0.00286197
0.00128324
-0.000166989
0.000664041
0.000260768
0.000408973
0.000382901
0.000487616
0.00025392
5.77158e-05
3.77959e-05
0
0
0
0
9.30509e-06
0
0
0
0
-0.000188505
1.19957e-05
0.000295837
0.000243416
9.59281e-05
0.000647708
-0.00127521
-0.00130803
0.000465568
4.88183e-05
0.00166607
-0.000693336
-0.000845684
-0.00113824
0.000336413
-0.00294393
0.00189314
0.00221658
0.00244868
0.000137437
-0.000641648
0.000723015
0.00228118
-0.000567299
0.0013048
0.00142349
0.00119607
0.0030347
-0.000201793
-0.00164439
-0.000295924
0.000580523
-0.00013165
-3.50764e-05
-5.45989e-05
0.000113543
-0.000100522
0.00179547
0.000160399
0.000163729
-0.000613743
0.00113521
0.00272723
0.00631448
0.00129995
-0.00198805
-0.000933461
0.00222271
0.00168595
0.00207174
0.00275927
-0.000653626
-0.000221163
0.0015617
0.000460048
0.00517909
0.00416916
0.00389432
0.0029441
0.000199423
-0.000596729
-0.00281904
0.000632373
0.000342466
0.000101129
0.000109512
0.000162519
6.55756e-05
0
7.85204e-05
0
0
0
0
0
0
0
0
0
0.000138034
0.0001844
0.000119878
0.00010883
2.03433e-05
0.00151335
0.00169891
0.000707854
0.00115053
0.000450831
0.000902506
-0.00137299
0.00103645
0.00166819
0.000270868
0.00150465
0.000623559
-0.00180693
-0.000545893
0.000169621
0.000497204
-0.000908861
0.000730359
0.000458542
0.00121535
0.00067112
-0.000901376
0.00043588
-0.00119746
-0.00212255
0.00149999
0.00109836
-0.00190312
-2.80265e-05
0.000402213
0.00143176
0.000409813
0.000939719
-0.000190131
0.00165086
0.00199426
-0.00102426
-0.000972682
-0.000553095
0.000150164
0.00191576
0.00110837
0.00257216
-0.00101642
0.000176043
0.000966791
-0.0019184
0.000592666
0.000780594
-0.000124062
0.00319357
-0.00234908
-0.00110183
