# 1 157 (number of hyperplane, dimensionality of hyperplane)
# 0 (added bias feature? 0:no 1:yes)
0.000277139
0.000117176
9.96768e-06
9.18793e-05
2.56072e-05
-9.45305e-06
-1.17535e-05
-2.19303e-05
7.01751e-07
0
0
0
0
0
0
4.18777e-07
0
0
0
0
-3.95059e-06
-1.33611e-05
2.3111e-06
1.13631e-06
1.16329e-07
0.000242523
0.000225691
0.000119105
4.60309e-05
3.67054e-05
0.000304821
0.000613564
0.000531191
0.00031328
0.00020338
0.000561413
0.000594456
0.000366205
0.000524038
6.14584e-05
0.000144349
0.000866035
0.000569068
0.000651494
0.000127993
0.00029462
0.000862051
0.000437934
0.000535675
0.000558377
0.000385916
0.000658404
0.000398922
0.000500106
0.000326467
0.000455846
0.000225793
0.000352728
0.000621299
0.00023967
0.000378323
0.000843025
0.00114843
0.00144577
0.000218669
0.000165858
0.000486114
9.72056e-05
0.000534255
0.000499639
0.000545818
0.000264701
0.000317114
0.000226994
0.000251564
0.00039138
0.000348491
0.000412567
0.00126722
0.000237722
0.000236411
9.96315e-05
8.03869e-05
4.51389e-05
3.47379e-05
1.79581e-05
8.28261e-06
4.21043e-06
0
0
0
0
0
0
0
0
0
0
0
4.07752e-05
2.62079e-05
1.32362e-05
8.04384e-06
9.94769e-07
0.000248675
8.42557e-05
3.23254e-05
4.33565e-05
2.68591e-06
7.13805e-05
3.09127e-05
9.57822e-05
6.38058e-05
-6.35239e-05
0.000119137
2.89831e-05
0.000116049
0.000139336
1.89918e-05
0.000136378
9.49161e-05
8.01127e-05
8.91947e-05
3.9996e-05
6.87365e-05
0.000110528
6.04974e-05
-8.70205e-05
-0.000104279
-0.000127172
2.4197e-05
0.000149534
-8.9911e-05
2.75118e-05
0.00028251
0.000249824
0.000261625
0.000186092
7.90667e-05
0.000181414
0.000209916
0.000178418
0.000122664
0.000185077
-3.80566e-06
0.000268469
0.000340062
5.92425e-05
0.000131507
0.00011181
9.51002e-05
0.000207579
0.000122866
-2.49254e-05
0.000552925
0.000160994
0.00054737
