# 1 157 (number of hyperplane, dimensionality of hyperplane)
# 0 (added bias feature? 0:no 1:yes)
0.0165717
-0.00998649
0.00408976
0.00449092
0.0121245
0.0129136
0.0228386
0.0168202
0.00664641
0.000175903
-0.00837339
-0.00688562
-0.00486357
-0.00221073
0
-0.023446
0.000202399
-0.0250058
-0.00259442
0.00863171
0.0151271
0.0145484
-0.0248901
-0.0133595
0.007175
0.00351248
0.000342087
-0.00416314
-0.0239788
0.00110638
0.00398905
0.00520062
0.00370926
-0.00175556
-0.0097949
-0.00592444
0.00394353
0.0031297
0.00600962
-0.00833758
-0.00745411
-0.00106799
-0.00850186
-0.000906905
-0.00736972
-0.00292209
0.00603147
-0.00553698
-0.00577388
0.0247868
-0.00275612
0.0157453
0.00271218
0.00743945
0.00664503
-0.00635633
0.0103586
-0.00728303
-0.0107371
3.8551e-05
0.0147499
-0.00778073
-0.0037157
0.0126256
0.0184335
-0.00382669
0.00628364
0.0162915
0.00312481
0.0126439
0.00560555
0.0096751
-0.00643758
-0.00122501
0.00389734
0.0155468
-0.00219033
0.0484695
0.0189343
-0.000890247
-0.00301444
-0.00983189
0.0424664
0.00599685
0.0212542
0.00463352
0.000221789
0
0
-0.00335982
-0.0153502
-0.0144127
-0.0065513
0
-0.00242208
-0.00914166
-0.00505978
-0.0119156
-0.0040815
0.017051
0.00631212
-0.0263681
-0.013498
0.000413221
0.00236248
0.0114504
-0.0132918
-0.0144843
0.0158741
0.00913069
0.0181597
0.0105806
-0.0123325
0.00945114
0.00930385
0.00897337
-0.00407595
-0.00239588
-0.00354855
0.0113334
0.00474406
0.00622481
0.00758905
0.01117
0.0170379
0.00119015
0.000742202
0.0179936
-0.012605
-0.00114959
0.0273234
-5.2599e-06
-0.000257657
-0.00685728
-0.00730313
-0.00781812
0.00144565
-0.00134278
0.00347676
0.0193884
-0.00726958
-0.00833382
0.0155503
0.0182361
0.00119702
-0.00543414
0.00243278
0.00431579
-0.00219705
-0.0092933
-0.00339611
-0.014841
0.00167951
0.0036832
-0.00357245
0.000143908
-0.0314462
