# 1 157 (number of hyperplane, dimensionality of hyperplane)
# 0 (added bias feature? 0:no 1:yes)
8.03872e-05
0.000292182
0.0001373
0.000234913
8.50001e-05
8.075e-05
2.17259e-05
1.58388e-05
1.08494e-05
9.22643e-06
1.25528e-06
1.02707e-06
4.39349e-07
0
0
0
0
0
0
0
7.5488e-05
1.0242e-05
-4.80838e-05
-3.21425e-06
4.01688e-06
0.00014421
0.000312086
0.000206822
0.000334536
-4.24547e-05
0.000192757
0.000363461
0.000560853
0.000571762
0.000227187
0.000363927
0.000542457
0.000312611
0.000660036
-0.000107794
0.000191105
0.000383783
0.00098341
0.00164371
3.35863e-05
0.000338217
0.000530605
0.00104353
0.00116583
0.000220967
0.000490781
0.000545492
0.000746218
0.000645689
-6.58654e-05
0.000213972
9.70425e-05
0.000646479
0.000516795
0.000120792
-3.168e-05
0.000306411
0.000597417
0.0009102
0.000140756
-0.000179137
1.44943e-05
0.000486829
0.000887316
0.000849863
0.000817862
0.000517791
0.000504962
0.000507838
0.000532033
0.00132005
0.000650971
0.00083605
0.00116286
0.000249163
0.000191737
6.71266e-05
6.77576e-05
2.7333e-05
-4.10133e-05
9.48423e-07
2.94719e-07
0
0
0
0
0
0
0
0
0
0
0
0
-6.88154e-05
-6.49557e-05
-3.48701e-05
0
0
0.000262147
0.000114117
5.73274e-05
0.000155482
5.93559e-05
-0.000177961
-9.77584e-05
0.000112436
9.642e-05
5.07852e-05
0.00010084
4.80714e-05
-2.7647e-05
0.000266216
0.000114693
8.98496e-05
0.000164881
0.000244154
5.084e-05
0.000130813
8.58406e-05
5.74234e-07
8.51168e-05
-5.98053e-05
8.50501e-05
3.58903e-05
-0.000149854
-5.3992e-05
-0.000214539
1.84334e-05
3.06966e-05
0.000131483
0.000199902
0.000153549
4.60274e-05
8.1563e-05
0.000177851
0.000301918
0.000404414
-9.71026e-06
9.482e-05
6.87312e-05
0.000280584
0.000116474
-4.54731e-06
-9.36658e-06
0.000104124
0.00011883
0.000152874
7.64382e-05
0.000543572
-0.000103696
0.00109177
