# 1 157 (number of hyperplane, dimensionality of hyperplane)
# 0 (added bias feature? 0:no 1:yes)
0.0613371
0.00776092
-0.0333841
0.0655708
-0.240357
0.109991
0.0876163
0.0759435
0.0592446
0.0199828
0
0
0
0
0
0.000766846
0
0
0
0
0.095915
0.10422
0.04958
0.0517951
0.0117818
0.0167282
0.0137501
-0.0156433
0.00604614
-0.0627572
-0.0131577
0.0345513
-0.0657929
0.0833157
-0.0302583
-0.0055037
-0.00130275
0.0378011
0.00993687
0.00697691
-0.00486326
0.0385034
-0.017141
-0.0460566
-0.0104768
-0.0054136
-0.0374006
0.00226473
-0.105864
0.01062
0.00833224
-0.00748713
0.0167712
0.0717404
-0.0299116
-0.0604342
0.0187094
0.104191
0.0567828
-0.011057
-0.0111583
-0.023471
0.00930809
0.00765416
0.0106014
-0.0226053
0.0311002
-0.116981
0.0182097
-0.0179515
0.0618631
-0.00370401
0.018477
-0.014041
0.00613442
0.0397752
-0.0385071
0.0212365
0.125671
-0.0604053
-0.0290281
0.0741388
0.0851006
0.025301
0.0398666
0.0332773
0.0255301
0.0197076
0.00528219
0
0
0
0
0
0
0
0
0
0
0.0372133
0.0549362
0.0292863
0.0322619
0.0104125
-0.0829116
0.0215499
0.0279597
0.0415361
0.00487027
-0.0643667
-0.00594292
0.0174243
-0.0222983
0.00295583
-0.0185701
-0.0247418
-0.0193089
-0.0330772
-0.0124047
-0.0127662
-0.0214597
-0.124088
0.0402844
-0.071613
0.0048753
-0.0202684
-0.0750343
0.145108
-0.0428762
-0.0590698
0.0188048
-0.0767607
0.0474513
-0.0378901
-0.0525602
-0.0295512
-0.0148639
0.0547653
0.0255414
-0.0272465
0.0561001
0.0402735
-0.0524659
-0.0176774
-0.00994095
0.0750638
-0.0805343
-0.014017
-0.00857479
0.0242117
-0.00668311
-0.0135807
0.00839818
0.0110295
0.00516447
0.0715477
-0.00670807
