# 1 157 (number of hyperplane, dimensionality of hyperplane)
# 0 (added bias feature? 0:no 1:yes)
0.00553315
0.00275571
0.00545734
-0.013758
-0.00179417
0.00139286
0.00013085
-4.27848e-06
-8.76497e-06
-5.74258e-06
-0.00969135
-0.00226286
-0.00311137
-0.00537431
0
8.78589e-05
0.000307277
-0.00151313
-0.00173253
-0.00140567
-0.00422234
-0.00650976
-0.00516294
-0.00187783
-0.0025358
0.00437049
-0.000608898
0.00157775
0.00267142
-6.04081e-05
0.00278113
-0.00209873
0.00555913
0.00287004
0.0013527
-0.0056609
0.0116236
0.00772071
0.0211035
0.000783644
0.00325951
-0.000676118
0.000986301
-0.0038327
0.00201131
0.000315725
-0.00357588
0.00292306
0.00291746
-0.00509217
-0.00583393
0.00992602
0.00182896
0.0195951
-0.00978599
-0.00691166
-0.000878168
0.00270842
0.00830024
0.000430188
0.00283419
0.00466593
0.00198783
0.0159926
0.00557433
-0.00284662
0.00205425
0.00611128
0.0236193
0.015688
0.0158639
-7.40287e-06
0.00341332
0.00107322
0.00137082
0.00539405
-0.00615427
-0.00162409
0.0147659
0.000207036
-0.00856187
0.000717328
0.00101195
-0.00226003
0.00314021
0.0015503
9.2798e-05
8.76497e-06
5.74258e-06
0.000368849
0
0
0
0
-0.000571839
-0.00115585
0.000236629
0.000236634
0.000161133
-0.000293942
-0.00213722
0
0
0
0.00105341
0.00204361
0.000122953
0.00242941
0.00545594
0.00337394
-0.00635407
-0.00496794
0.00306038
0.00836214
0.00449034
0.00832673
0.00360144
-0.000368876
-0.0115818
0.0059216
-0.00808906
-0.000174441
0.0034949
0.00309288
0.006793
-0.00777751
3.75108e-05
0.00154196
-0.00166675
0.00155294
0.00241075
0.0057535
0.00512563
-0.00474233
0.00446942
-0.00417284
0.00326812
0.00235952
0.00258308
0.0051123
0.00233992
0.00171392
-0.000498971
0.00528802
-0.000182547
0.00189702
0.00374446
0.0101208
-0.000281205
-0.00268781
-0.00732589
-0.000441476
0.000458
-0.00145018
0.0129031
-0.00391352
-0.00747139
