# 1 157 (number of hyperplane, dimensionality of hyperplane)
# 0 (added bias feature? 0:no 1:yes)
-9.8151e-06
2.83966e-05
8.22237e-05
6.26537e-05
-2.3364e-05
3.49706e-05
2.05277e-05
1.93372e-05
2.03014e-05
7.28887e-06
-1.97599e-05
-6.18475e-05
-2.00694e-05
-0.000108719
4.14583e-06
-9.24959e-05
-8.20106e-06
-3.90832e-05
-2.19955e-05
0
3.38309e-05
1.62427e-05
2.13711e-05
-7.84178e-06
9.45043e-06
1.29133e-05
6.47714e-06
2.3533e-05
1.61093e-06
-9.34568e-05
-8.84421e-06
-8.39139e-06
1.29683e-05
0.00010807
2.26673e-05
5.91999e-05
-1.12903e-05
-8.60012e-06
2.15907e-06
-5.93617e-05
1.22315e-06
-4.08663e-05
5.36529e-05
-3.95383e-05
-9.56399e-05
-1.70903e-06
1.11959e-05
2.17877e-06
-5.99743e-05
7.69569e-06
1.45995e-06
-2.50578e-06
-1.3157e-06
2.99751e-05
-0.000154828
-1.04839e-05
2.71334e-06
-4.81574e-06
4.30725e-05
-4.82487e-05
-8.16627e-06
2.51011e-05
-6.70886e-07
-1.67128e-05
-1.3426e-05
5.46412e-06
-1.39112e-05
9.54847e-05
-3.42883e-05
-1.02245e-05
0.000144107
4.77385e-05
3.68539e-05
1.43699e-05
3.63146e-05
-9.85929e-06
-9.38198e-06
7.2045e-05
-2.96675e-06
3.30349e-07
6.55449e-05
7.15052e-05
3.05774e-05
-3.21746e-05
3.73499e-05
5.20589e-05
3.63165e-05
2.26947e-05
1.02111e-05
5.20056e-06
-7.21025e-05
-7.49861e-05
-4.93089e-05
-1.24995e-05
-7.8708e-05
-0.000137709
-3.75208e-05
-6.98468e-05
5.70761e-06
9.12588e-06
-1.32708e-05
4.95544e-05
2.37775e-05
1.15481e-05
-4.67146e-05
-1.1506e-05
-4.44763e-05
5.77346e-05
-0.000127876
4.84888e-08
-5.78396e-06
3.66989e-05
7.47791e-05
2.20465e-06
2.36915e-05
1.18008e-05
-2.77788e-05
1.26709e-05
-8.0637e-05
2.07466e-05
-8.20786e-05
7.80454e-05
-4.64335e-06
-9.57633e-05
-5.98639e-06
-6.13574e-05
8.06164e-05
1.49894e-05
4.6784e-05
-2.64649e-05
-1.61395e-05
4.04422e-05
1.58004e-05
-6.48106e-05
-4.73416e-06
2.31625e-05
4.21001e-05
-4.2848e-06
-4.60078e-05
-1.43562e-05
8.8053e-05
2.37604e-05
-7.54328e-05
1.73006e-05
-3.28869e-05
-0.000138938
0.000135474
-5.04312e-05
-5.40988e-05
-6.52168e-06
3.46388e-05
4.58134e-05
2.78928e-05
-1.01394e-05
2.89631e-05
1.59682e-05
-1.08892e-05
