# 1 157 (number of hyperplane, dimensionality of hyperplane)
# 0 (added bias feature? 0:no 1:yes)
0.000321446
0.000699296
0.000216018
0.000199724
0
-0.00012074
1.25296e-05
2.22271e-05
6.27829e-05
0
0
0
0
0
0
-0.000319989
-0.000254548
-0.000246149
0
0
0.000278574
5.27874e-05
4.16665e-06
0
0
0.00120883
0.00171111
0.00080218
0.000364078
0
0.00198495
0.00186909
0.00192585
0.00102093
0.00021217
0.000893781
0.00146013
0.00131023
0.00105604
0.000572109
0.000926366
0.00189724
0.00227188
0.002085
0.000136701
0.00081538
0.00128282
0.0027484
0.00280643
-0.000178248
0.000369223
0.00162606
0.001136
0.00164557
0.000209034
0.000557248
0.00210979
0.0010297
0.00229391
0.00012963
0.00130798
0.00224989
0.00328789
0.00408498
0.000669847
0.000662926
0.00210423
0.000169781
0.00114399
0.00110342
0.000554383
0.00179399
0.00146046
0.000905147
0.00138496
0.00129669
0.00125208
0.000721149
0.00408181
0.000427051
0.000415629
0.000214654
0.000202838
0
5.66315e-05
7.23196e-05
3.42941e-05
6.00252e-05
0
0
0
0
0
0
0.000159995
0.000127274
0.000123075
0
0
0.000173977
6.44536e-05
8.3333e-06
0
0
0.000299715
7.57241e-05
0.000186548
0.000384157
0
0.000168617
-0.000442105
0.000127218
0.000409533
3.68881e-05
0.000618191
0.00104814
0.000190573
0.000298365
-7.04114e-05
0.000106985
0.0007762
0.000782401
0.000102402
-0.00111116
0.000510916
0.000496555
-0.000337774
0.000696493
-0.000158602
0.000433092
-0.000610594
0.000290849
0.000974063
0.000518795
0.00041279
0.000502657
0.000431204
3.95184e-05
0
0.000682316
0.000833309
0.000682834
0.000479095
0.000427271
0.000264956
0.000933353
0.0012848
0.000631783
0.000207952
0.000562424
0.000506973
0.00039169
0.000348885
0.000468937
0.000955484
0.000208852
0.00222182
