# 1 157 (number of hyperplane, dimensionality of hyperplane)
# 0 (added bias feature? 0:no 1:yes)
0.0108295
-0.00115506
-0.00180177
0.000176037
-0.00112259
0.00161055
0.000283719
0.000270203
0.00037873
0.000225578
0.000682323
0.000123478
0.000169778
0.000293261
0
0.000816868
0.000321825
0.000435689
0
0
0.00257821
0.00131296
0.000911559
0.000405511
0
0.00253468
0.00380982
0.00932149
-0.00462406
0.000779258
-0.00223524
-0.00423546
0.00253838
-0.00748879
0.00110573
-0.0102578
-7.16938e-05
0.00525037
0.000439676
0.00133126
0.00792606
0.00447763
0.00903811
0.00305539
-0.00164215
-0.00674752
-0.0132938
0.000339762
0.00839433
0.00833719
-0.0105132
0.00278779
0.00911875
0.00970366
-0.00692929
-0.00501021
0.00582455
-0.014163
-0.000208671
-0.00332894
-4.52895e-05
0.00250329
0.0131508
0.00731674
0.000937447
-0.00102092
0.00255853
0.00296836
0.000349915
0.00779489
-0.00428106
-0.00249774
-0.00241277
0.00821559
0.00169652
0.00994304
0.0123764
0.00715246
0.00937197
0.00340965
8.8507e-05
0.000263903
0.00108889
-0.0038575
0.000542324
0.000241033
0.000230549
0.000279082
0
0.000150914
0
0
0
0
0
0
0
0
0
0.000214458
0.000374695
0.000113186
0
0
0.00195963
-0.00465153
0.00502114
0.00156038
0.000118846
-0.00434926
0.000704972
0.0073001
-0.00156012
-0.00114059
0.00461439
-0.00235714
0.000217633
-0.00529949
0.00333589
-0.00196613
0.0104811
0.00268619
0.00641209
0.0106989
0.0011738
-0.00248573
-0.004075
0.00172747
-0.00270857
0.000762052
-0.00451378
-0.000857769
-0.00146296
-0.00403719
0.00981508
0.00987815
-0.00820071
0.0047302
-0.010283
0.00059095
-0.00197541
0.00283411
-0.000319926
0.00519717
-0.00478521
0.00483912
0.00290573
-0.00270217
-0.00609635
0.00225222
0.00400822
0.0020721
0.00450884
-0.00452042
0.00737251
-0.0122428
0.000567398
