# 1 157 (number of hyperplane, dimensionality of hyperplane)
# 0 (added bias feature? 0:no 1:yes)
-0.00190693
0.00211821
0.000835251
-0.000273707
-0.000869917
7.31783e-05
2.47066e-05
1.68575e-05
0
0
0
0
0
0
0
0
0
0
0
0
0.000153103
8.60541e-05
4.42086e-05
4.85801e-05
0.000110463
-0.000412455
0.00189164
0.00236664
-0.000242017
-0.00172801
0.00227329
0.00646614
-0.000564752
0.000884154
-0.00165628
0.000283744
0.00342701
0.00871247
-6.52741e-05
-0.0037505
-0.00118572
0.000271603
-0.00103987
-0.00127476
-0.00158877
-0.00380526
-0.00264483
0.00105109
0.000442229
-0.00135032
-0.00198376
-1.37044e-05
-0.000709415
0.000959848
-6.39341e-05
0.000373061
-0.00207056
-0.000376027
0.003431
0.00395468
0.0040598
6.94797e-05
-0.000184157
0.00125792
0.00211113
0.00202439
0.00318086
0.00342925
0.00404402
0.00262519
0.00454604
0.00261288
0.00125382
0.000602591
0.00237665
-0.000255553
0.00314838
0.00306553
0.00298096
0.00169151
0.00180013
0.00124816
0.00103449
0.0012877
5.31194e-05
2.77708e-05
2.29884e-05
9.89413e-06
0
6.98166e-06
0
0
0
0
0
0
0
0
0
0.000185788
0.000196284
0.000109967
7.19402e-05
0.000140878
0.00142841
0.000862753
-0.000632609
-0.00162351
-0.00424461
-0.000354147
0.000232744
-0.000668263
-0.00133301
-0.00313579
2.33724e-05
-0.00120671
0.000866245
9.9466e-05
-0.000740391
0.000945555
-0.000843015
-0.000773993
-0.00101682
-0.000725783
-0.000474138
0.00146806
0.00149578
0.000511158
-0.000688223
0.000364011
0.00412529
0.00235784
0.000362442
-0.000533265
0.000854319
0.00371231
0.00155703
0.00200668
0.00108726
0.00113596
0.000652365
0.000252941
-0.000165629
0.000456403
0.000705962
2.34578e-05
0.000396194
0.00104278
0.000358804
0.00140935
-0.00058864
-0.00103371
-0.00290964
-0.00367838
0.0034721
0.00335668
-0.00270936
