# 1 157 (number of hyperplane, dimensionality of hyperplane)
# 0 (added bias feature? 0:no 1:yes)
0.0041546
-0.00481744
0.00360918
0.000741911
0.00959394
-0.00141195
-0.00339597
-0.00110073
0.00980137
0
0.00136581
0.00102534
0.000206987
0
0
0.0108609
0.00394365
0.00343018
0.0125417
0
0.0131412
0.00384507
0.00556806
0.00583794
0
-0.00769104
-0.0021192
0.0187999
-0.00989805
0.00321047
0.011586
-0.00966809
-0.00432398
-0.000219168
0.025033
0.00190787
-0.000142231
0.00304498
0.00665194
0.00770716
0.00664088
0.00356991
0.011829
-0.00905624
0.00441447
0.0034259
-0.00169986
0.0214359
-0.00755273
0.00481653
-0.0144287
-0.00101815
-0.00389002
0.00369211
-0.0180887
-0.00135613
0.00184647
0.00354129
0.00469287
0.0135297
0.00431663
0.0156588
-0.0124878
0.0039174
0.00111381
0.00332728
-0.00322154
0.0432293
-0.000372308
0.0112322
0.00870242
0.00612218
8.42573e-05
-0.00366435
0.000355799
-0.00341129
-0.00850803
0.0220719
0.0114162
-0.00108571
-0.00994958
0.00247155
-0.00640506
0
0.00652221
0.00370405
0.00755197
0.000644974
0
0.0131132
0.00827096
0.00147988
0
0
0.0059194
0.0064578
0
0
0
0.0191423
0.00722372
0.0128341
0.00195131
0
0.00865295
-0.0083599
0.0058226
-0.0133569
0.0102524
-0.000412649
-0.00429324
-0.0105221
0.00533088
0.0217239
0.00546016
-0.00256044
-0.00620552
0.00724267
-0.00304752
-0.00112775
-0.000813687
-0.0112321
0.00304104
-0.00485287
0.0140279
-0.00787852
-0.00718452
0.00277923
-0.0198174
0.0125173
-0.000410663
0.0119872
0.0169242
-0.00667715
-0.00102091
-0.00608486
-0.01419
0.00878735
-0.0200053
-0.00281877
0.00552826
0.000406958
-0.0057764
-0.0109577
0.00845516
0.00568376
-0.000521404
0.00725164
0.00498945
-0.00439081
-2.95341e-05
-0.000825472
-0.0105921
0.00208515
-0.00624159
-0.00829262
0.00266982
