# 1 157 (number of hyperplane, dimensionality of hyperplane)
# 0 (added bias feature? 0:no 1:yes)
0.000294918
0.000266576
-6.63408e-05
-0.000481543
8.78409e-05
5.24766e-05
1.91775e-05
-2.90759e-05
-2.0846e-05
-1.5862e-05
8.13988e-05
0.000127204
0.000122965
5.40332e-05
0
6.35402e-05
0.000106154
7.08769e-05
1.40247e-05
0
0.000131476
0.000124897
9.80117e-05
5.92983e-05
0
0.000164482
0.000136904
0.000145411
0.000229822
9.395e-05
0.000268094
0.00030062
0.000125318
0.000218038
0.000390915
0.000108816
0.000261442
0.000281881
-0.000189243
0.000334687
-7.29946e-05
2.35841e-05
0.000437796
-0.000157856
4.69733e-05
-8.60036e-05
0.000104477
0.000638458
-1.45114e-05
0.000127367
5.6387e-05
0.000348551
0.000662254
5.43367e-05
0.00026063
0.000332578
0.0003524
0.000347465
0.000404206
0.000387544
2.5231e-05
-3.46808e-05
0.000200172
0.000188953
0.000171182
-0.000151622
0.000333825
0.000399213
0.000329365
0.000212601
0.000266491
0.000317688
0.000191474
0.000141693
9.07007e-05
0.000815584
0.000836186
0.00092177
0.000678089
-1.76328e-05
-0.000119774
-0.000287957
-4.66009e-05
1.87778e-05
1.16345e-05
-1.41111e-05
-5.84315e-05
-3.20548e-06
0
-1.58608e-05
-2.72873e-05
1.22839e-05
1.95544e-05
0
-4.86328e-05
-7.48416e-05
-2.35787e-05
7.93363e-06
0
1.41356e-05
4.22704e-05
3.90747e-05
1.17932e-05
0
2.53072e-05
-6.47296e-05
6.74673e-05
8.71656e-05
0
9.47662e-05
5.68315e-05
0.000152715
0.000101932
7.65321e-06
-9.73107e-07
4.91175e-05
8.9188e-05
0.000121943
1.87157e-05
2.14612e-05
-7.7567e-06
3.3728e-05
8.43541e-05
1.58058e-05
6.99689e-05
-7.10814e-05
1.07528e-05
1.4264e-05
1.20757e-05
7.30779e-05
-5.27573e-05
0.000108875
0.000117965
9.36006e-06
0.000120446
1.88188e-05
8.77654e-05
0.000222766
1.60197e-05
-2.38022e-05
-1.13787e-05
-6.77467e-05
-0.00012717
-8.70843e-05
6.57411e-05
4.01896e-05
0.000419724
0.000119436
2.91196e-05
7.83245e-05
8.84957e-05
5.82317e-05
3.12327e-05
6.67377e-05
0.00036595
0.000386375
0.000442388
