# 1 157 (number of hyperplane, dimensionality of hyperplane)
# 0 (added bias feature? 0:no 1:yes)
0.000414688
0.000387807
0.000135841
0.000168732
9.19572e-05
4.44655e-05
2.78789e-05
2.52177e-05
4.91219e-06
0
0
0
0
0
0
0
0
0
0
0
3.3591e-05
1.37931e-05
5.83314e-06
1.04918e-05
0
0.000374623
0.000397984
0.000310543
0.00052543
0.000114823
0.000550939
0.0009661
0.000881115
0.000928348
0.000220765
0.000459627
0.000981084
0.00113643
0.00197329
0.000159294
0.00079335
0.000946584
0.00127741
0.0020381
0.000732363
0.00051453
0.0010803
0.00132622
0.0012908
1.30978e-05
0.000531414
0.00110808
0.00121601
0.00155187
0.000940658
0.000340822
0.000673212
0.00101226
0.00078766
0.000373206
0.000698435
0.000885487
0.00111905
0.00137083
0.000316459
0.000396819
0.000588552
0.00032095
0.00141292
0.00144491
0.00138478
0.000819478
0.000815961
0.000705476
0.000793786
0.000907949
0.000834351
0.000953122
0.00205261
0.000295786
0.00019337
8.32318e-05
0.000113591
2.80673e-05
1.29899e-05
8.79638e-06
1.13044e-05
4.56128e-06
0
0
0
0
0
0
4.81899e-06
3.83344e-06
3.70696e-06
0
0
4.96241e-06
2.12685e-06
2.78404e-06
0
0
0.000229245
8.34419e-05
2.14614e-05
5.51895e-05
-5.41247e-05
0.000212563
-1.99829e-05
-8.67247e-05
-0.000199473
-0.000289909
7.4539e-05
0.000167114
0.000106719
0.000102911
-2.02877e-05
0.000198229
0.000167419
7.90164e-05
0.000247664
9.66359e-05
0.000132871
0.000249472
0.0002458
0.000219916
0.000151595
0.000227776
0.000281312
0.000231587
0.000314331
0.000351355
0.000399476
0.00024567
0.000263528
0.000197397
6.91935e-05
0.000292238
0.000297807
0.000277966
0.00028485
9.58787e-05
0.00020399
0.000185379
0.000843965
0.000554365
0.00060329
0.00066558
0.000218458
0.000185483
0.00015593
4.63558e-05
0.000479584
0.000247019
0.000469882
