# 1 157 (number of hyperplane, dimensionality of hyperplane)
# 0 (added bias feature? 0:no 1:yes)
0.000273971
0.000367937
0.000232515
0.000192583
4.62558e-05
-9.76933e-05
-6.94981e-05
-8.66145e-05
-7.89862e-05
-5.56873e-06
-9.66435e-05
-0.000113854
-1.91273e-05
4.45171e-06
0
-0.000172534
-0.000188904
-0.000185655
-8.52891e-05
-2.73059e-05
-5.32044e-05
-5.25629e-05
-3.62502e-05
-7.68869e-06
5.62228e-06
0.000265592
0.000184087
6.82771e-05
-7.47889e-05
-0.000213432
0.000236857
0.000418158
0.000361064
0.000526005
-9.21534e-05
0.000514501
0.000287172
0.000169732
3.79332e-05
-5.13001e-06
0.000112033
0.000469541
-0.000277826
0.000196885
0.000377192
4.39131e-05
-0.000132185
-0.000105678
0.000349824
0.000195471
0.000358097
-0.000112302
0.000402897
0.000449854
0.000243871
0.000450604
0.000420523
0.000499185
0.000554088
0.000284611
0.000274401
0.000994555
0.00143963
0.00153683
0.000179514
9.85744e-05
0.000949025
0.000304286
0.000684597
0.000527619
0.0004619
0.000307816
0.000171358
0.000244842
0.000160993
-0.000159253
-0.00032841
-0.000149613
0.00145844
0.000201349
8.9363e-05
1.77329e-05
-3.76203e-05
-2.22554e-05
5.36332e-05
2.32595e-05
7.64443e-06
6.02501e-08
2.12039e-06
1.33504e-05
4.04945e-06
-3.76413e-06
0
0
3.99152e-05
5.52937e-05
2.67466e-06
-9.90122e-06
0
1.96661e-05
3.093e-05
1.3844e-05
3.52207e-06
0
0.000189234
0.000131761
6.64463e-05
9.90743e-05
5.30907e-05
0.000130894
0.000179842
0.00023146
0.000294746
6.79083e-05
0.000218557
0.000119217
8.48267e-05
5.75624e-05
-0.000289666
7.57118e-05
0.000132323
5.39935e-05
1.45579e-05
2.13136e-05
5.79932e-05
0.000272304
0.000225178
0.000125615
3.34564e-05
0.000121744
0.000241525
0.000223256
0.000148893
-2.96423e-05
0.000139342
0.000173264
3.24268e-06
1.76497e-05
-4.86554e-05
0.000236606
0.000427166
0.000414653
0.000315154
0.000128603
0.000112199
0.000370794
0.000200883
0.000393691
0.000409304
0.00039282
7.85937e-05
0.000113731
6.02413e-05
6.66504e-05
0.00051194
0.000174791
0.000192948
