# 1 157 (number of hyperplane, dimensionality of hyperplane)
# 0 (added bias feature? 0:no 1:yes)
0.00301963
0.0013369
-0.000316857
0.00088914
2.79798e-05
0.000489714
0.000491152
0.000714893
0.000343706
4.95861e-05
6.548e-07
0
0
0
0
1.2153e-05
0
0
0
0
-0.000171776
5.14233e-06
0.000335589
0.000215266
0.000124153
0.000406065
-0.00117821
-0.00157456
0.000569601
-0.000218512
0.00168474
-0.000802726
-0.000996294
-0.00101822
-1.65026e-05
-0.00307393
0.00189475
0.00252752
0.00272455
0.000363887
-0.000709035
0.000773677
0.00249812
-0.0006604
0.00140131
0.00166662
0.00155
0.00296875
-0.000622183
-0.00180249
-0.000360984
0.000813743
-0.000176833
-0.000395299
2.10465e-05
0.000369751
-0.000503123
0.00177572
0.00020094
6.10535e-05
-0.000659151
0.0010879
0.00264869
0.00640619
0.00140075
-0.00213994
-0.00102018
0.00233146
0.00157497
0.00189831
0.0027845
-0.000961607
-0.000207447
0.00166743
0.000268003
0.00540859
0.00453837
0.00403397
0.00288045
0.000277955
-0.000621857
-0.00297052
0.00072261
0.00039416
0.000100941
0.000100982
7.9566e-05
1.72609e-05
0
0.000151261
0
0
0
0
2.5474e-05
2.2332e-05
3.6393e-05
1.67971e-05
0
0.000167657
0.000201278
0.000153319
0.000177741
0
0.00146004
0.00189459
0.000793009
0.00130554
0.000368169
0.000877041
-0.00145926
0.00110774
0.00194181
0.000401967
0.00172394
0.000697684
-0.00198826
-0.000483982
4.93613e-05
0.000368405
-0.00100222
0.000801727
0.000344864
0.00128362
0.000321386
-0.000898174
0.000493651
-0.00127256
-0.00235911
0.00174746
0.00102092
-0.00214557
1.05148e-05
0.000609159
0.00149299
0.000533985
0.000636301
-0.000419168
0.00165111
0.00211602
-0.00113531
-0.00112117
-0.00072223
0.000180405
0.00201083
0.00140753
0.00273246
-0.00130087
7.83114e-05
0.00113869
-0.00192037
0.00083382
0.000918419
-0.000222522
0.00388972
-0.00241787
-0.000947736
