# 1 157 (number of hyperplane, dimensionality of hyperplane)
# 0 (added bias feature? 0:no 1:yes)
-0.000377168
0.000217485
0.00168274
0.00103465
0.000791245
0.000131663
0.000614931
0.000746238
-0.000405553
-1.28396e-06
0.000393848
0.000854814
0.000599963
-0.000786238
9.10831e-05
0.000397622
0.000494126
-0.000137821
-0.00028996
2e-05
-9.67623e-06
4.03353e-05
-8.86909e-05
-0.000964513
6.76238e-05
-0.000174393
0.000426891
0.000366052
-0.0013299
2.63578e-05
0.000972372
-0.000536151
0.00143483
-0.000587744
0.00110418
0.00196788
-0.000183637
0.00136086
0.000150097
-0.000301276
0.00254644
0.00169294
-0.00224323
0.000699071
0.000444367
0.00276809
0.00186405
-0.00110624
0.000868381
0.000674012
0.00173052
0.00172649
-0.000295914
0.00115411
-0.000270109
0.00165317
-0.000560891
0.000520224
0.000190427
0.000395751
0.000686796
-0.000197366
0.000365594
0.00127846
0.000872056
-0.000192459
0.00232863
0.00145408
0.000537768
0.00164437
0.00197063
0.00123116
0.00117479
0.000939205
0.000770395
0.000807626
2.95512e-05
0.000548028
0.00268675
-0.000169456
-0.000136469
-0.000905486
0.000234483
5.94585e-06
5.8891e-05
-0.000136297
-0.0002411
-6.37088e-05
7.9043e-05
0.000592592
0.000632847
0.000197297
0.000300555
0
-2.93346e-06
7.57284e-05
0.000193167
7.79035e-05
0
-0.000130467
-0.00044969
-0.000257379
-7.74385e-05
3.43176e-05
-0.000734821
-0.000530804
0.000625309
0.000137544
0.000213037
0.000574053
0.000807437
0.000104478
0.000356561
-7.66632e-05
-0.000166774
-0.000187859
0.0010073
0.000691456
0.000514941
0.000840045
0.000828012
0.00113341
0.00027527
0.000510494
0.00074654
0.000576244
0.000126536
-0.000457604
0.000605628
0.00013256
-0.000613814
0.000284449
-0.000542145
0.000518934
0.000850817
-0.00102268
0.000124141
-0.000630252
-0.000294526
0.000743108
-1.86716e-05
0.000173099
0.000100942
0.000665262
8.0871e-05
0.00116398
0.0014307
0.000520865
0.000428302
0.000857025
0.000658936
0.000129876
0.000832382
0.000374224
0.00111282
0.000553914
-0.00153534
