# 1 157 (number of hyperplane, dimensionality of hyperplane)
# 0 (added bias feature? 0:no 1:yes)
-0.00289091
0.00497074
0.00664805
-0.00118658
0.0161419
-0.0145604
0.0073754
0.00827177
-0.0165462
-0.00108525
-0.018534
-0.00582516
0.00100228
0.00129048
0.000849269
-0.0123473
0.00471984
-0.00429609
-0.0141279
-0.00400247
-0.00691249
-0.00171866
0.00469766
-0.0211006
0.00110186
0.0106035
-0.0168591
-0.0154724
-0.00642234
0.0155021
0.0109628
0.0166671
0.00779377
-0.0173765
0.024482
0.000730113
0.00379358
-0.0011553
0.0043092
0.017641
-0.00364742
0.0161271
-0.00344644
0.0034743
0.024315
-0.00844011
-0.0240012
0.0116943
0.00837478
-0.00122193
0.0113096
0.00730307
0.0192232
-0.0194549
0.0168764
0.0137598
-0.0115682
0.00159777
0.00978528
0.0391867
0.00635944
0.00867409
-0.00898051
0.0222006
0.0128142
-0.00670563
0.00169071
0.0551507
0.0195909
0.00210895
0.00640608
0.00535237
0.00475028
0.00522952
0.00672279
-0.0093885
-0.0388988
-0.00892142
0.0173767
-0.00363417
-0.00668711
-0.00303832
0.0085162
0.00740989
0.00854454
0.00270862
0.00232269
0.00300002
0.000716535
-0.0195974
-0.00305394
-0.00143169
0.000743432
0
-0.000679415
0.004267
-0.00211293
-0.0101511
-0.00022712
0.00609568
-0.00148688
-0.000794147
-0.0131678
-0.00155659
0.00633924
-0.0104177
-0.00892386
-0.0111369
0.00181335
-0.00927248
0.00407263
0.00720677
-0.0163279
0.00318879
0.00176863
0.013964
-0.00168285
-0.00261787
0.00477928
-0.00555023
0.0131073
0.00746166
0.00429908
0.00626978
-0.00894933
0.0107073
0.00267785
-0.000412477
0.0029158
-0.0105519
0.0171636
-0.00605571
0.00455366
0.00723145
-0.00321096
0.00877423
0.00862758
0.0123158
0.0064013
0.00347179
-0.00256377
0.00155471
-0.00027963
-0.00679056
0.0106611
-0.0103732
0.00143564
0.01654
0.00084415
0.00196972
-0.00225348
-0.00953135
-0.00573015
-0.00787625
0.0119098
-0.00333728
0.010084
