# 1 157 (number of hyperplane, dimensionality of hyperplane)
# 0 (added bias feature? 0:no 1:yes)
3.26266e-05
0.000136162
8.70981e-05
0.000127577
-2.15776e-05
4.99506e-05
1.8575e-05
1.13043e-05
4.3227e-06
1.7887e-06
1.43834e-05
2.35786e-06
1.08066e-06
0
0
3.13108e-05
3.30184e-05
1.63261e-05
9.61561e-06
7.99987e-06
4.71134e-05
2.46606e-05
1.74218e-05
1.27361e-05
9.70082e-06
-1.28031e-05
-1.96279e-05
1.14416e-05
3.98889e-05
-0.000133414
0.000134117
0.000210156
0.00025784
0.000373347
0.00041607
0.000755805
0.00128194
0.000840391
0.000616956
0.000394182
-0.000252499
0.000601037
0.000878201
0.000275919
6.97783e-06
-0.000175609
0.000560912
0.00104035
0.000311921
0.000120213
0.000489872
0.00108713
0.000630208
0.000651049
0.00039211
0.000113879
0.000147078
0.000236449
0.000515751
0.000592143
0.000255245
0.000606758
0.000955912
0.00117915
0.00011929
0.000141238
0.000381478
9.28764e-05
0.000821167
0.00083924
0.000747237
0.000227525
0.000264308
0.000264531
0.000314294
0.0005977
0.000436786
0.000518124
0.00106028
0.000125763
0.000120002
6.49046e-05
6.28212e-05
3.05619e-05
1.38565e-05
9.84374e-06
8.93002e-06
8.42087e-06
1.65514e-05
8.6453e-06
1.76839e-06
0
0
0
0
0
0
0
0
1.41937e-05
4.47174e-06
8.64525e-06
9.35417e-06
2.52154e-06
9.55393e-05
4.44542e-05
1.48804e-05
-1.48799e-05
-1.89488e-06
0.000128188
-3.95289e-05
-5.1747e-05
-9.44844e-05
-0.00033784
0.000124045
3.16178e-05
7.32718e-05
1.3171e-05
6.14114e-05
-1.10198e-05
0.000158045
0.000156917
0.000149292
0.000161452
-4.80963e-05
0.000230562
0.000168398
0.000118517
0.000160472
2.24227e-05
0.00022416
0.000161327
9.93782e-05
8.01444e-05
0.000219029
0.000140237
3.51974e-05
3.57637e-05
6.26522e-05
0.00018367
0.000196949
0.000240175
0.000240833
7.23852e-05
0.000115609
0.000176286
0.000395543
0.000432498
0.000461226
0.00046175
0.000198817
0.000260552
0.000183444
6.45762e-07
0.000261896
0.000206076
0.000393581
