# 1 157 (number of hyperplane, dimensionality of hyperplane)
# 0 (added bias feature? 0:no 1:yes)
-0.00270744
0.00469729
0.00642524
-0.001084
0.0161143
-0.014291
0.00727809
0.00830113
-0.0163734
-0.00106038
-0.0184829
-0.00581087
0.000947703
0.00135294
0.000853288
-0.0121456
0.0047321
-0.0042812
-0.0140178
-0.00382527
-0.0069682
-0.0018992
0.00478844
-0.0210245
0.00110127
0.0106624
-0.0167087
-0.0154955
-0.00653084
0.015474
0.0108674
0.0168525
0.00780898
-0.017393
0.0242638
0.00078575
0.00358387
-0.00132217
0.00433206
0.0176369
-0.00375064
0.0159537
-0.00338147
0.00336455
0.0241977
-0.00822973
-0.0244979
0.0115266
0.00854876
-0.00121399
0.0112775
0.00728827
0.0193464
-0.0193817
0.0168633
0.0134312
-0.0114813
0.00147924
0.00996953
0.0390641
0.00640513
0.00864226
-0.00925531
0.0223713
0.0127713
-0.00661361
0.00177124
0.055039
0.0195613
0.00192912
0.00607875
0.0054411
0.00469166
0.0050988
0.00671161
-0.00930823
-0.0388899
-0.00882593
0.0172727
-0.00328125
-0.00714956
-0.00315868
0.0087494
0.00736414
0.00859501
0.00285452
0.0023757
0.00287784
0.000694555
-0.0196162
-0.00306911
-0.00145387
0.00072759
0
-0.000745797
0.00431641
-0.00203039
-0.00984331
-0.000454173
0.0062133
-0.00142639
-0.000873078
-0.0131303
-0.0015058
0.00629629
-0.0105852
-0.00914154
-0.0111306
0.00192416
-0.00968718
0.00442402
0.00741289
-0.0164629
0.00317152
0.00200277
0.0139749
-0.00200656
-0.00271393
0.00464661
-0.00525808
0.0137384
0.00709853
0.0044146
0.00623936
-0.00891795
0.0107429
0.00218471
-0.000343472
0.0030561
-0.010529
0.0173178
-0.00585204
0.00438365
0.00723845
-0.00354953
0.00881949
0.00863264
0.0126038
0.00640037
0.00333823
-0.00264061
0.00173078
-0.000443503
-0.00676909
0.0105001
-0.0104469
0.00150287
0.0167586
0.00104022
0.00176159
-0.00228275
-0.00933601
-0.00594067
-0.0080928
0.0117778
-0.00339186
0.010224
