# 1 157 (number of hyperplane, dimensionality of hyperplane)
# 0 (added bias feature? 0:no 1:yes)
-0.000218149
0.00161441
0.00640164
0.00341237
-0.00259403
0.0026643
0.0025021
0.00277005
0.00193215
0.000458689
-0.00124495
-0.00550039
-0.00179366
-0.0095175
0.000390716
-0.00800932
-0.000977472
-0.00346411
-0.00184615
0
0.00320921
0.00149177
0.00254361
0.000339232
0.000923288
0.000953395
0.000630348
0.000539352
-0.000134316
-0.00901887
-0.00109201
-0.000205902
0.000705615
0.00543849
0.00154417
0.0039535
6.46401e-05
-0.0013529
0.000965537
-0.00344742
3.99766e-05
-0.00213692
0.00398082
-0.00216454
-0.00686366
-6.2958e-05
0.000653736
0.000118771
-0.00303056
6.57592e-05
0.000191671
-0.000216644
-0.000163602
0.00150642
-0.00861166
-0.00112041
6.78917e-05
1.86528e-05
0.00152193
-0.00492797
-0.000515604
0.00138203
-4.83921e-05
-0.000712266
-0.000810902
0.000306772
-0.000557465
0.00596454
-0.00289788
-0.00145531
0.00934822
0.00281288
0.00170149
0.00135696
0.00179741
-0.000272591
-0.000255367
0.00370454
-0.000273732
0.000644086
0.00355011
0.00558846
0.00284312
-0.00225624
0.00258332
0.00390169
0.00318752
0.00197162
0.00165514
0.000997304
-0.00628316
-0.0056893
-0.00456613
-0.000107004
-0.00611625
-0.00982351
-0.00221735
-0.00704845
0.000715995
0.00120348
-0.00116612
0.00485907
0.00206897
0.00169577
-0.00176489
6.11763e-05
-0.0033993
0.00301642
-0.0106765
0.000172264
-5.08648e-05
0.00181489
0.00420418
0.00053277
0.00198864
0.000965691
-0.00202098
0.00146499
-0.00380945
0.00169147
-0.0044266
0.00569241
-6.46068e-05
-0.00661233
0.000377353
-0.0023326
0.00489945
0.000685496
0.00221811
-0.000370616
-0.00062133
0.00214334
0.000946665
-0.0037071
0.000172582
0.00137213
0.00192939
-0.000595131
-0.00450828
-0.000495068
0.0046062
0.000935663
-0.00386959
0.000760341
-0.00130419
-0.00690937
0.00628084
-0.00249539
-0.00248632
-0.000313873
0.00151577
0.00145442
0.00150141
-0.000408566
0.000889501
0.000492697
-0.00018745
