# 1 157 (number of hyperplane, dimensionality of hyperplane)
# 0 (added bias feature? 0:no 1:yes)
0.00112762
-0.00161654
-0.0122415
-9.30166e-05
-0.000182519
-0.00311894
0.000575225
0.00195257
-0.000405998
5.13096e-05
-0.0113292
0.00281905
2.00153e-05
-0.00191849
-0.00050983
-0.00875236
0.00714392
-0.00201411
-0.00197149
0.00129987
-0.0130576
-0.000769838
0.00862807
0.00885805
0.000467484
0.00727232
-0.00607865
-0.00360226
-0.0118201
-0.00258565
0.0123635
0.0143102
-0.0101516
0.00482811
0.00831429
-0.00251579
0.0086443
0.00101026
0.00754747
0.0209156
0.00361944
0.00115957
-0.0128159
0.0111833
0.0125746
-0.00360781
-0.00537773
-0.0156456
0.016104
0.0094336
-0.000145136
0.00632486
0.0172667
0.00183995
0.0028967
0.00224593
-0.00623275
-0.00794681
0.00410104
0.00667089
0.00764193
0.00367284
0.00924766
0.0113984
0.00122258
0.0066688
0.00362236
0.0179548
0.00996367
0.000437389
-0.000260028
0.00303611
0.000380939
0.00664009
0.00850785
0.012178
-0.00763893
-0.0129119
0.0180613
-0.000992539
0.00266222
0.00235511
-0.00247683
0.00185783
-0.000182112
0.00326461
-0.000849947
-0.000823938
0
0.0023801
0.00115089
0.000286252
0
0
-0.0101753
-0.00049477
-0.000274669
-0.00972229
-0.00826821
0.00607997
0.00928326
0.00351177
0.00298236
0
0.00105113
0.00236973
-0.0127303
-0.00524861
-0.00925967
0.00810976
0.0106531
-0.0182249
0.0048923
-0.00830133
0.00530436
0.0132789
-0.00923749
0.000666862
0.00304245
0.0156166
0.0198862
0.00440098
0.00738262
0.01594
-0.00321591
0.00496381
0.0206993
-0.0082083
0.0172612
-0.00067088
0.00447907
0.0173893
-0.00814406
-0.00230899
0.00170098
-0.00122578
-0.000233979
-0.00363381
0.0088141
0.00274695
-0.00750173
-0.00568192
0.00786511
-0.00188643
0.00481343
0.00162773
0.00699323
0.0016045
-0.00537496
0.00972502
-0.00189331
-0.00411296
0.00306293
0.00325544
-0.0126044
-0.0148219
0.00623747
