# 1 157 (number of hyperplane, dimensionality of hyperplane)
# 0 (added bias feature? 0:no 1:yes)
0.0155888
-0.00568775
-0.000801448
0.0097939
0.0056138
0.0186986
0.0305449
0.0211614
0.00812215
0.000268659
-0.0108642
-0.0066557
-0.00280407
-0.0012146
0
-0.0276817
-0.000933895
-0.0261138
-0.0019873
0.00943581
0.0230176
0.0257627
-0.0368093
-0.0134539
0.00543084
0.00763177
-0.0022899
-0.00467075
-0.0268166
0.00321289
0.00419733
0.00694067
0.00404827
-0.00170475
-0.0104788
-0.00712333
0.00212543
0.00584502
0.00725803
-0.0135095
-0.0105128
-0.000340965
-0.0101477
-0.00150938
-0.00489423
-0.00289612
0.00611062
-0.00523913
-0.00719481
0.0232127
-0.00438139
0.0167684
0.00472409
0.00720043
0.00765002
-0.00559817
0.00751035
-0.00843284
-0.0106573
0.00206629
0.0172181
-0.0108712
-0.00330429
0.0139261
0.020586
-0.00349877
0.00845085
0.0157304
0.0038205
0.0131926
0.00652166
0.0102798
-0.00866518
-0.00208797
0.00559899
0.0191752
-0.00442002
0.0528277
0.0227345
-0.00155516
-0.00150111
-0.0141002
0.0601032
0.00858997
0.026552
0.00458956
0.000772573
0
0
-0.000688621
-0.0179951
-0.01796
-0.00816372
0
-0.00162901
-0.00842542
-0.00641308
-0.013205
-0.00419492
0.0212194
0.0091984
-0.0321315
-0.0145141
0.000698211
0.00165481
0.0127353
-0.0128365
-0.0171343
0.0186545
0.0107591
0.0201852
0.0114767
-0.0151638
0.00945298
0.00703174
0.0119949
-0.00917661
-0.0030432
-0.000716859
0.0143815
0.00501263
0.00781236
0.0082797
0.0174515
0.0244687
-0.00453383
0.000513119
0.0218232
-0.0156019
-0.00273635
0.033486
-0.000783445
-0.00315368
-0.0120379
-0.00830455
-0.00966857
0.00490169
-0.00297483
-0.00357485
0.0219187
-0.00466083
-0.0111359
0.0173516
0.0180775
0.00399055
-0.00865388
0.0027864
0.00626832
-0.00461265
-0.0117868
-0.00350413
-0.0172296
0.00139262
0.00627611
-0.00325813
0.000100343
-0.0365793
