# 1 157 (number of hyperplane, dimensionality of hyperplane)
# 0 (added bias feature? 0:no 1:yes)
-0.00194242
0.00217484
0.000937889
-0.000219296
-0.000991321
8.61249e-05
2.71735e-05
1.75086e-05
0
0
0
0
0
0
0
0
0
0
0
0
0.000159145
8.84987e-05
4.66757e-05
5.38517e-05
0.000117734
-0.000377182
0.00191087
0.0025051
-0.000121853
-0.00167438
0.00238993
0.00638202
-0.000596231
0.000855621
-0.00170267
0.000134282
0.00338596
0.00869843
-9.49094e-05
-0.00376657
-0.00110565
0.000402182
-0.00102071
-0.00132858
-0.00153667
-0.00372149
-0.00251291
0.0010803
0.000408233
-0.00131219
-0.00192367
-1.43746e-05
-0.000696633
0.000924848
-0.000171179
0.000207914
-0.00197267
-0.000368083
0.00335146
0.00384635
0.0041626
6.35228e-05
-0.000174322
0.00116368
0.00217018
0.00206985
0.00320715
0.00339682
0.00400287
0.00253352
0.00453086
0.00254016
0.00114719
0.000712985
0.00233761
-0.000266276
0.00315074
0.00299928
0.0029772
0.00177644
0.00179605
0.0012119
0.000996227
0.00125846
6.37689e-05
2.88435e-05
2.38764e-05
1.02763e-05
0
8.63781e-06
0
0
0
0
0
0
0
0
0
0.000224762
0.000224492
0.000131359
9.52578e-05
0.000193229
0.00139661
0.000962419
-0.000626798
-0.00170997
-0.00442689
-0.000304496
0.000211776
-0.000657887
-0.00134017
-0.00310904
1.41779e-05
-0.00131296
0.000769368
9.95432e-05
-0.000763812
0.0010906
-0.000812279
-0.000703286
-0.000927242
-0.000661446
-0.000537137
0.00150028
0.00148739
0.000459788
-0.000698425
0.000437643
0.00394572
0.00238393
0.000391993
-0.000458354
0.000942477
0.00363693
0.00159753
0.00199257
0.00109554
0.00117899
0.000764367
0.000215842
-0.000312809
0.000452903
0.000754306
3.78841e-05
0.000346992
0.00100911
0.000337262
0.00131947
-0.000564049
-0.000932052
-0.00298965
-0.00376539
0.00361521
0.0033679
-0.00258098
