# 1 157 (number of hyperplane, dimensionality of hyperplane)
# 0 (added bias feature? 0:no 1:yes)
-0.00361296
0.00285588
0.00139155
-0.00227402
-0.022373
0.0206589
0.00607884
-0.00988658
0
0
0
0
0
0
0
0
0
0
0
0
-0.0188379
-0.0196783
0.0194157
0.00949777
0.00145503
0.0102203
0.000199547
-0.000775448
0.000846027
0.0535638
-0.00790539
-0.00211829
0.00236114
-0.00290433
0.00944513
-0.00341151
0.0080282
-0.0107007
0.0149445
0.00366641
-0.0154255
0.0103081
-0.000688232
0.0214358
0.000462232
0.0132816
-0.00539463
-0.00119316
-0.00373249
0.0025159
-0.00548335
0.00417467
0.000888981
-0.0133968
0.0051672
0.00960042
-0.0105318
-0.00362718
0.0240234
0.00730063
0.000369146
0.00954032
-0.0355881
0.0430115
-0.000739476
0.0011517
0.0102315
0.0176139
0.00111258
-0.00111978
0.0117433
-0.000800332
0.00155564
-0.00015771
0.00101822
0.0267038
0.0215372
-0.00142212
0.0251907
0.0177339
-0.00266296
-8.8596e-05
0.00702254
0.00163721
0.0260648
0.00558759
0.00528042
0
0
0
0
0
0
0
0
0
0
0
0
0.017841
0.0173244
0
0
0
0.0200099
-0.0102697
-0.017944
0.0160405
0.000248804
0.0146608
-0.0255952
0.00805116
-0.0196207
-0.00478524
-0.000967074
-0.000840704
0.00768888
-7.52961e-05
-0.00858189
0.0179994
-0.00343929
0.0141869
-0.00425223
0.0112329
0.0322444
-0.0118914
-0.00412131
-0.0262563
0.0111518
0.0132438
-0.00585513
-0.00458685
-0.00927309
0.0324226
0.0247464
0.000451531
-0.00759888
0.000517865
0.0155747
-0.00848099
-0.000448517
0.00355083
-0.0052243
-0.00756162
-0.000955101
0.0185938
-0.0399398
-0.0034835
-0.00213565
-0.00276288
-0.00213665
0.0075997
-0.00832157
-0.00233959
-0.00402543
-0.0215563
0.0171831
