# 1 157 (number of hyperplane, dimensionality of hyperplane)
# 0 (added bias feature? 0:no 1:yes)
0.00558053
0.00272487
0.00556362
-0.0136149
-0.00167765
0.00123775
7.75672e-05
0
0
0
-0.00961707
-0.00226554
-0.00311506
-0.00538069
0
0.000105277
0.000322595
-0.00146542
-0.00168508
-0.00137363
-0.00423339
-0.00645678
-0.00512423
-0.00184701
-0.00251789
0.00449166
-0.00054053
0.00159371
0.00264319
6.25985e-05
0.00275872
-0.00237491
0.00561974
0.0029276
0.00125002
-0.0056346
0.0117945
0.00752547
0.0209532
0.00110681
0.00321342
-0.000675882
0.000945403
-0.00395945
0.00219425
0.000472876
-0.00353061
0.00285543
0.00299276
-0.00494489
-0.00562233
0.0101948
0.00175026
0.0195125
-0.00969387
-0.00679177
-0.00108509
0.00261377
0.00820066
0.000376558
0.00287854
0.00466843
0.00206515
0.0160711
0.00558809
-0.00281484
0.00195429
0.00611857
0.0234906
0.0157425
0.016087
9.03484e-05
0.00335209
0.000834817
0.00144287
0.00539302
-0.00594088
-0.00170345
0.0148083
0.000166048
-0.00851161
0.000829734
0.00108053
-0.0023177
0.0031832
0.00153149
8.84323e-05
0
0
0.000273466
0
0
0
0
-0.000589831
-0.00117217
0.000187402
0.000187405
0.000127612
-0.000271993
-0.00211393
0
0
0
0.000983237
0.00203262
0.000284854
0.00224825
0.00526013
0.00308519
-0.00648155
-0.00506512
0.00316238
0.00863431
0.00456965
0.00815796
0.00358462
-0.000167969
-0.0117352
0.0059926
-0.00810304
-5.80396e-05
0.00345601
0.0031525
0.00696096
-0.00761852
0.000181192
0.00174808
-0.0013354
0.00143556
0.00239233
0.00561762
0.00502912
-0.00494022
0.00469553
-0.00410233
0.00335911
0.00211282
0.00233661
0.00495633
0.0024154
0.00178566
-0.000370531
0.00513312
-0.000183668
0.00181971
0.00364106
0.0101565
-0.000462478
-0.0026997
-0.00722072
-0.000615821
0.000483016
-0.00145155
0.0129939
-0.00397121
-0.00741865
