# 1 157 (number of hyperplane, dimensionality of hyperplane)
# 0 (added bias feature? 0:no 1:yes)
0.000314887
0.000187728
1.31557e-05
7.13998e-05
0.000141092
7.1213e-06
-3.7578e-06
-5.38306e-06
0
0
5.06331e-06
0
0
0
0
8.85915e-07
5.03382e-07
6.81483e-07
0
0
1.5083e-05
1.27121e-05
6.00629e-06
8.16374e-06
3.45818e-06
8.62771e-06
0.000175958
9.81013e-05
0.000269882
5.15905e-06
-5.15999e-05
0.000174157
0.000274439
0.000536258
0.000189731
5.94876e-05
0.000605766
0.000622674
0.000434999
6.50431e-05
0.000569022
0.00113676
0.00125844
0.000177657
-0.000242489
0.000421898
0.00126939
0.00130406
0.000393671
2.31043e-05
0.000173766
0.000266981
0.000586571
0.000676359
0.000294672
0.000290741
0.000234232
0.000227901
0.000725583
0.000463589
4.66256e-05
0.000217133
0.000374956
0.000717125
3.34918e-05
1.36441e-05
8.83296e-05
0.00021287
0.00101634
0.000897522
0.000918396
5.81167e-05
7.63148e-07
-9.28871e-05
-5.92156e-05
0.000675286
0.000487062
0.00042615
0.000842996
0.000180037
0.000137671
3.68611e-05
3.28461e-05
2.74054e-05
0
0
0
0
0
1.32346e-06
1.08285e-06
2.53659e-06
0
0
0
0
0
0
0
1.25381e-06
8.21461e-07
0
0
0
0.000243416
0.000147814
5.17758e-05
5.30543e-05
2.83486e-05
-4.31521e-05
3.76573e-05
1.81361e-05
0.000213776
3.33388e-05
0.00013784
0.000132574
1.33631e-05
-0.000184813
-0.000301867
0.00014822
0.00025977
-7.11451e-05
-8.19335e-05
-5.51963e-05
3.15529e-05
0.00015699
6.96235e-05
5.23566e-05
5.39411e-06
8.49963e-05
0.000144988
0.000144976
9.43904e-05
-2.20519e-05
6.39513e-05
0.000200767
0.000165203
0.000238101
0.000100426
9.61286e-05
8.22914e-05
3.77499e-05
3.36874e-07
4.51564e-05
5.2953e-05
9.88902e-05
9.99509e-05
0.000265634
0.000173792
0.000263263
0.000115395
3.34788e-05
4.19808e-05
4.33611e-06
0.000206533
0.000106615
9.64337e-06
