# 1 157 (number of hyperplane, dimensionality of hyperplane)
# 0 (added bias feature? 0:no 1:yes)
-0.00581192
0.0056617
-0.0119937
0.00787154
-0.0110419
-0.00425724
-0.00803294
0.0061042
-0.00326625
-0.000591328
-0.00704683
-0.00832635
-0.00226011
0.00169867
0
0.000134209
0.00288217
-0.000733955
0.00321351
0.00332446
-0.0096966
0.00286446
0.000491562
-0.00189614
0.00121737
0.00583359
0.0068439
-0.000591622
-0.00201907
-0.000973313
0.00708458
0.0159047
-0.0109653
0.00260574
0.00953052
0.0139659
-0.00809268
-0.00779288
0.013794
-0.0161599
-0.00493429
0.0149013
0.00678159
-0.000569536
-0.000241174
-0.00608269
0.00347539
0.00491721
0.00686881
0.0302968
-0.00231578
-0.00976897
-0.00143114
0.0105369
-0.00208456
0.00305614
0.00817987
-0.0103423
0.0149655
0.0189786
0.00916419
-0.0108439
0.00570379
0.000646062
-0.00939569
0.0192811
0.013785
0.0251316
-0.00162127
0.0113778
0.013805
0.00972831
0.00150099
-0.00124423
0.00304025
0.00704569
-0.00823999
-0.00812583
0.00597155
0.0151768
0.0111188
0.00425736
-0.00042691
-0.00507141
0.00106074
0.00176303
0.00156815
0.00352944
0
0.00057024
-0.00471189
0.00196958
0.00385598
0
0.00237136
0.00545403
0.00442
0.00051686
0
-0.00874259
-0.0126827
-0.00662968
-0.000603058
0.000927324
-0.00244423
-0.010456
0.00528053
-0.0168845
-0.00455839
-0.0083387
-0.00367628
0.00175116
-0.0165667
-0.00634652
0.00456909
-0.00558745
0.00982862
0.00397935
-0.0228493
0.00598266
0.00430881
0.00079677
-0.0121757
0.020973
0.0140867
-0.00645741
-0.0139427
0.0160259
0.0329457
0.00662518
0.0032447
-0.0114381
0.00703936
-0.00619492
0.00717638
0.00523164
-0.0125766
0.0110424
0.0143837
0.0102706
-0.00275344
-0.000489013
0.00371431
-0.00549288
0.0163761
-0.00483093
0.0101316
0.00119138
-0.00513621
0.0191775
0.00612226
2.58899e-05
-0.00966445
-0.00777971
-0.00452871
0.0075503
0.00218258
