# 1 157 (number of hyperplane, dimensionality of hyperplane)
# 0 (added bias feature? 0:no 1:yes)
0.00368579
0.00322193
-0.00431743
0.00323447
-0.00250654
-0.00445665
0.00199535
-0.00361851
-0.000450897
-0.00033655
-0.00162834
0.000327004
8.637e-05
0.000538433
0
-0.0017401
-0.000512843
0.00354907
0.000663798
0
0.00129417
0.00535264
0.00146367
0.000411766
-0.000140271
0.00189348
0.00426482
0.00938911
-0.000539146
-0.00175298
-0.00347967
0.0112137
0.00518243
-0.000539776
0.00041902
-0.00163369
0.00334138
0.00691916
-0.00596258
0.00660978
0.00591111
0.0140192
0.00637589
0.00526564
0.00733928
-0.000753358
0.00591881
0.00871606
0.00991268
0.00308008
-0.00131392
0.00886709
0.00210342
0.00316205
0.00741407
0.000151992
-0.00226428
0.00232362
0.00239492
0.00142744
0.00610797
-0.00325412
0.00380738
0.0123099
0.000485638
0.00584081
0.00149161
0.0102888
0.00807495
0.00694337
0.0131483
0.00489682
0.000784365
-0.00255134
-0.00103448
-0.00311117
-0.00145777
0.00503308
0.0184794
0.000773389
0.00119883
-0.00835827
0.00171716
0.000264362
0.00652813
0.00221435
-0.000766663
0.000299724
7.27816e-06
8.85865e-05
-0.000529938
0.000733586
-0.000276075
0
0.00010027
-0.000761079
-0.000161129
-0.000873955
8.08526e-05
0.00470577
0.00248666
0.00299535
0.00108024
0
0.00548339
0.0040038
0.00395867
0.000535341
0.00100037
-0.0017952
0.000912648
-0.000234992
-0.00693876
-0.00497835
0.00539238
-0.00173702
0.00448796
-0.00224802
-0.003619
0.00256484
0.00268112
0.00568449
0.000221912
0.0109949
0.000256205
0.00686358
0.000137508
0.0031986
0.00396025
0.00117475
0.00615916
-0.0127844
0.00309264
0.00446961
-0.000663982
0.00570559
-0.00750882
0.0081984
0.000707024
0.00364671
0.00166833
-0.00336942
0.000715741
0.00317745
0.000487494
-0.00529032
0.00728975
0.00172949
-0.00743214
-0.00942054
0.00363706
-0.000277816
-0.00779142
-0.00902089
-0.00511404
0.00064617
0.00262493
