# 1 157 (number of hyperplane, dimensionality of hyperplane)
# 0 (added bias feature? 0:no 1:yes)
0.000388915
0.000281938
7.39525e-05
0.000107023
3.93364e-05
3.9963e-05
2.02119e-05
1.47827e-05
7.01751e-07
0
0
0
0
0
0
6.66645e-06
5.45459e-06
8.20531e-06
9.61561e-06
7.99987e-06
4.69139e-05
1.15446e-05
1.28994e-05
9.42298e-06
8.33352e-06
0.000651761
0.000325185
0.000217388
9.09499e-06
4.56746e-05
0.000817066
0.000803819
0.000574466
0.000114393
0.000296062
0.000685953
0.00138659
0.00069842
0.00108834
0.000671611
0.000380927
0.00111095
0.000839992
0.000443851
0.000289644
0.000229317
4.52268e-05
0.000895847
0.00076764
0.00109741
0.000607474
0.000778529
0.000792158
0.000830041
0.000520171
0.000520557
0.000573966
0.000495136
0.000777261
0.000473394
0.000596352
0.00134397
0.00193256
0.00230141
0.000220045
0.000390929
0.00074705
0.000149372
0.000813657
0.000937367
0.000731753
0.000491909
0.000600789
0.000832198
0.000735559
0.000698171
0.000800087
0.000750798
0.00228685
0.000287383
0.000144075
4.12796e-05
1.88212e-05
-3.15828e-06
1.09465e-05
4.03073e-06
3.47823e-06
4.21043e-06
0
1.1111e-06
0
0
0
0
7.99974e-06
4.5455e-06
6.15373e-06
0
0
1.41383e-05
8.45532e-06
1.08502e-05
4.0197e-06
0
0.000307857
0.00011903
4.58775e-05
6.88885e-05
2.33251e-05
0.000275476
0.000248729
0.000247501
0.000241645
7.14039e-05
0.000120699
0.000105184
0.000235667
0.000232383
0.000186251
0.000119351
0.000270099
0.000198672
0.000181067
0.000114779
0.000128761
0.000198513
0.000194456
2.63285e-05
-1.23126e-05
0.000137329
0.000108748
0.000175003
4.19048e-05
-6.35268e-05
0.000411174
0.000264556
0.000167114
0.000132523
3.64722e-05
0.000292495
0.000355338
0.000363046
0.000326744
0.000172833
0.000124311
0.000282696
0.000876183
0.000462257
0.00046574
0.000520146
0.000309763
0.000283293
0.000288052
0.000127635
0.00110308
0.00057714
0.0010214
