# 1 157 (number of hyperplane, dimensionality of hyperplane)
# 0 (added bias feature? 0:no 1:yes)
0.000419371
0.000184813
1.25179e-05
-7.99999e-05
-9.63231e-05
-2.02374e-05
-4.1605e-05
-1.9076e-05
-1.97981e-05
0
-2.11109e-05
-1.27274e-05
-1.99998e-05
-4.90907e-05
0
3.06657e-05
1.8182e-05
1.07691e-05
1.92308e-05
0
-1.35347e-05
-4.07128e-05
-3.71911e-05
-6.2972e-05
0
0.000555132
0.000436633
-1.07583e-05
-0.000206121
-0.000128317
0.000875811
0.000849347
0.000628303
5.74388e-05
-8.04818e-05
0.000536542
0.00103625
0.00109188
0.00120264
-5.31071e-05
0.000398369
0.00033265
0.00158106
0.00132161
0.000302863
0.000388248
0.000409711
0.00168119
0.000946674
0.000366527
0.000492779
0.000938912
0.0011624
0.00109566
-9.88094e-05
0.000615846
0.000910215
0.000695124
-0.000329922
-0.000191884
0.000332807
0.000786326
0.00120325
0.00159364
0.000201488
0.000136422
0.000409848
0.000215964
0.000761021
0.000729738
0.000676635
0.000538965
0.000483971
0.000531695
0.00040069
0.00126002
0.00128059
0.00134945
0.00167763
1.29638e-05
-0.000159167
-4.95993e-05
-7.87092e-05
1.76617e-05
7.0432e-05
2.76205e-05
1.59796e-05
1.86265e-05
0
1.33332e-05
9.09099e-06
5.55549e-06
1.04545e-05
0
2.66655e-05
1.09092e-05
1.12819e-05
8.07688e-06
0
7.62872e-05
3.81946e-05
3.72319e-05
4.53765e-05
0
8.1338e-05
2.85907e-05
4.79687e-05
5.78242e-05
3.45823e-06
0.000227638
7.36082e-05
9.40586e-05
0.000180694
1.6303e-05
0.000250681
0.000253542
7.08437e-05
0.000133452
1.5729e-05
0.000176265
0.000225657
0.000185931
0.000123812
4.76398e-05
9.516e-05
0.000187225
0.000168168
0.000132712
3.00683e-05
0.000218571
0.000147466
0.000106726
0.000372315
2.13225e-05
0.0002229
-1.4597e-05
5.42522e-05
0.000104163
9.38961e-06
0.00034012
0.000389816
0.000361679
0.000347613
0.000175719
0.000170789
0.000286705
0.000760127
0.000392198
0.00044441
0.000435702
0.000238329
0.000224698
0.000234974
-6.75085e-06
0.000565391
0.000424335
0.0003777
