# 1 157 (number of hyperplane, dimensionality of hyperplane)
# 0 (added bias feature? 0:no 1:yes)
-0.000262162
0.000118195
-3.76942e-05
-2.87987e-05
0.000166973
0
0
0
0
0
0
0
0
0
0
0
0
0
0
0
0
0
0
0
0
0.000280137
0.00105336
-7.738e-05
-5.13433e-05
7.66346e-05
-0.000179506
0.00102601
0.000341078
0.00264335
0.000365042
-8.96108e-05
0.0032938
0.00170743
0.00147345
-0.000448145
-8.16557e-06
0.00191205
0.000830227
-0.000110569
-0.00081747
0.00107814
0.00111057
0.000426836
0.000258188
-0.000453857
0.000775449
0.00397034
0.00261816
0.00280235
0.000391172
-0.000523108
0.00102496
0.00175836
0.00292625
0.000706915
0.00114238
0.00296525
0.00369717
0.0042093
0.00122972
-9.07372e-05
0.00201205
0.000205985
0.00244136
0.0018612
0.00100896
0.000639228
0.00126184
0.000588952
0.000754462
0.00261076
0.00223372
0.00239087
0.00423416
0.000843047
0.000672309
0.00049045
0.000549349
0.000615997
5.68604e-05
3.03033e-05
3.91301e-05
7.71919e-05
0.000110347
0
0
0
0
0
0
0
0
0
0
1.47391e-05
1.75577e-06
0
0
0
0.00104896
0.000565336
0.000343566
0.000335729
7.21527e-05
0.000473401
0.000475882
0.000510408
0.000383839
0.000328657
0.000121598
0.000516942
0.000109656
-0.000184777
-0.00020026
0.000707118
8.08475e-05
-0.000183806
-0.000543682
-0.00116198
0.000683368
0.000134883
-0.000136698
-0.00011397
9.8794e-05
-4.9856e-05
0.000769841
0.00081538
0.000499223
0.000210574
0.000348375
0.000620977
0.000415274
0.000645709
0.00026388
0.000403099
0.000664371
0.000574688
0.000393118
0.000360646
4.41026e-05
0.000465197
0.000955526
-0.000584678
-0.00132271
-0.000486595
-0.000372052
-0.000138128
0.000157212
-9.90967e-05
0.00118041
0.000896046
0.00186083
