# 1 157 (number of hyperplane, dimensionality of hyperplane)
# 0 (added bias feature? 0:no 1:yes)
-0.00487241
0.0012139
0.00377917
-0.00319489
0.00243696
0.00304815
0.00395666
0.00131206
-0.00046998
0
-0.000936842
0.00183613
0.00162536
4.23382e-06
-0.000452903
0.00206166
0.00266811
0.000990161
-0.00248735
0
0.0017719
0.00205823
0.00501143
-0.00189203
-0.000535837
-0.00075895
-0.000354975
0.00436698
-0.00759992
-0.00153319
-0.00196742
0.00427899
0.00330774
-0.00321005
6.86036e-05
0.00771364
0.00244472
0.00540955
0.00152015
0.00305899
0.00313509
0.00175114
0.00266105
0.00018857
0.00380478
0.000555425
-0.00254089
-0.00370089
-0.00124701
-0.000854259
-0.0031865
-0.00472862
0.000104977
0.00312094
-0.00200378
0.000250068
0.000460962
0.0006202
0.00168975
0.00141222
0.0042642
0.0011852
0.00322142
0.00370649
0.00118845
0.00319528
0.00645366
0.016073
0.0133268
0.0113064
0.0034637
-0.00170248
-0.00262106
0.000818193
-0.000824791
0.0150662
0.00676218
-0.00704306
0.00847353
-0.0013169
0.00404768
0.00320133
0.000433213
-0.00078155
-0.000175463
0.00297752
0.00351641
0.00249527
0.000137931
0.000127581
-0.000275225
0.000117077
0.000396853
4.63158e-05
-0.000166409
0.000442044
-0.00054597
-0.00106171
0.00199797
-0.000646978
0.00038361
-3.04934e-05
-0.000183985
-0.000519238
-0.00128429
-0.00473609
-0.00286804
-0.000833685
0.00098489
-0.00376425
0.0014934
-0.00215034
-0.0033912
0.0021003
-0.00138678
0.00533142
0.0043611
-0.00343965
0.00108242
0.00280304
0.00436888
0.00527445
-0.000233971
0.00226275
0.0047361
0.0031183
0.000903383
-0.00647101
-2.30402e-05
0.00239347
0.000167575
0.00025449
0.000223755
0.00133974
0.00146214
0.00118831
0.00431896
0.000551567
-0.00109059
0.00298937
-0.00139054
0.000930775
0.00140045
-0.00219559
0.00538644
-0.00154855
-0.00130261
0.00789059
0.00529853
0.00536664
-0.00448999
-0.00343278
-0.00322654
-0.00307649
0.00220678
-0.00632963
0.000842146
