# 1 157 (number of hyperplane, dimensionality of hyperplane)
# 0 (added bias feature? 0:no 1:yes)
0.00602003
-0.00633004
0.0055443
0.00504494
0.00764787
0.00591214
0.00835095
0.00833184
0.0044901
6.47431e-05
-0.00485608
-0.0037277
-0.00240585
-0.00112732
0
-0.0142549
-0.00257069
-0.015128
-0.00392506
0.00346746
0.0049787
7.44286e-05
-0.0109838
-0.00577563
0.00421513
0.00299721
-0.000764341
-0.00311091
-0.0138211
0.00254921
0.00457059
0.00423451
0.00201148
-0.00447518
0.00015497
-0.00053643
-0.00172935
0.00449022
0.00279955
-0.00253429
-0.00497113
-0.00057556
-0.00201852
0.00205298
-0.010596
-0.0065433
0.00391582
-0.00626694
-0.00530893
0.0169325
-0.000282771
0.0116164
0.00512271
0.00822374
0.0044355
-0.00162046
0.00576388
-0.00423081
-0.0156616
-0.00111047
0.00921181
-0.0056735
-0.00188204
0.00858734
0.0105442
-0.00138416
0.00447011
0.0186661
0.00941223
0.0140049
0.00305921
0.00450746
-0.00387666
-0.000177139
0.000935953
0.0105564
0.00251072
0.0225537
0.0147347
0.00104531
-0.00117791
-0.00526997
0.0198723
0.00186017
0.00909907
0.0026273
0.000312638
7.27571e-05
0
-0.00165406
-0.00835485
-0.00817766
-0.00371715
0
-0.00236871
-0.00466083
-0.00358403
-0.00652018
-0.00142812
0.000277755
0.00311419
-0.0109862
-0.00611287
5.74139e-05
0.00228307
0.00590526
-0.00938295
-0.00634352
0.00566497
0.00624285
0.00696263
0.00341535
-0.00762581
0.00631649
0.00629585
0.00150084
0.00419791
0.000866201
-0.000943791
0.00932299
0.00592412
0.00062598
0.00588405
0.00100638
0.00466724
0.0039832
-0.000252027
0.00730486
-0.00449019
0.001547
0.0145163
0.00738449
0.00283338
-0.00379455
-0.0061141
-0.00425473
0.000381116
-0.000971299
0.00757443
0.00612099
-0.00432698
-0.000469084
0.00581406
0.00785086
-0.00179709
-0.00251561
0.00238217
0.000737389
-0.00341235
-0.00101972
-0.00166699
-0.00369009
-0.000255994
-3.11077e-05
-0.0069675
0.0001332
-0.0192264
