# 1 157 (number of hyperplane, dimensionality of hyperplane)
# 0 (added bias feature? 0:no 1:yes)
0.00314005
0.000381802
-0.0034868
0.000589908
0.00497496
-0.000511338
-0.000305017
-0.000309834
0
0
0
0
0
0
0
0
0
0
0
0
0.0013262
0.000214478
3.87471e-05
0
0
-0.000198693
0.0013445
0.000646932
0.00369119
-0.00174928
-0.00082629
0.000351924
-0.00564582
0.00198959
0.000597237
-0.00103966
0.0032489
0.00520465
0.00217213
-0.00540833
0.00383155
0.00480525
0.0108011
0.00264273
-0.00322947
0.00113645
0.00718416
0.00753089
0.00199714
-0.00191556
0.000132082
-0.00108677
-0.00213299
0.00484115
0.00535677
0.00228531
0.000308514
-0.00618054
0.00668679
0.00257234
0.000557815
-0.000232563
-0.000917715
0.00380443
0.00105033
-0.000511653
0.00135353
0.00101555
0.00725445
0.00283015
0.00829305
0.00111181
0.00144965
-0.00261285
0.000234562
0.0052017
0.00154345
0.00240783
0.00440448
0.002537
0.00235839
0.000478148
0.00111899
0.00295795
0.000157845
8.76915e-05
0.000113234
0
0
0.000155395
0.000127144
0.000297837
0
0
0
0
0
0
0
0.000205369
0.000115503
0
0
0
0.00241056
0.00111424
-0.000967718
-0.000236151
0.00108866
0.000342652
0.000631503
-0.00251719
0.00263083
-0.000289515
0.00494497
0.00106758
-0.00325774
-0.00201709
-0.00405247
0.00523198
0.00484786
-0.00489269
-0.00241976
-0.0015667
0.00178319
0.00602913
0.00173884
-0.00163035
-0.00231862
0.00330221
0.0020342
-0.000586963
0.00235031
-0.000314705
0.000570582
0.00105205
0.000374975
0.00474355
0.00330107
0.00139206
0.000751098
-0.000679304
-0.000503339
-0.000648463
0.00211981
0.00109784
-0.000616349
0.0023292
-0.000475758
0.00308438
0.00243107
-0.000807576
0.000388248
0.000873186
0.000156859
-0.00346991
-0.00111334
