# 1 157 (number of hyperplane, dimensionality of hyperplane)
# 0 (added bias feature? 0:no 1:yes)
0.000227345
9.50679e-05
-0.000101904
3.73705e-05
5.36907e-07
6.79485e-05
3.25002e-05
0.000101624
0.000111314
3.83784e-06
5.36688e-05
-2.76693e-05
7.26339e-05
1.73652e-05
0
-4.5825e-05
-9.92611e-05
-6.03234e-05
-3.60863e-06
0
2.57241e-05
-5.09427e-05
-7.82666e-05
1.89123e-05
2.28542e-06
0.000263298
3.52101e-05
-0.000219979
-0.00014973
2.05315e-05
-0.000115632
0.000198892
0.00013588
1.70665e-05
-0.000152397
0.00018514
-5.24841e-05
3.10392e-05
0.000269457
3.84191e-05
0.000135245
-0.000326227
-0.000270203
3.85829e-05
0.000110337
0.000124416
-0.000180122
-0.000343563
9.09428e-05
-2.28976e-05
0.00019455
0.000221623
8.0187e-05
0.000203313
7.13712e-06
-0.00011125
-0.000110895
3.49778e-05
2.50004e-05
-5.6847e-05
0.000212946
8.63436e-05
2.49481e-05
0.000195635
0.000459495
-0.000256129
0.000166
-4.36593e-05
-0.00015446
-4.91716e-05
6.56785e-07
-2.81766e-05
-3.79529e-05
0.000217272
4.77022e-05
0.000514803
0.000544457
0.000414034
0.000198076
4.02735e-05
-0.000162494
-0.000178812
1.40058e-05
8.43482e-06
3.80661e-07
-6.36086e-05
-4.81925e-05
1.56646e-05
0
4.67581e-05
4.93575e-05
6.34051e-05
2.58441e-05
0
4.47363e-05
5.86776e-05
4.98592e-05
6.4342e-06
0
6.36881e-05
5.6945e-05
3.74529e-05
2.13465e-05
3.43163e-07
3.97989e-05
8.82054e-05
0.00010672
5.27677e-05
2.43064e-07
4.84937e-05
-4.11401e-05
0.000216121
0.000146892
-8.25308e-06
-4.59823e-05
-2.73227e-05
0.000154627
0.000136824
3.28844e-06
-9.30833e-05
-3.90703e-05
-5.40761e-05
5.19271e-05
2.78587e-06
-1.59147e-05
-0.000103396
6.55956e-06
-1.593e-05
1.17831e-05
3.43171e-05
-5.27719e-05
1.23849e-05
-8.26676e-05
7.49485e-06
0.000111653
-0.000177761
-0.000294392
-3.60606e-05
-2.03572e-05
0.000232836
-2.35655e-06
2.03862e-06
2.63866e-05
0.00023001
2.93553e-06
3.81962e-05
0.000147645
6.97545e-05
-1.31953e-05
3.90281e-05
0.000127627
-4.53132e-05
6.73691e-05
-1.33283e-05
9.78577e-05
0.00022211
4.51668e-05
