# 1 157 (number of hyperplane, dimensionality of hyperplane)
# 0 (added bias feature? 0:no 1:yes)
0.0008983
-0.00114968
0.000757831
0.000436344
-2.1084e-05
0.00113653
-0.000937104
0.00167302
0.00238382
0
0.000193485
0.000802269
0.00129771
0.000575504
0
-0.000796481
0.00106663
0.00105974
0.000328666
0
0.000512951
-0.00155685
-0.000722612
-0.000814176
0
0.00138527
2.72809e-05
0.00143853
0.00105865
0.00151368
-0.000968538
0.000718401
0.000956724
0.00109082
-0.00087634
-0.000719794
0.00174026
-0.000906267
0.000381082
-0.000108513
-0.00051806
0.00237052
-0.00148453
0.000593693
-0.00224975
-6.81941e-05
0.0016911
-0.000255928
-9.86751e-05
-0.00230478
0.000397105
0.000895359
0.000290104
0.00080399
-0.00184434
-0.00267087
0.000974384
0.00129486
-0.000634638
-0.00106434
-0.000391992
0.00386156
0.000696517
0.0027401
-0.000410187
1.89023e-05
-0.000486325
0.00549777
0.00377256
0.00290897
0.00148626
-0.000618587
0.00143642
0.00211281
0.000219812
0.00706573
0.00848713
0.00736741
0.00349124
-0.000427083
0.00016293
0.00183552
-8.58039e-05
-0.0011033
0.000500586
0.00190848
0.0019937
0.000814507
0
0.000477814
0.00084498
0.000736862
0.000259378
0
0.000528187
0.000737444
0.000712485
0.000181259
0
0.00054094
-0.000424639
-0.00136887
0.00040671
0
0.00128988
0.000519312
0.00268062
0.000686142
-0.00141576
0.00152454
-0.000110533
0.00205905
-0.00139076
-0.000883317
0.000787118
0.000204987
0.000118952
-0.00107979
-0.00164969
0.00230066
-0.0015156
-0.00152361
0.00189571
-0.00102612
0.00012181
-0.000823884
-0.000424703
0.00113213
-0.000430336
0.00081141
0.0016848
-0.00176299
0.00189392
-0.00199946
-0.000460573
0.000686356
-0.0011566
0.00050779
-0.00106866
0.00128065
-0.000874032
-9.1503e-05
-0.000725854
0.00127534
5.51291e-06
-0.00151318
0.00118241
-0.000498258
0.00096114
-0.000104664
0.000124964
-0.000484779
0.00117583
0.00132145
-0.00168194
-0.00169721
-7.07088e-06
