# 1 157 (number of hyperplane, dimensionality of hyperplane)
# 0 (added bias feature? 0:no 1:yes)
0.000800739
0.000755758
0.000986359
0.00109353
0.000543578
-0.00101882
-0.000349322
-2.54133e-05
-5.25787e-05
0
7.45803e-05
0.000120024
9.97291e-05
1.17313e-05
0
-0.000258995
-0.000438514
-0.00025574
-0.000600214
-0.000108412
-0.000456441
-0.000456062
-0.000126851
-0.000342979
-0.000112301
0.000964467
0.000483361
0.000568303
8.13716e-06
0.000472463
0.00187778
0.0024518
0.00205629
0.00298936
0.00140543
0.00183325
0.0020821
0.00174217
0.00215414
0.00118198
0.00298675
0.000995254
0.00131608
9.41008e-05
0.000533684
0.00236403
0.00132449
0.00168937
0.000774643
0.000914223
0.00184153
0.00111751
0.00192745
0.00382355
0.00119087
0.0020493
0.0025521
0.00234163
0.00339267
0.000329816
0.00156215
0.00284467
0.00471157
0.00624286
0.000800889
0.000790839
0.00157054
0.00160231
0.00248076
0.0036118
0.00232038
0.00117095
0.000941723
0.0014764
0.0013708
-0.00144835
-0.00216726
-0.0019394
0.00630827
0.00119736
0.000641323
0.000379741
0.000334312
0.000167021
-3.69118e-05
-8.9884e-05
-0.000252988
-0.000409629
1.92949e-06
8.577e-06
1.21479e-05
6.85255e-06
0
0
0.000100068
0.000177759
0.000124286
0.000155846
3.09862e-05
0.000209542
0.000100466
-9.48401e-05
-9.18258e-06
1.5283e-06
0.00067323
0.000427493
0.000343436
0.00048379
0.000130712
0.000574888
0.000433673
0.000673866
0.000178074
-0.000224947
-0.000138618
0.000457627
0.000831564
0.000196373
-0.000190722
0.000466497
0.00087859
0.000671622
0.000669864
0.000364357
0.000299181
-1.06651e-05
0.000298505
6.46993e-05
0.000324486
0.000791163
0.000364468
0.000513714
0.000871471
0.00016424
0.000437628
0.00087181
0.000358957
0.00012821
0.000148912
0.000472506
0.00128241
0.00145546
0.0013314
0.000123057
0.000363029
0.000506214
0.00219806
0.00158104
0.000987255
0.00171409
-0.000141254
1.28796e-05
-0.000177231
-0.00033276
0.00198267
0.00096617
0.000982302
