# 1 157 (number of hyperplane, dimensionality of hyperplane)
# 0 (added bias feature? 0:no 1:yes)
0.00105365
-0.00127929
-0.00121675
-0.000791506
3.43729e-06
7.27279e-05
4.24246e-05
8.69558e-05
0
0
5.12813e-05
4.19582e-05
9.40148e-05
0
0
0
0
0
0
0
-0.000287463
-7.85145e-05
0
0
0
0.000522172
-0.000366455
-0.000213062
-0.000204736
5e-06
0.000278704
0.000689466
0.00220339
0.00179358
0.000201729
-0.000129453
-0.000294819
0.0028659
0.00396916
0.000395927
0.000166174
0.0013659
0.00431164
0.0058885
0.00161615
0.000329515
0.00276748
0.00458481
0.00440793
0.00121232
-0.000279479
0.00195554
0.0027832
0.00427277
0.000329029
0.000299911
0.000814857
0.00184702
0.00409843
0.000108708
-9.98845e-06
0.00192746
0.00336532
0.00448727
-0.000299478
0.000300739
0.000707482
0.000694862
0.00199193
0.0014241
0.00180585
0.000463219
0.000191971
0.000299545
-0.000342527
0.000784705
0.00196291
0.000452351
0.00478849
0.000553855
0.000413265
0.000219906
0.000450513
1.40084e-05
0
0
0
0
0
1.33673e-05
1.09371e-05
2.45065e-05
0
0
0
0
0
0
0
-0.000113651
8.297e-06
0
0
0
0.000985695
0.000527541
0.000226818
0.000297922
0
0.000489654
0.000665836
-0.000348885
0.000678647
0
0.000436326
6.21912e-05
-0.000476655
-0.000639028
4.00985e-05
0.000250459
0.00139389
0.000981695
-0.00117358
8.43863e-05
-0.000284346
-0.000696539
-0.000372038
0.000162004
-0.000241071
-0.000937852
0.000905821
0.000314337
0.0023136
8.83126e-05
0.00185385
0.00125993
0.000731371
0.00100478
0.000234634
0.00011235
-9.00135e-05
-0.000495859
-0.00107792
9.42545e-05
1.87986e-05
0.000248649
0.0014646
0.00012709
-0.000600201
-0.000647711
-0.000212064
-0.00040881
-0.000213994
-0.000173955
0.000301192
0.000710442
0.00175841
