# 1 157 (number of hyperplane, dimensionality of hyperplane)
# 0 (added bias feature? 0:no 1:yes)
-0.00231546
-0.0012595
0.000996025
-0.00091758
-0.00177522
6.44381e-05
4.57565e-05
0
0
0
0
0
0
0
0
0
0
0
0
0
-0.000610926
-0.00121945
-0.000760656
-0.00106504
-0.000882378
-0.000714833
0.00031652
0.000773107
-0.00143374
-0.00386776
-0.000620479
-0.0020487
0.00236836
0.00300231
0.00245625
0.00280767
0.00340637
0.0010322
-0.00218986
-0.00215149
-0.00329366
0.00591441
0.00255422
-0.000811474
-3.9355e-05
0.00483107
0.00684453
-0.00208799
-0.00169155
-0.000512817
0.00259575
0.00281457
-0.00102207
-0.00248444
-0.00562028
0.00295103
-0.000891557
0.00167549
0.000314274
0.00138934
0.00172083
-0.00130936
0.00154557
-9.29294e-05
0.00222577
-0.000524566
0.00429382
0.00227846
0.00357681
0.00584923
0.00361021
0.00137013
0.00295932
0.00233583
3.81447e-05
0.005422
0.00355422
0.00570756
0.00308111
-0.00239685
-0.00330343
0.000801809
-0.00220866
0.00029916
-6.80503e-05
2.05441e-05
0
0
0
0
0
0
0
0
0
0
0
0
0
-0.000317063
-8.90277e-05
0
0
0
0.000767625
-0.000294393
-0.00101962
-0.00100874
-0.00374781
-0.00219882
-0.00134674
0.000215999
0.00111608
-0.00199979
-0.000525826
0.00403592
0.00273285
0.00251756
0.00132018
0.00183273
-0.00128001
0.001888
0.0013789
0.00204904
-0.00210386
0.000231451
0.000987606
0.00139978
0.0023482
-0.0049363
-0.00288526
0.00108783
-0.00081803
-0.00154275
-0.00434677
-0.00156345
0.00275004
0.00036696
0.0013213
0.00248476
-0.00221999
-0.00288081
-7.18676e-05
0.00178414
0.000727837
-0.00075051
0.00302179
-0.00072239
-0.000930267
-0.000347861
0.00345807
-0.000457359
-0.00183114
-0.00429242
0.00249567
0.00240349
0.00481462
