# 1 157 (number of hyperplane, dimensionality of hyperplane)
# 0 (added bias feature? 0:no 1:yes)
0.00141059
0.00496296
-0.0118634
0.0116297
0.00319922
-0.000956306
-0.000214499
-0.000102822
0.00157816
0
0
0
0
0
0
1.64317e-05
3.17449e-05
2.31734e-05
3.00207e-05
4.10806e-06
0.00823907
0.000904588
-0.00196991
-0.00242081
1.027e-05
-0.00431018
0.0186817
-0.00468716
0.00441432
0.00153239
0.00114111
0.00178885
0.00583954
0.0114009
0.0102478
0.00561503
-0.00257027
-0.00481557
-0.00326713
0.0136887
0.00956335
-0.00855906
0.00385019
-0.00875153
-0.00828165
-0.0101684
-0.00390554
0.0171863
-0.00684378
0.00996912
-0.00230701
-9.04906e-05
-0.0193477
0.00716319
0.00564228
0.0171655
-0.00263291
0.00586862
-0.00796941
0.0062739
0.00518813
0.00451116
-0.00225479
0.00706139
0.0051635
2.55934e-05
0.0102139
0.00534287
-0.000924166
-0.00631119
0.00659922
0.00410872
-0.0014671
0.00188645
0.000571961
0.0400449
0.00260679
-0.00386835
0.00959311
0.0019479
0.0118398
-0.000264675
-0.0119772
0.000633536
0.0041042
0.00210374
0.0014574
0.000439258
0
0
0
0
0
0
0
0
0
0
0
0.00309952
0.00209554
0.000443693
0.000173874
0
-0.00520682
0.00409466
0.00102756
0.0143577
0
-0.00114399
0.00305603
0.000396562
0.00434889
0.00081723
0.00847761
0.0089536
0.00194676
0.00588185
0.000869585
-0.0081626
-0.0016689
-0.00204091
-0.00572982
-0.00366296
-0.0209217
-0.00128797
-0.00250262
0.00284338
0.00913851
-0.000994367
-0.0044318
-0.00354856
-0.00223557
-0.000737862
0.00578867
0.0147897
-0.0105615
-0.00289942
-0.000258764
0.00384941
0.000443568
-0.00364336
-0.00249432
5.44469e-05
0.00394243
0.00221653
0.00277641
0.00168077
0.00310287
0.00632577
0.00125937
-0.00789719
0.0047525
0.00132364
-0.00149255
0.000616172
0.00401755
