# 1 157 (number of hyperplane, dimensionality of hyperplane)
# 0 (added bias feature? 0:no 1:yes)
0.00128121
-0.000172902
-0.00118567
-3.98e-05
2.86153e-05
6.73191e-05
0.000248245
-7.9355e-05
0.000133857
4.13792e-05
-9.16497e-05
1.28883e-05
-0.000271288
-0.000125442
0
0.000107888
-0.000104689
-5.85443e-05
-6.82429e-05
0
0.000184945
-0.000178066
-0.000603572
-0.00011867
0
0.00168415
0.00135043
0.000357175
-0.000653478
-2.5112e-05
0.000256255
0.000821653
0.000965491
0.000409462
0.000342712
0.000487294
0.00115725
0.0014932
0.00177342
0.000363008
0.00214208
0.00453993
0.0023491
0.000147178
0.000373812
0.00188537
0.00410106
0.00192116
0.00121161
0.000489718
0.000756647
0.00124552
0.00191442
0.00250903
0.000416749
0.00103217
0.00134644
0.000975792
0.00164361
0.000574562
0.000425912
0.0010005
0.00320959
0.00448697
0.00085138
-0.000442002
5.95878e-05
0.00121091
0.00261986
0.00298525
0.00232702
5.41388e-05
0.000579387
0.000419517
-0.000162932
0.00107529
0.000884081
0.00062187
0.00520153
9.51144e-05
-0.00129751
-4.90453e-05
6.72096e-05
-2.32888e-05
-0.000211881
-0.000555678
-0.000335523
-4.98337e-05
0
0.000111336
0.000160499
0.000171737
4.92177e-05
0
0.000153164
0.000275071
0.000237916
4.97284e-05
0
-4.49602e-05
-9.24356e-05
6.96671e-05
4.0912e-05
0
0.000351639
-0.00075977
0.000138675
0.000839401
1.80344e-05
0.000546667
0.000399963
0.000598944
0.000309168
5.2122e-05
0.000632306
0.000267191
0.000670004
0.000294013
-5.82494e-05
0.000737061
3.19471e-05
-0.000635013
0.00126819
0.000239101
0.000849936
0.000312612
-0.00053984
0.000902316
0.000222206
0.00076194
0.000985462
0.000559511
0.00125583
1.38813e-05
0.000755664
-0.000332559
-1.56618e-06
0.000739287
5.21011e-05
0.000363934
-0.000847622
-0.00107059
-0.00102882
-0.000292092
0.000681518
0.000292365
0.00328685
0.000781713
0.000231826
0.000331294
4.80159e-05
0.000397403
-0.00017634
-0.000506694
0.00176103
0.00170921
0.00126106
