# 1 157 (number of hyperplane, dimensionality of hyperplane)
# 0 (added bias feature? 0:no 1:yes)
-0.00320785
-0.00133912
0.0341624
-0.0148762
0.0811124
-0.0113243
0.00906301
-0.0531255
0.00935003
0
0.000308184
0.000252156
-0.00195432
-0.00950002
0
-0.0110764
-0.0089518
0.063291
0.0367641
0
-0.0126662
0.0258428
-0.0418946
0.0433761
0
-0.00678625
-0.0119521
0.0491358
-0.00566257
0.0476019
0.0116141
0.00860848
0.00201549
0.0267724
0.0811313
0.00656585
0.00146484
0.0045403
0.00361654
0.0843924
0.0144163
-0.0287444
-0.0131935
0.00643937
0.0179804
0.00643517
-0.0270077
0.0689495
-0.0145388
0.0390876
0.00825554
-0.00209146
-0.00667669
0.000101749
0.0483897
0.00316947
-0.000623528
0.005236
0.00730403
0.0536653
0.00900296
0.0098443
-0.00411531
-0.00569934
0.0139796
-0.00516999
0.0037424
-0.0429133
0.0090768
0.00311785
0.0303828
0.0115825
-0.00727287
0.00624624
-0.00476659
0.000691895
-0.00575931
-0.00837261
0.0120493
0.00281802
-0.0125879
-0.0365409
-0.00854027
0.0121464
-0.027977
0.0181448
-0.0276158
-0.0197604
0
0
0
0
0
0
0.0182187
0.0052285
0.00540353
0.00680358
0
0.0226266
-0.0173712
0.0258696
0.0278016
0
0.0113867
-0.0190497
0.0263335
-0.0264553
0
-0.0121849
-0.00267688
0.028032
0.0214481
0.012941
0.00049086
-0.0135768
0.011586
-0.0331828
0.0186089
-0.00561075
-0.0343452
0.0329743
-0.032234
0.0258266
0.004421
-0.0326191
0.0524931
-0.0372598
0.0554631
0.00183122
-0.00160028
-0.0130962
-0.0193676
0.0234214
-0.00368766
-0.00698609
-0.0122345
-0.0180005
0.0260189
-1.17976e-05
-0.00443526
-0.0122116
0.00548824
-0.00479796
0.00497215
0.0143568
0.0606724
-0.0153745
-0.00322515
0.0231139
0.0311684
-0.00339674
0.0104728
-0.00670289
0.0026514
-0.00213948
-0.00184179
