# 1 157 (number of hyperplane, dimensionality of hyperplane)
# 0 (added bias feature? 0:no 1:yes)
2.39632e-05
-0.000543897
0.000401412
-0.000810813
0.000227125
-0.000191232
0.000124093
0.000135975
0.000300212
0
-0.000335893
-0.000255472
-0.000136924
-2.41868e-05
0
-0.000843577
-0.000352277
-0.000139401
-1.35067e-05
0
-0.000766867
-0.000513803
-0.000328791
-0.00035555
0
0.000708404
-0.000309263
0.000332737
-0.000328134
0.000280441
0.00176448
0.00246351
-0.000378132
0.00332919
0.000832664
0.000896337
0.00203832
0.00317733
0.00131435
0.000773851
0.00153704
0.000485344
0.00403852
0.000803865
0.00180146
0.000704495
0.00117673
0.00536606
0.000706242
0.00157319
0.00143809
0.00158876
0.000780654
0.000854828
0.00108862
0.00232529
0.000766855
-0.00058654
0.00199687
0.000504516
0.00165775
0.00149787
0.000578399
0.000560122
0.00145384
0.000211837
0.00146476
0.000373254
0.00397935
0.0036418
0.00325905
0.00180597
0.00129302
0.00167926
0.000349983
0.00141085
-0.000573717
0.00145418
0.00268763
-0.000545538
-0.00152921
-0.000503402
-0.000953173
0
-0.0002129
-0.000271071
-0.000297954
-0.000433748
0
0.000188887
0.000145456
7.77764e-05
3.18185e-05
0
6.76986e-05
9.14003e-05
8.33965e-06
-0.00035017
0
0.000591694
0.00010356
0.000174456
0.00028919
0
0.000945129
0.000559143
0.000573028
0.000393965
7.60908e-05
-0.000603747
0.000118855
0.00121588
0.00213296
0.000288726
0.000200041
-7.52e-05
-0.00175974
-0.000438353
0.000294392
-0.00083156
0.000823617
0.00112822
-0.00149203
1.61734e-05
-0.00120172
0.00050032
0.00175613
-0.000422598
0.00070248
0.000778077
0.00192829
-0.000205367
0.000575703
0.000249435
-0.00147819
-0.0029119
-7.57666e-05
0.00239208
0.000454877
0.00130254
0.000406632
-0.000313106
-0.000964589
0.000740526
0.000583853
0.00174476
0.00267061
0.000681156
0.000316187
0.000979966
0.00249503
0.00159198
0.000909409
-0.00058714
0.00284589
0.00173751
-0.0022376
