# 1 157 (number of hyperplane, dimensionality of hyperplane)
# 0 (added bias feature? 0:no 1:yes)
0.00369454
0.00340435
-0.00431628
0.00305772
-0.00265486
-0.00442522
0.0020616
-0.00356284
-0.000412304
-0.00033838
-0.00166257
0.000273307
0.000145438
0.000545596
0
-0.00167712
-0.000553102
0.0035006
0.000632857
0
0.00148331
0.00530989
0.00139299
0.000385367
-0.000139269
0.0017287
0.00451053
0.00932798
-0.000621896
-0.0018804
-0.00338061
0.0112362
0.00499695
-0.000433555
0.00031285
-0.00170925
0.00330646
0.00693396
-0.00593249
0.00668431
0.0059109
0.013943
0.00646853
0.00524761
0.00749172
-0.000778671
0.0061466
0.0086496
0.00989453
0.00303775
-0.00126992
0.00876854
0.00212238
0.00313788
0.00737087
3.02743e-05
-0.00220441
0.00209991
0.00256331
0.00146561
0.00612884
-0.00323608
0.00379684
0.0124413
0.000446563
0.00590308
0.00147484
0.010236
0.00818576
0.00710464
0.0130307
0.00489214
0.000790483
-0.00241942
-0.000989247
-0.00315068
-0.00160903
0.00529287
0.0183883
0.000871219
0.00115749
-0.00835662
0.00180316
0.000497255
0.00673
0.00224342
-0.000751425
0.000370031
9.15947e-06
4.42929e-05
-0.000622281
0.000680554
-0.000285195
0
2.99648e-05
-0.00077191
-0.000202699
-0.000882735
7.89018e-05
0.00457914
0.00251768
0.00300811
0.00112821
0
0.00559265
0.00390311
0.00389927
0.000594716
0.00108168
-0.00174393
0.000814503
-2.36751e-05
-0.00701451
-0.00500069
0.00542755
-0.00160813
0.00453415
-0.00238119
-0.00358122
0.00253043
0.0025104
0.00565943
0.000119113
0.0109417
0.000327712
0.00690359
0.000290836
0.00318828
0.00399881
0.00113693
0.00598984
-0.012727
0.00289279
0.00438463
-0.000703951
0.00582348
-0.00757195
0.00806744
0.000732925
0.00377621
0.00175833
-0.0034905
0.00066273
0.00319579
0.000602975
-0.0051223
0.00721707
0.00178955
-0.00750351
-0.00947993
0.00364145
-0.000293248
-0.00772076
-0.00892508
-0.00495894
0.000785685
0.00261908
