# 1 157 (number of hyperplane, dimensionality of hyperplane)
# 0 (added bias feature? 0:no 1:yes)
0.000757197
0.00111237
0.000601822
0.000287687
0.00012115
2.88265e-05
3.45458e-05
2.3913e-05
1.6038e-05
2.41375e-05
0
0
0
0
0
0
0
0
0
0
5.16759e-05
4.35124e-05
3.90164e-05
3.56079e-05
2.37784e-05
0.00077368
0.00106732
0.000711376
0.00103069
0.000144413
0.000935779
0.000919583
0.00105767
0.000618512
0.0001906
0.000569672
0.0015289
0.00171575
0.00114005
0.000544158
0.00122297
0.00181572
0.00083846
0.000501741
0.00043331
0.00103226
0.00136863
0.000717205
0.000255939
0.000497911
8.95082e-06
0.000908632
0.00117617
0.000946572
0.000560102
0.000733343
0.00106664
0.00127252
0.00101381
0.000752195
0.000451012
0.00127811
0.00188611
0.00239579
0.000222137
0.000237768
0.000413467
0.00134488
0.00114335
0.00123422
0.0010859
0.000721417
0.000678416
0.000695011
0.000739539
-1.94322e-05
0.000148986
0.000576841
0.00350919
0.000451227
0.000343528
0.000193805
0.000185431
0.000126546
9.96801e-06
1.0789e-05
1.30126e-05
6.62946e-06
5.38041e-06
0
0
0
0
0
0
0
0
0
0
1.42591e-05
6.20688e-06
0
0
0
0.000471405
0.000325964
0.000149083
0.000138971
0.000100778
0.00049159
0.000403951
0.000244416
0.000201349
-2.25195e-05
0.000268153
0.000382955
0.000263154
0.000269591
0.000154545
0.000496286
0.000235507
9.2004e-05
0.000117431
8.15196e-05
0.000449795
0.000187599
0.000139958
0.000108497
0.000126963
0.000395624
0.000327774
0.000166543
0.000105507
4.64516e-05
0.000599572
0.000518064
0.000309145
0.000201415
0.000137843
0.000192636
0.000290083
0.000346257
0.000415094
0.000141892
5.27165e-05
0.000192997
0.00119121
0.000565619
0.00054201
0.000493483
0.000135056
0.00012912
0.000161675
0.000138087
0.000942753
0.000917462
0.00112748
