# 1 157 (number of hyperplane, dimensionality of hyperplane)
# 0 (added bias feature? 0:no 1:yes)
0.000304514
0.00046671
4.39305e-05
0.0008548
-8.87419e-05
-0.000132263
-0.000307124
0.000289756
-3.24234e-05
-3.40701e-05
-0.000455304
-4.04218e-05
-0.000324586
-0.000111346
0
-8.79017e-05
-0.000110321
-0.00021074
3.87345e-05
6.00798e-05
-0.000492926
-9.30129e-07
-0.0001546
-9.76843e-05
6.11099e-05
0.00124133
0.00198605
-0.000220714
-0.000268349
-0.000125362
0.00255089
0.00190296
0.000153907
0.00295805
0.00239387
0.00141687
-0.00097136
-0.000900248
0.003302
0.000969829
-0.00118036
0.00367532
0.00197018
0.00190539
0.0013834
-0.00153907
0.00155916
0.00112743
0.00113766
0.00143089
0.00142172
-0.000907263
0.00046506
0.0034976
0.000552434
0.0016467
0.00162599
-0.00028021
0.00347024
0.00198609
0.00252731
0.000493019
0.000378918
4.26134e-05
-0.000238345
0.00287313
0.00300415
0.00260789
0.00260293
0.00234259
0.00220034
0.0010768
0.00115537
0.00114062
0.001676
0.00111453
-0.00110405
-0.000815423
0.00236283
0.0011025
0.00123569
0.000508188
0.000445515
0.000279855
-7.41164e-05
-5.8954e-05
-1.61364e-05
3.62872e-05
6.484e-06
0.000228008
-2.39854e-05
0.000162225
0.000153254
0
0.000117114
0.00013432
8.36013e-05
1.97255e-05
0
-0.000491429
-0.000512033
-0.000250622
-0.000204345
0
-0.00064869
-0.00155734
-0.000685325
-0.00250275
-0.00165779
-0.000423124
-0.00056445
-0.000448637
-0.00125523
-0.000182368
0.00109231
-0.000175916
0.00139826
0.00115148
-0.00164237
0.000945885
6.2318e-05
0.000578695
-0.000324634
0.00105816
0.00160101
-0.000455724
2.33381e-05
0.00109367
0.00155146
0.00176399
0.000697902
-0.00012435
0.00204692
0.000260781
-0.000392883
0.000483867
-0.000296307
0.00115863
0.000585092
0.00207398
0.000402459
-0.000360264
0.000139351
-0.000369222
0.00253814
0.000143827
0.000994212
0.000887138
0.000427998
0.0024478
0.00114466
0.000932218
0.000522791
0.000274928
-0.00077502
0.00129114
0.00117763
