# 1 157 (number of hyperplane, dimensionality of hyperplane)
# 0 (added bias feature? 0:no 1:yes)
0.00347919
-0.00423882
0.00195665
0.00805805
-0.00492778
0.000471197
-0.00104932
0.000111528
0.00123041
0
0.00122746
0.00102153
0.000870428
0.000242774
0
0.000630245
0.000595529
3.29073e-05
2.46806e-05
0
0.00201464
-0.000852205
-0.00132833
-0.00215076
0
0.00331822
0.00754838
-0.00285135
-0.00236904
-0.00312372
0.000592184
-0.00112328
-0.000922357
-0.00604197
-0.00162047
-0.0044319
0.00742502
0.00737955
0.0050839
-0.00116745
0.0141246
0.00249083
0.00375533
0.00581704
0.00669477
0.0141563
0.000452706
-0.00145891
0.00188853
0.00626509
-0.00301212
0.0075798
-0.00226577
-0.0082221
0.00155669
0.0018782
5.66065e-05
0.000585421
-0.0103065
-0.00389351
-0.000490495
0.00425862
0.00257678
0.00173255
0.00169518
-0.0022706
0.0054125
0.00456562
0.0111257
0.00861846
0.00460561
0.00685703
0.00313868
0.00379855
-0.00512332
0.00977219
0.0127979
0.0109355
0.00785615
-0.000572439
-0.0109694
-0.0032798
-0.00466476
0.0041056
0.000503578
-0.00129585
-0.00179407
-0.000680788
0
0.000126287
8.61063e-05
0.000105239
0.000198042
0
0.00260803
0.000740961
0.000752352
0.000564268
0
-0.000546012
-1.73489e-05
0.000816597
0.00120212
0
-0.00265716
-0.00171472
0.0014061
0.0024254
0.00114821
-0.00233741
-0.00170708
0.00173114
0.00444271
0.00193519
0.00630029
0.00176575
-0.00164456
0.000739942
0.0020017
0.00896089
0.000870273
0.00730253
0.00425392
0.0018925
-0.00322627
0.00390174
0.00498876
-0.000927317
-0.00115257
0.00409383
-0.00587828
-0.0058708
0.00591788
0.00123026
-0.000976476
-0.00902024
-0.00154589
-0.00571065
0.00220643
0.00242115
0.000403764
-0.00196776
-0.00350236
-0.000990885
0.00354462
0.000530623
0.0130418
0.00133652
0.00415721
0.00522955
0.00820873
0.000159087
0.0058955
-0.00373481
0.0114581
0.0055598
-0.0052169
