# 1 157 (number of hyperplane, dimensionality of hyperplane)
# 0 (added bias feature? 0:no 1:yes)
0.000453574
0.000710564
0.00349631
0.00616636
-0.000412701
0.00140129
0.000587096
0.000704331
0.000842087
0.00165514
0.000550344
0
0
0
0
0
0
0
0
0
0.00212659
0.0011443
0.000371875
0.000909439
0.000385241
-0.00270257
-0.00166883
0.00250525
0.0038799
-0.00563048
0.00331367
-7.91816e-05
-0.00245538
0.000493825
0.0046419
0.0031363
0.0105232
0.0102667
-0.000538392
0.0049928
-0.00439886
-0.00168114
0.00148226
-0.0011411
-0.00248957
-0.00368133
-0.00192855
0.00332215
0.00176494
-0.00142555
-0.00200262
0.00486531
0.00308683
0.00183012
0.000950799
0.00285506
-0.0059579
-0.00495117
0.00276367
0.00573493
0.000523022
0.000216649
0.00379395
0.00741173
0.00173376
-0.00125779
-0.000459251
0.000117166
0.00458347
0.00722227
0.00253055
-0.000427485
0.00187824
0.00335767
0.00108138
0.00946243
0.00209257
0.00454425
0.00683769
0.00464627
0.000340298
0.00141588
0.00320186
0.000905264
0.000360782
0.000220114
0
0
0
5.20548e-06
0
0
0
0
0
0
0
0
0
0.000320734
0.000166042
3.12331e-06
8.60202e-06
3.64384e-06
0.000770617
0.000753828
6.57002e-05
-0.000293265
0.000826959
0.00302902
-0.000558762
-0.00133496
-0.00164503
-0.00564187
0.00275901
-0.00398186
0.00134376
-0.00232572
0.00350738
-0.00189633
-0.000853125
0.000850496
0.00117033
0.00146445
-0.00149264
0.00383455
0.000601826
1.96991e-05
-0.000313756
-0.001479
-0.000672551
-0.000133198
0.000169292
0.00184039
0.00257392
0.00217481
-9.23051e-05
0.00109619
0.00140396
0.0021287
0.000608419
0.000528905
-0.000748663
0.00190893
0.000228311
-8.5918e-05
0.00347981
-0.00355071
0.000996646
0.00363109
-0.000459467
0.00478662
-9.90022e-05
-0.0035538
-0.00351373
-0.00347312
0.000872797
