# 1 157 (number of hyperplane, dimensionality of hyperplane)
# 0 (added bias feature? 0:no 1:yes)
-5.83308e-06
9.62149e-05
0.000181
-7.38686e-05
0.000170452
-0.000230173
-0.000162053
3.43206e-05
-0.000529165
5.48829e-05
8.02655e-05
8.02885e-05
9.45832e-05
4.8183e-05
0
0.000166636
0.000117972
9.54459e-05
3.41897e-05
5.57485e-06
-0.000272901
-1.62986e-05
0.000139617
-8.23242e-05
0
4.46561e-06
0.000106556
0.000261882
-0.0001639
0.000245965
-2.93016e-05
-1.93189e-05
1.95454e-05
3.45808e-05
0.000321664
-4.75078e-05
9.47535e-07
3.67379e-05
-1.86855e-05
0.000143905
0.000226961
-6.95316e-05
0.000105896
8.90014e-06
-0.000175607
0.000118939
-5.9718e-05
4.49064e-05
-7.58756e-06
-0.000201747
3.44462e-05
3.24797e-05
-5.3423e-06
-1.88849e-05
6.66515e-05
-2.20457e-05
1.32258e-05
-1.12933e-05
3.5028e-05
0.000293439
2.76563e-06
-4.87682e-05
-2.79681e-05
2.19262e-05
-3.99489e-05
4.43743e-05
1.36816e-05
0.000196545
5.63439e-05
6.03798e-06
-3.47083e-05
-3.59075e-06
-6.80118e-06
1.89673e-05
2.31444e-05
3.08915e-05
1.02138e-05
-1.66891e-05
3.808e-05
1.54796e-06
8.7889e-05
0.000163268
-0.000163099
0.000101463
-0.000296617
-7.64742e-05
1.6058e-05
5.38411e-08
0
0.000102417
7.99962e-05
0.000121436
2.72026e-05
0
0.000141713
8.40186e-05
8.33003e-05
9.10262e-05
9.4176e-06
-0.000312021
9.9135e-06
8.92635e-05
3.08542e-05
0
-4.69064e-05
8.40098e-05
0.000246323
-0.000135176
5.7019e-05
-3.64711e-05
-2.03527e-05
-2.21189e-06
-1.93448e-05
0.000173014
-4.88605e-05
1.91962e-06
-4.80047e-05
-6.35115e-05
0.000102362
0.000191238
-4.3954e-05
2.76916e-05
-6.12589e-05
-0.000236432
0.00013625
-7.48936e-05
2.20768e-05
-3.76516e-05
-0.000249354
5.26654e-05
6.46981e-07
-3.91457e-05
-0.00010203
1.24897e-05
1.32164e-06
1.83738e-05
-3.52103e-06
-4.62491e-05
0.000124773
6.85982e-06
-4.8414e-05
-9.48792e-05
8.46257e-05
-2.81766e-05
3.63979e-05
2.17442e-05
0.000118756
-1.45113e-05
-1.53037e-05
4.10037e-05
-8.13406e-06
-2.56335e-05
6.80381e-06
4.81985e-05
-2.07694e-05
1.56888e-05
-2.97104e-05
