# 1 157 (number of hyperplane, dimensionality of hyperplane)
# 0 (added bias feature? 0:no 1:yes)
-0.0209272
0.00803651
0.0509654
-0.00667842
0.00450842
0.0570841
0.00256158
0.0682109
0.284476
0.80104
0.158547
-0.0496244
0.0798007
-0.279744
-0.287923
-0.248935
0.31658
-0.272275
0.103073
0.288507
-0.134269
0.115035
0.496902
-0.122334
0.332978
0.00482774
0.000918055
-0.00255525
0.0164374
-0.0944108
-9.18493e-06
-0.00232682
-0.000686663
0.00527972
0.0185322
0.00715459
0.00102523
-0.00036197
-0.00155445
0.000964894
0.00610761
0.00122067
0.00886502
-0.00212601
-0.0179312
-0.00335047
0.00243797
0.004053
-0.00814119
0.0155802
0.000465243
0.00512775
-0.00148275
0.00161885
0.000397304
-0.00446897
0.00405575
-0.00122621
0.00303203
-0.00955225
-0.00442588
-0.00325596
0.00515683
-0.000167134
-0.00841595
0.00414512
0.00419689
0.0360068
-0.000190581
-0.00915628
0.0102575
0.00237018
0.00466463
0.00101412
0.00336158
0.00194123
0.000149734
0.00898246
0.0531737
-0.0327493
-0.00407592
0.0178015
-0.0316066
-0.0231448
0.0331176
0.0090027
-0.124419
0.590961
0.354952
0.309502
-0.0486058
-0.143046
-0.159969
-0.337481
-0.221848
0.201496
-0.213055
-0.00633663
0.377182
-0.118258
-0.0816592
0.650749
-0.114007
0
-0.00561423
-0.0189799
-0.0388384
-0.00805268
-0.11496
-0.00940018
-0.021543
-0.0236698
-0.0294336
-0.0131642
-0.00581981
-0.00412649
-0.0316533
-0.0297446
-0.0327901
-0.00389554
-0.0171314
-0.00687678
-0.0308711
-0.046626
-0.0129527
-0.0142575
-0.00758282
-0.0332463
-0.00794782
-0.0128006
-0.010206
-0.0201883
-0.0281294
-0.0252688
-0.00998498
-0.0162689
-0.0203509
-0.0327652
-0.0433822
-0.00641156
0.00602126
-0.000390295
-0.000503662
-0.00862874
0.00230333
-0.00812565
0.0055347
-0.00260605
-0.00367712
-0.00633287
-0.000616691
0.00158369
-0.00191521
-0.000638098
0.00180952
-0.00102579
0.000812127
