# 1 157 (number of hyperplane, dimensionality of hyperplane)
# 0 (added bias feature? 0:no 1:yes)
0.00147198
0.00483399
-0.0117173
0.0115207
0.00320785
-0.00122184
-0.000295934
-7.01314e-05
0.00155953
0
0
0
0
0
0
1.15855e-05
2.23824e-05
1.63389e-05
2.11667e-05
2.89647e-06
0.00819557
0.00115585
-0.00185895
-0.00238187
7.24111e-06
-0.00436343
0.0181356
-0.00471992
0.00481234
0.00158149
0.00113488
0.00209433
0.00572378
0.0114927
0.0102196
0.00570555
-0.00251652
-0.00476954
-0.00332432
0.0138195
0.00937761
-0.0084591
0.00382433
-0.00857989
-0.00817004
-0.0102922
-0.00415905
0.0172311
-0.00692515
0.00964117
-0.00219788
-2.38907e-05
-0.019321
0.00702433
0.0052922
0.0173558
-0.00265695
0.00604672
-0.00833668
0.00622543
0.00501515
0.0041712
-0.00215776
0.0072297
0.00499308
2.29211e-05
0.0103075
0.00562984
-0.000957539
-0.00625831
0.0067139
0.00411848
-0.00149535
0.0017983
0.00068835
0.040088
0.00255632
-0.00372539
0.00933888
0.00166011
0.0118048
-0.000169399
-0.0119655
0.000625081
0.00435338
0.00225839
0.00148821
0.000431336
0
0
0
0
0
0
0
0
0
0
0
0.00324012
0.00198888
0.000328437
8.56291e-05
0
-0.005212
0.00438612
0.00107946
0.0141098
0
-0.0010835
0.00267373
2.54607e-05
0.00465474
0.000751603
0.00839772
0.00951097
0.00178874
0.00587346
0.000788716
-0.00815169
-0.00161422
-0.00209434
-0.00523913
-0.00372792
-0.0210417
-0.00124847
-0.00253316
0.0025556
0.00935451
-0.00150213
-0.00441341
-0.00420602
-0.00181293
-0.000408432
0.00513123
0.0148807
-0.0108619
-0.00286897
-0.000269342
0.00363311
0.00068089
-0.00368367
-0.00241212
-0.00010404
0.00388237
0.00235895
0.00327285
0.00172276
0.00322805
0.0062911
0.00132215
-0.00808331
0.0046488
0.00120947
-0.00155809
0.000874142
0.00422785
