# 1 157 (number of hyperplane, dimensionality of hyperplane)
# 0 (added bias feature? 0:no 1:yes)
0.000961057
-0.000674766
-0.000800443
0.000855797
0.00163974
0.00151018
-0.000222688
-0.00194552
-0.00183517
0
-0.00114466
-0.00258511
-0.00423169
-0.000711529
0
-0.00410387
-0.00522352
-0.00381565
2.26008e-05
8.98102e-05
-0.00193634
-0.00125276
-0.000819192
-0.000259362
0.000224523
0.0020668
0.000381171
-0.00344785
0.0063293
0.00227614
0.000414518
0.00042612
-0.000361965
0.00126563
0.000384596
0.00399027
-0.00433014
0.00501639
0.00437688
0.00274993
-0.0032336
0.00126179
0.00115352
-0.00151594
0.0010974
-0.00536212
0.00122817
-0.00534036
-0.000462837
0.00313657
-0.00257113
0.000679058
-0.000449432
0.00955422
0.0030974
0.00150217
-0.000642016
-0.00315024
0.00388881
0.000192568
0.00131351
0.00323971
0.00296254
0.00821452
0.00474301
-0.00356277
-0.00110317
-0.00452825
-0.00261713
0.00207435
-0.00437692
-0.000492956
0.000648803
0.00167215
-0.00180285
0.00845917
0.00705473
0.00459054
0.00847714
-0.00410989
-0.00775993
-0.00078856
-0.00118278
2.17579e-05
0.000881474
-0.000440983
-0.000551057
-0.000128583
0
0.000106953
0.000210018
0.00014973
1.75018e-05
0
0.000446786
0.000660732
0.000566028
0.000106672
0
0.00135447
0.0009516
0.000295724
6.26801e-05
0
-0.00152514
-0.000960838
0.00280491
0.00179309
8.53675e-06
-0.000569186
-0.000719233
0.00154966
0.000684694
2.30672e-05
0.00456157
-0.00182657
0.00215257
0.00197725
0.00026558
0.000659054
0.0048532
-0.000804695
0.00155684
0.000171369
-0.000854518
0.00249001
0.0013528
0.00101785
0.000179288
0.000450457
-0.00265268
0.0018839
0.00156175
0.000225812
0.00122316
-0.00351607
-0.000804739
0.00116136
0.000408228
0.00211017
-0.000829753
-0.00308193
0.000756736
0.00163638
0.0004922
-0.00106105
0.00618665
-0.00269734
0.000313824
-0.00226539
-0.000574863
0.000739512
0.000730151
-0.00123916
0.00170278
-0.000844506
0.00106629
