# 1 157 (number of hyperplane, dimensionality of hyperplane)
# 0 (added bias feature? 0:no 1:yes)
-0.00648485
0.00309234
-0.000992765
-0.000163207
0.00371933
0.00752276
-0.0165878
-0.000146791
-0.0109037
0.0012182
-0.0071652
0.00459629
0.016912
-0.0217113
0
-0.00809851
0.0419443
-0.0174233
-0.0269891
0.00121536
-0.00568945
-0.0112896
0.0139613
0.0124845
0.00175935
0.0122683
-0.000940601
-0.00103544
-0.00204914
0.00650805
6.43128e-05
0.00891082
0.000162647
-0.00544446
0.00801834
0.00715176
0.00174982
-0.00755448
0.00538499
0.00820096
0.00286113
0.00184468
0.00638251
-0.0064927
0.0383018
-0.0076055
-0.00830473
0.00646985
-0.000760858
0.00440984
0.00914621
0.000510882
0.00119468
-0.00292107
0.0189282
0.00157829
-0.00178209
-0.00504716
0.00473031
0.00938418
0.00478529
-0.00048326
0.0021386
-0.00101533
0.0103206
-0.0057504
0.00277119
0.0165221
0.0172221
0.00678868
0.00743407
-0.00187233
-0.00454054
-0.00281954
-0.0014383
0.0011231
-0.0103902
0.0165378
0.00314354
-0.0020661
0.00437238
-0.00843391
-0.00145195
0.00293775
-0.0027324
-0.0117254
-0.0143872
-0.00799815
0
0.00113775
0.0133284
0.00925148
-0.0275122
0
0.0194733
0.0185736
0.00110482
8.08189e-05
0
0.00784101
-0.00623685
0.0119886
0.0112777
0
0.00978178
0.0035671
-0.000744235
-0.00233446
0.00298961
-0.00272438
0.00518317
0.00161136
-0.00380795
0.00229828
0.00766555
-0.000809235
0.00332048
-0.00265429
-0.00256885
0.00241712
0.00495198
0.0174932
-0.0140697
0.0182764
0.0062174
-0.000101567
0.0066917
-0.0148534
0.00596259
0.00153022
0.0118131
-0.00309705
-0.00880613
0.0152085
0.00477821
-0.00547792
-0.00397298
-0.00140874
0.000250338
0.00616109
-0.000669264
-0.00105649
-0.000418904
0.00323792
0.00303677
-0.00419305
0.0226494
-0.00288719
0.000182463
0.00771678
0.00800499
0.00157061
-0.00114833
0.00123291
-0.0118335
-0.00365846
-0.00609941
