# 1 157 (number of hyperplane, dimensionality of hyperplane)
# 0 (added bias feature? 0:no 1:yes)
-0.00124544
0.000456059
0.00105391
-0.00172749
9.41555e-05
0.000617738
0.000632328
0.000191083
-9.08775e-05
6.21994e-06
-0.000463453
0.00017271
0.000200027
-0.00011645
-6.51782e-05
0.000203521
0.00042171
0.000245474
-0.000320451
0
0.000351326
0.000578575
0.000673424
-0.000628741
-0.000101863
-0.000257889
-0.000499451
0.000697797
-0.00265092
-0.000524492
-0.000740693
0.00132765
0.000487078
-0.000780214
0.000239268
0.00137078
0.000766157
0.00118658
0.00194939
0.00164543
0.00118047
0.000949383
0.00112065
0.00117394
0.000859131
-0.000186669
-0.000804568
-0.000250075
-0.00027922
-0.000694026
-0.00010756
-0.00133264
0.000714782
0.00113839
0.000723173
-0.000113648
-0.000217372
0.000701048
0.000248426
0.000298634
0.00176832
0.0014846
0.00195188
0.00303412
0.00105996
0.000735884
0.00332079
0.00288858
0.00349473
0.00327896
0.0030112
-0.000384795
-0.000660672
0.000424273
5.69354e-05
0.00424264
0.00252596
9.39669e-06
0.00330661
0.00027638
0.00130579
0.000949945
0.000237012
2.46764e-05
-6.35743e-05
0.000338214
0.00038377
0.00028057
1.37931e-05
0.000140129
-2.41295e-05
4.80912e-05
0.000163014
1.9025e-05
-0.000206724
-0.000106059
-0.000221718
-0.000290271
0.000206673
-4.44777e-05
2.12004e-05
-0.000123633
-0.000113647
-5.35527e-05
-0.000271248
-0.000797336
-0.000959131
-0.000780329
0.000241543
-1.52262e-05
0.000308153
-0.000555673
-0.000930851
0.000289177
-0.000569863
0.00133321
0.00105477
-0.000250675
-4.35373e-05
0.001137
0.00184735
0.00117629
0.000505478
7.67912e-05
0.00104333
0.00118859
-9.71442e-05
-0.000409069
0.000149266
0.000479206
0.000149146
0.000573316
0.000149187
0.00039378
0.000609361
0.000747903
0.000739971
0.000329305
3.31052e-05
0.000735679
0.000322003
0.000657345
0.000566226
-0.000347235
0.00112499
-0.00017922
-9.68013e-05
0.00182837
0.00148016
0.0017304
-0.000999637
-0.000679202
-0.000204303
-0.00102955
0.0012436
-0.00168421
0.000689306
