# 1 157 (number of hyperplane, dimensionality of hyperplane)
# 0 (added bias feature? 0:no 1:yes)
0.0011301
-0.000919619
-0.000450513
-0.000787008
0.000395671
-0.000373233
0.000136909
0.000446376
0.000105935
0
-0.000869122
-0.000549163
-0.000104248
-4.7386e-05
0
-0.00130758
-0.000698448
-0.00132942
-0.00146293
-0.000167079
-0.000473381
-0.000411968
-0.00153403
-0.00130129
0.00021321
0.00156432
0.000642567
0.000177718
-0.00234508
-7.15579e-05
0.00156183
0.00268353
0.00123682
-2.39435e-05
-0.000265143
0.000939596
0.000704042
0.00183655
0.00172169
0.000369466
-0.000154259
0.000591145
0.00185466
0.001567
0.00154832
-0.000346723
0.000936563
-0.00192537
0.000148222
0.00265585
0.00193226
0.00240894
0.0018994
0.00308795
0.00100643
0.00219692
0.0017348
-0.00158009
-0.002159
9.65896e-05
0.00269654
0.0010303
0.00178441
0.00383585
0.00233025
0.000380526
0.00193862
0.00268305
0.00398533
0.00509484
0.00192532
0.00132604
0.00033986
0.00130881
0.0017016
0.00394489
0.00409194
0.00412075
0.00574363
0.000135393
-0.000101276
7.33921e-05
0.00045623
8.61375e-05
0.000404071
0.000102395
7.75127e-05
2.51061e-05
0
0.000169391
-0.000186773
-0.000295752
-0.000134434
0
0.000116822
-4.35833e-05
2.3777e-05
-9.09553e-05
-7.04062e-05
-0.000152094
-2.60123e-05
-0.000223512
-0.000546054
0
0.000272207
-3.9076e-05
-0.000720076
-0.000165304
0.000119482
0.000678327
0.000443649
0.000545138
-0.000160271
0.000119729
0.00116634
0.00106567
0.000901048
0.000598778
-0.000333173
0.00165515
0.00139193
0.000227549
0.00091293
-8.27404e-05
0.000351624
0.000283905
0.000792999
0.00102072
-0.000140484
0.000999151
0.00139813
0.00114661
0.00141842
-2.02073e-05
-0.000687727
-0.000178843
0.00056192
0.000240021
-0.000109089
0.00151375
0.00108386
0.000767061
0.000601477
0.000469705
0.00108461
0.00185658
0.00143764
0.000217221
-0.000385248
0.000592811
0.000634459
0.000212711
-0.000625595
-0.000687947
-0.00120242
0.000177527
-0.00161627
