# 1 157 (number of hyperplane, dimensionality of hyperplane)
# 0 (added bias feature? 0:no 1:yes)
0.00106901
0.000422206
-0.000228923
0.000282719
1.5398e-05
1.98687e-05
2.50559e-06
8.76571e-07
0
0
2.23913e-05
1.22137e-05
1.67935e-05
2.90076e-05
0
5.50802e-06
4.50675e-06
6.77947e-06
7.9447e-06
6.60973e-06
5.65109e-05
4.11233e-05
1.91782e-05
7.31426e-06
6.8854e-06
0.00122901
0.000891953
0.00077449
0.000105583
0.000126876
0.00190849
0.00129891
0.00076535
-0.000744803
0.000581387
0.000868506
0.00204637
0.00135181
0.00281382
0.0019345
0.00107067
0.00108112
0.00144283
0.000431448
0.000509758
0.000232348
-0.00227402
0.00111022
0.00212078
0.00296526
-0.000192911
0.000536441
0.00188049
0.00184015
0.000792133
0.0011337
0.000207048
0.000172807
0.00144713
0.00084219
0.000580807
0.0024163
0.00445868
0.00568902
2.34897e-05
0.000578975
0.00113709
0.000469746
0.00125796
0.00224267
0.00125555
0.000171348
0.000562272
0.00225034
0.00129379
0.00234212
0.00214846
0.0020608
0.00453258
0.000846582
0.000186933
0.000149472
0.000251295
-3.49859e-05
5.33697e-05
1.06766e-05
1.02122e-05
1.23619e-05
0
6.26306e-05
0
0
0
0
7.92428e-05
4.24817e-05
5.75121e-05
0
0
0.000166764
4.95074e-05
4.17621e-05
2.5867e-05
0
0.00081894
0.00029588
0.000230502
0.000286597
4.20128e-05
0.000198698
0.000658448
0.000700612
0.000570118
0.000221717
0.000100532
-0.00019527
0.000426364
0.000481469
0.000419637
0.000318355
0.000919328
4.46661e-05
0.000604163
0.000688744
0.000542737
0.000345716
0.000228408
-0.000472667
-0.000660256
-0.000123752
-0.000249463
0.000190198
-0.000370783
-0.000834534
0.00136502
0.00134487
0.000404111
0.000589304
0.00014593
0.000895444
0.000758363
0.000504445
7.8679e-05
0.000753162
0.00014781
0.000830602
0.00139283
-1.1403e-05
0.00015681
0.000480127
0.000663162
0.00071283
0.000668976
-0.000587785
0.00262562
0.000141778
0.00148872
