# 1 157 (number of hyperplane, dimensionality of hyperplane)
# 0 (added bias feature? 0:no 1:yes)
0.00358989
-0.00522338
-0.00659458
0.000254764
2.57676e-06
-0.000401161
0.000323186
0.000772823
0
0
0
0
0
0
0
0
0
0
0
0
-0.00266154
-0.00130295
0
0
0
0.00185068
-0.00194937
-0.000946996
0.0019458
0
-0.000263533
-0.00101882
0.00311648
-0.000785176
0.000104661
-0.00380186
-0.00332676
0.00463905
0.00426115
0.00158587
-0.00116814
0.00246551
0.00272704
0.0107809
0.00634556
-0.001212
0.00240333
0.00349422
0.00737858
-6.28186e-05
-0.00387151
0.00216292
0.00373311
0.00855839
0.00149701
-0.00114547
0.00264974
0.00374892
0.013347
0.000832443
-0.0016172
0.00267892
0.00261398
0.00695348
-0.00186386
0.000256243
0.00273006
0.00105327
0.00426027
0.0017696
0.000384904
0.000573623
0.000240883
0.000437401
-8.12711e-05
-0.000885472
0.00716509
-0.000119817
0.00797043
0.00101389
-8.00336e-05
-0.000907766
-0.000955183
0
3.08239e-05
0
0
0
0
0
0
0
0
0
0
0
0
0
0
8.63295e-05
0.000478501
0
0
0
0.0015093
0.00217092
0.000124583
0.000466534
0
0.000569295
0.00177683
-0.00178608
0.000299087
0
0.00211783
-0.000697934
-0.00169543
-0.00238258
0.000785997
-0.00024548
0.00502964
-0.000689859
-0.00288216
0.00100489
-0.00152902
-0.001507
-0.00103316
0.00108177
-0.00129367
9.98751e-05
0.00517556
0.00241982
0.00656736
0.000602574
0.00278512
0.00310445
0.000492099
0.00288624
0.000761341
-0.000602335
0.000183373
-0.000651614
-0.0030965
-0.000415743
-0.000193842
0.000301899
0.00464044
-0.00198952
-0.00110861
-0.00522526
-0.000711174
-0.000886889
-0.000620141
-0.000999376
-0.00243492
-0.00250946
0.00268951
