# 1 157 (number of hyperplane, dimensionality of hyperplane)
# 0 (added bias feature? 0:no 1:yes)
0.00294263
-0.000948172
-0.00139327
0.00255344
0.00311084
0.0100041
0.00081024
-0.00842587
-0.00930525
0
0.00163383
-0.00184178
-0.0135777
-0.00268055
0
-0.00542612
-0.00711574
-0.000608908
-0.00250266
0.000401789
-0.00805597
-0.000416951
-0.0029491
-0.00482164
0.00100446
0.000919543
-3.66791e-05
-0.00701793
0.0123265
0.00560422
0.00023844
-0.0017148
0.004365
0.000532625
-0.00228647
0.0114902
-0.00830901
0.00297528
0.0122366
-0.00229603
-0.00718647
0.00245458
8.00162e-05
0.000816292
0.00792266
-0.00777704
0.00126618
-0.00565817
-0.00167393
0.00588428
-0.00478771
-0.00446708
-0.00169992
0.00846556
0.00193044
0.00324917
-0.000534181
-0.00559227
0.0044502
-0.00374397
0.00193953
0.00473509
-0.00389186
0.00988369
0.00712715
-0.0053892
-0.00184385
-0.019926
-0.00683804
0.0078728
-0.00285411
-0.00162749
0.00233788
0.00352405
-0.00466498
0.0254625
0.0121367
0.00840823
0.0122592
-0.0109695
-0.00831312
0.00451505
-0.00674364
0.000490923
0.00140785
-0.00743621
-0.00759675
-0.00195769
0
0
0
0
0
0
0.000103598
0.000169528
0.000151417
2.9885e-05
0
0.00225138
0.00210444
0.000723255
0.000171404
0
-0.00186202
-0.00653438
0.008394
0.00598944
6.84842e-05
-0.00293809
-0.00117564
0.00689825
-0.00246901
0.000881534
0.0136027
-0.00318819
0.00518582
0.00373265
0.000703569
0.00207458
0.00957686
-0.00851897
0.00887513
0.000438742
-0.00368184
0.00458592
0.00044942
0.0059529
0.000150853
0.00384238
-0.00782298
0.00176118
-3.83038e-05
0.00108083
-0.00209033
-0.00551831
-0.00324646
0.0016934
0.000927485
0.00585809
0.000924674
-0.0108758
0.00611996
0.0063897
-0.000552264
0.00169772
0.00960516
-0.00513744
0.00450069
-0.0114536
-0.00380087
0.000895033
0.00286665
-0.00759842
-0.00297877
-0.00411326
-0.00134985
