# 1 157 (number of hyperplane, dimensionality of hyperplane)
# 0 (added bias feature? 0:no 1:yes)
-0.000554266
-0.00174142
0.000274981
-0.00042962
-0.000382292
0.000448144
0.000266478
0.000299109
5.26303e-05
0
-0.000211444
-0.000434748
-0.000602147
-0.000398385
0
0
0
0
0
0
0.000116147
-0.000436556
-0.000127403
0.000190955
9.78554e-05
0.000695297
-1.04729e-05
0.00170402
0.00272597
0.000646737
-0.000220637
0.00380669
0.00394854
0.00340309
-0.00155052
0.00149499
0.00214024
0.00173376
0.00535303
0.000769479
-0.00355209
-0.000455986
0.00222095
0.00299717
0.00135315
-0.00394579
0.000549355
0.00118345
-0.00160111
-0.000122801
0.000613653
-0.000239716
0.00267086
0.00374601
-0.00134556
-0.000434676
0.000631169
-0.0013334
0.00342527
-0.000761185
0.00359489
0.00224944
0.000984088
-0.000524792
0.0012505
0.0024355
0.00207923
0.000210776
-0.000804196
-0.000119327
0.00147834
0.00273144
0.00119936
0.00169977
0.00189751
0.00512673
0.00412844
-0.000798021
0.0031553
6.23095e-05
0.000270431
0.000577549
0.000638705
0.000189235
0.000296861
0.00021362
0.0001571
1.4718e-06
0
-0.000720846
-0.000514553
-0.00034407
-0.000347075
0
0
0
0
0
0
-0.000474346
-0.00024697
-0.000285455
-0.000508084
-0.000342295
0.00095811
0.000128701
0.000192643
0.000208967
-0.000490128
-0.000404024
-0.000492199
-0.000280458
-0.00127381
-8.05459e-05
0.00184501
0.000513163
7.81111e-05
-0.00143149
-0.00139671
-0.00202465
-0.00164764
-4.33721e-06
-0.00139938
-0.000217948
-0.00126398
0.000520622
0.000635917
0.00238322
0.000151042
0.00125377
-0.000181759
0.00123019
0.0021689
0.00037251
0.000529273
-5.11122e-05
0.0019056
0.00218814
0.000481387
0.00108069
-0.000195334
-0.000398332
-0.000567491
0.000140042
0.0009772
-0.00136642
0.000744696
0.00123874
0.000833941
0.00210552
0.000468007
-0.000463469
-0.000539806
-0.00107061
0.000349419
0.00259342
0.00124623
