# 1 157 (number of hyperplane, dimensionality of hyperplane)
# 0 (added bias feature? 0:no 1:yes)
0.000104484
-6.19524e-06
0.000423871
0.000421767
0.000202345
0.0002983
0.000220433
0.000252177
4.91219e-05
0
0
0
0
0
0
0
0
0
0
0
8.959e-05
1.28297e-05
0
0
0
-0.000277141
0.000465732
0.00049963
0.00126817
-0.000826102
0.000201766
0.00105976
0.000993187
0.00231051
-9.6223e-05
-0.00107269
0.0014531
0.00282897
0.00581561
-0.000408201
0.00116404
0.000920984
0.00289268
0.00390802
0.00255554
-0.000857474
0.000667587
0.00219715
0.00141818
-0.00175976
0.000689026
0.00119109
0.0014553
0.00231183
0.00114865
7.4162e-05
0.000228904
0.00195181
2.38356e-05
0.00122226
0.00153817
0.000820312
0.000921947
0.00144152
0.00100856
0.000550197
-0.000269166
0.000595347
0.0018243
0.00143044
0.00267606
0.000583775
0.000980579
-0.000358128
0.000956624
0.0021707
0.00147557
0.00273536
0.00350102
0.000981281
0.0008621
0.000459636
0.000648055
4.23986e-05
5.13712e-05
2.25494e-05
0
0
0
0
0
0
0
0
0
0
0
0
0
3.98995e-05
0
0
0
0
0.000220131
-0.000140503
-0.000205038
-0.000439937
-0.000910746
0.000291202
-0.00022423
-0.000549665
-0.00135442
-0.00160636
-0.000459967
-4.18706e-06
0.00064385
0.000200251
-0.00019268
0.000257345
-7.79733e-05
-9.10897e-05
0.000484618
5.34712e-05
0.000161009
0.000840378
0.00106533
0.0004621
0.000338234
0.000520447
0.000715788
0.00067501
0.000450743
0.00118811
0.000871965
0.000386522
0.00108769
0.00113908
0.000356953
-4.45619e-05
-0.000436165
-0.000536425
-0.000580464
0.000185329
-0.000238824
-0.000325716
0.000659424
0.00138362
0.00152113
0.00165534
0.000502355
-1.46023e-06
-0.000319033
-0.000535985
0.00120489
-0.000467304
-0.000110801
