# 1 157 (number of hyperplane, dimensionality of hyperplane)
# 0 (added bias feature? 0:no 1:yes)
0.0118806
0.000144147
-0.0111426
0.0104635
-0.0064237
-0.00412181
-0.0103134
0.00184312
0.0102745
0.00113429
-0.00147554
-0.0186207
0.0272608
0.00864999
0
0.00260218
-0.0149376
-0.00297504
-0.00136361
0
-0.0013297
-0.00242938
-0.0174575
-0.00345619
0
0.013323
0.00413958
-0.0132124
-0.0066673
0.012595
-0.00408212
0.01311
-0.000354562
-0.00171049
-0.0419446
0.00344432
-0.00521011
-0.00334346
0.00601088
0.00785366
0.0058518
0.000829411
-0.00879695
0.00106218
0.0258083
0.0114673
-0.00242146
0.000853094
-0.00131164
-0.00877157
0.00604384
0.0051192
-0.00134532
-0.000601837
0.00124175
-0.00442722
-0.00737892
-0.000805805
-0.000956598
0.000557094
0.0149816
0.00326079
-0.0110671
0.00892271
0.0282137
-0.0137463
0.00169971
-0.00208571
-0.000614735
-0.00346946
0.00125216
0.00122285
-0.0028303
0.00307743
-0.00401734
0.0319562
0.0355525
0.0110672
0.00216748
0.0147874
-0.0104459
-0.0139979
0.00785406
0.00219921
0.00148361
-0.0155983
-0.00536338
0.00433692
2.92766e-05
0.00877221
-0.00327695
0.00187434
0.00776683
0
0.00542829
0.00640136
0.00338383
0.000640117
0
0.0128061
0.0100789
0.00656647
0.00145346
0
0.0135025
0.00393354
-0.0050918
-0.000763886
0.0128075
0.00408016
-0.010628
0.0261011
-0.00767544
-0.00954881
-0.00302835
0.00112047
0.00265677
-0.00962649
0.0116959
-0.00463528
0.00642876
-0.0171153
-0.00379847
0.0111749
-0.00434597
-0.00894567
0.00625465
-0.00682541
0.00902655
0.00184751
-0.0131933
0.00542974
-0.012158
0.0062107
0.0187134
-0.0102107
-0.0082572
-0.0032271
-0.000446186
0.0135328
-0.00407959
0.00119521
0.00394465
0.0143588
-0.000858015
-0.00572494
0.0117059
0.000905996
-0.00158699
-0.000237131
0.000535086
-0.0029523
0.00105246
-0.000593042
0.00466656
0.00465719
-0.000576427
