# 1 157 (number of hyperplane, dimensionality of hyperplane)
# 0 (added bias feature? 0:no 1:yes)
8.11343e-05
5.1548e-05
3.02682e-05
0.000125647
0.000193216
3.43902e-05
2.35337e-05
2.30431e-05
3.12276e-05
4.27583e-05
0
0
0
0
0
0
0
0
0
0
1.1455e-05
-2.58885e-05
-1.95822e-05
-3.04924e-05
-3.05548e-05
-6.55474e-05
-1.88901e-06
1.47244e-05
1.44065e-05
0.000197701
7.62632e-05
0.000515941
0.000610737
0.000837119
0.000778836
0.00107064
0.00116296
0.000726803
0.000402382
0.000376475
0.000651575
0.00129942
0.000585418
0.000309831
0.000424054
0.000945818
0.00121932
0.000610343
0.000234794
0.000372379
0.00118862
0.00110176
0.000694019
0.000308538
0.000206684
0.000232371
0.000702264
0.000483364
0.000536828
0.000526771
0.000779354
0.00122665
0.00157182
0.00178414
0.00035559
0.000440231
0.00093131
0.000357218
0.00064394
0.000721437
0.000683307
0.000369936
0.00032239
0.000322148
0.000366245
0.00158531
0.00137679
0.00163375
0.00200983
8.67565e-05
-8.20277e-05
-3.67292e-05
-7.08011e-05
-0.000136754
2.51862e-05
1.52624e-05
1.01007e-05
7.84138e-06
2.19476e-06
0
0
0
0
0
0
0
0
0
0
2.54015e-06
-1.69738e-06
3.33332e-06
2.95082e-06
0
0.000204865
0.000121781
2.89617e-05
-8.69802e-06
-3.46423e-05
0.000304178
0.000141327
6.07578e-05
3.70078e-05
-2.24798e-05
0.000194544
0.000393484
0.000150881
0.000150597
0.000198596
0.00010072
0.000339446
0.000184376
0.000159402
0.000232781
0.000112789
0.000357577
0.000313554
0.000212426
0.000379013
0.000230137
0.000150112
0.00016954
8.997e-05
8.88823e-05
0.000281254
0.000104422
8.73402e-05
6.43913e-05
4.79676e-05
0.000268816
0.000311585
0.000332735
0.000365475
0.000100677
0.000174673
0.000258592
0.000992847
0.000478143
0.000478647
0.000437623
0.000251348
0.000221817
0.000190626
0.000134595
0.000548543
0.000693042
0.00101241
