# 1 157 (number of hyperplane, dimensionality of hyperplane)
# 0 (added bias feature? 0:no 1:yes)
-0.000271213
0.000656752
0.000132525
0.000282342
0
-0.000103167
0.00013973
8.54676e-05
0.000185702
0
0
0
0
0
0
-0.000436967
-0.000347602
-0.000336133
0
0
0.000420782
0.0001508
2.1465e-05
0
0
0.00107086
0.00239623
0.00126668
0.000583239
0
0.00201485
0.00181671
0.0024089
0.00147205
0.00041724
0.000675085
0.00083379
0.00137076
0.000880119
0.00132149
0.00114767
0.00246834
0.00256953
0.00277276
-0.000243351
0.00113195
0.00170992
0.00275621
0.00354153
-0.000900453
0.000620353
0.000964746
0.000617672
0.0014862
0.000506474
-4.30743e-05
0.00172805
0.000837168
0.00296478
0.000197844
0.00121949
0.00292538
0.0045577
0.00583118
0.000510865
0.000736166
0.00246352
0.000224673
0.00182401
0.00176593
0.000877893
0.00247586
0.00197394
0.000627372
0.00143504
0.00131311
0.00165273
0.00113355
0.00560773
0.000655939
0.000679022
0.00024814
0.00018634
0
-0.000139005
5.59304e-05
3.47735e-05
7.5555e-05
0
0
0
0
0
0
0.000200105
0.000159181
0.000153929
0
0
0.000248251
9.564e-05
5.12688e-06
0
0
0.00050181
-0.000246883
6.43932e-05
0.000376571
0
0.000388263
-0.000302027
-3.01106e-05
0.000611925
4.64319e-05
0.000493738
0.00162857
0.000245907
-0.000249827
-0.000132097
7.80297e-05
0.00108576
0.00160622
-0.000175195
-0.00230566
0.000418369
0.000421039
-0.000868996
0.00161667
-0.000179769
0.000101134
-0.00124283
0.000596302
0.0023188
0.00114609
0.00109215
0.00126982
0.000885504
-0.000249739
0
0.000247435
0.000309247
7.68843e-05
-0.000173978
0.000167191
8.33628e-05
0.000765382
0.00202024
0.00107716
-6.65469e-05
0.000718245
0.00053636
-2.64795e-05
0.000107734
0.000292874
0.00172229
-0.000596299
0.00298608
