# 1 157 (number of hyperplane, dimensionality of hyperplane)
# 0 (added bias feature? 0:no 1:yes)
-0.00631725
0.00620094
-0.0104923
-0.00853023
0.00157694
-0.00446601
-0.00175366
-0.00231787
-0.0011088
0
0.00151064
0.00152495
0.00355566
0
0
-0.00254262
-0.00144473
-0.00195589
0
0
0.000989221
0.000557509
-0.00191748
-0.000754423
0
0.000592801
-0.00769805
0.0093171
0.00316933
0.00311339
0.00355528
0.00626233
-0.0177032
-0.00704699
-0.0210701
0.00646681
-0.00688446
0.00135649
0.00576563
-0.0156457
0.000971625
0.0270948
0.00914717
0.00960755
-0.0191962
-0.00703857
0.00131652
0.00391778
0.00850413
-0.00418451
0.0117582
0.00885797
0.00204953
0.00875057
0.00432161
0.00951425
0.00391846
0.00111606
-0.00258278
0.00308868
0.00363183
-0.000422558
-0.00458037
0.0144227
0.0052105
-0.00164002
0.00460237
0.000817808
0.00544047
-0.00198245
0.00778422
-0.00112536
-0.00122799
0.0016975
0.00116574
0.00919128
-0.00407163
0.00354838
0.0158625
0.000110992
0.00353956
0.00310971
0.00270165
0.00055099
9.03779e-05
0
0
0
0
0.000110086
0
0
0
0
0.000792602
0.000450361
0.000609702
0
0
2.12427e-06
1.39176e-06
3.36337e-06
1.3233e-06
0
0.00437959
0.00195514
0.00253919
-0.000504656
4.29453e-05
0.000131827
0.00372463
0.00277172
0.0059412
0.0020571
0.0063614
-0.00232038
-0.0026888
-0.00708216
-0.00330438
-0.000962134
0.00666302
0.00303795
0.00382683
-0.014898
0.00253961
0.00483634
-0.00280409
0.00298155
-0.00167519
0.00297647
4.67553e-05
0.000481625
0.00807651
-0.00100967
0.00128224
-0.00021172
0.00133192
0.00174359
0.00162796
0.000239295
0.00509763
0.00291054
0.00436463
-0.000539218
0.000808765
0.00443208
0.000855119
-0.00223395
-0.00155061
-0.00390695
-0.00095965
-0.00361028
-2.7095e-05
-0.00397546
-0.00224823
-0.00419842
-0.00281347
