# 1 157 (number of hyperplane, dimensionality of hyperplane)
# 0 (added bias feature? 0:no 1:yes)
0.0243501
0.00450737
-0.0758017
0.0458879
0.00763867
-0.0221824
-0.115563
-0.166834
-0.00488706
0.000301554
-0.051419
-0.0727092
0.0263527
0.0107957
4.48618e-05
0.0432991
0.0370535
0.0262432
0.00255947
0
0.00568418
-0.0474822
-0.0922164
-0.0382959
-0.0479128
-0.0207547
0.0123484
-0.0431595
0.0518624
-0.0706586
0.00619433
0.0494342
-0.00707743
0.00938318
-0.0371987
0.012649
0.00253481
0.0264333
-0.0146666
-0.0221835
0.000984123
0.0160217
-0.000684064
-0.014015
0.00193072
-0.00971409
0.00756606
0.00248982
0.0207176
-0.0118607
0.00917507
0.00591123
-0.00432987
-0.0070285
-0.00534967
-0.0027915
-0.0086075
0.00328724
0.00267514
0.0468071
0.00740714
-0.00458802
0.0453965
-0.0169393
0.024074
-0.0173146
0.0170004
0.14429
0.0181427
0.0227455
-0.0092154
-0.00932402
-0.000978275
0.00718333
0.00375624
0.0337626
-0.0284084
0.0277177
-0.00549056
0.00976454
0.0120642
-0.0544766
0.0271808
0.0125873
-0.0339313
-0.0383577
-0.0422223
-0.0618841
0
-0.0112416
-0.0472465
0.0153214
0.00343323
0
0.0224537
0.0282379
0.0221456
0.00349951
0
-0.0148615
-0.0378431
0.00726557
0.00321516
0
-0.00265284
0.00695914
0.00590112
0.0359895
0.0137398
-0.0016455
0.0234879
0.00241324
-0.00694401
0.0214644
0.00907451
0.0251869
0.020695
-0.0297322
0.0148168
0.00516133
0.0436205
-0.00206337
-0.0266573
0.0349125
-0.00938508
0.0475671
-0.00555039
0.00865478
-0.0119869
-0.0164544
0.0160881
0.00283474
0.0108675
-0.0489429
-0.0101798
0.00612593
0.0169906
-0.00723145
0.0101075
-0.00159867
-0.000202668
0.0256847
0.00072544
0.0125196
-0.0146669
0.0215614
0.0595625
-0.00306878
0.00826699
-0.0167856
-0.00764013
-0.0180156
0.0095087
-0.00374204
0.00281606
-0.00102071
0.00495886
