# 1 157 (number of hyperplane, dimensionality of hyperplane)
# 0 (added bias feature? 0:no 1:yes)
0.0055644
-0.0107407
-0.0232686
0.0102438
7.00107e-05
-0.00193603
0.00157194
0.00332967
0
0
0
0
0
0
0
0
0
0
0
0
-0.0126085
-0.00564146
0.000342808
0.000251753
0
0.00212759
-0.00160381
-0.0058108
0.0120786
0
0.00111289
-0.0033545
-0.00329845
-0.00390287
0.000298104
-0.00434286
-0.00312837
0.00995717
0.008499
0.00745675
-0.00438734
-0.00539965
-0.000812714
0.0149701
0.0204983
0.00233119
0.00731413
0.00189922
0.00718605
-0.00486115
-0.00723797
0.000494138
-0.00101023
0.0141484
0.0052174
-0.000910504
0.00955223
0.00811435
0.0240054
0.00657776
-0.000686519
0.00772624
-0.00461455
0.00825532
-0.0010648
0.000392984
0.00101291
0.00282168
0.0104233
0.00594073
0.00598605
0.00132088
0.00113523
-0.000868522
0.000229523
-0.00957422
0.0213743
-0.00771892
0.0131381
0.00370936
0.000211028
-0.00895827
-0.000480126
0
0.00120216
0.000837271
0.0011153
0
0
0.000423208
0.000346268
0.000811137
0
0
0
0
0
0
0
0.00256534
0.0031357
2.28531e-05
0
0
0.00230536
0.0113417
0.00258311
0.00248666
0
0.000625332
0.012083
-0.00461145
-0.00429288
0
0.00369366
-0.000875885
-0.00771686
-0.00718749
0.00255158
-0.012786
0.0177543
-0.0124719
-0.00578768
0.00284951
0.00364251
0.000592272
0.00131447
0.0042283
-0.00767047
0.0015779
0.018987
0.00919828
0.0127651
0.00344006
0.0035043
0.00286827
0.000969858
0.00218823
8.16809e-05
-0.00302237
-0.000432415
0.00506418
-0.00956515
-0.00320635
0.000191129
-0.00272086
0.0137115
-0.00359922
-0.00230996
-0.0172989
-0.00244038
-0.00109449
-0.00194937
-0.00137285
-0.00551183
-0.00624464
0.00552382
