# 1 157 (number of hyperplane, dimensionality of hyperplane)
# 0 (added bias feature? 0:no 1:yes)
0.000789382
-0.000232294
-0.000429342
-0.0020813
-0.00236434
0.00104232
0.000777439
0.00076291
0.000906963
0.00138929
0
0
0
0
0
0
0
0
0
0
0.000722303
0.000258548
0.000209071
0.000187008
7.00936e-06
-0.000163809
0.00194414
-0.00202813
0.00226235
-0.00103325
0.000145857
0.00517741
-0.00311925
-0.000290012
-0.00728255
0.00366742
-0.00840073
0.00635835
0.00058476
-0.00112576
0.00517673
0.00168975
-0.00632075
0.00480671
0.0014292
0.00587302
0.00161648
-0.00084608
0.00407666
0.000699885
0.00573658
-0.00348041
0.00763548
-0.000979019
-0.00589557
0.00171466
0.0061325
0.00269293
0.00107051
-0.000222287
-0.000953325
0.00430709
0.00542759
0.00533027
-0.00212938
0.00122176
0.00390234
0.000827434
0.000714934
-0.0009666
0.00298693
0.00276715
0.00255893
0.00623016
0.00132501
0.00281251
0.00248299
0.00217773
0.0060368
0.00213799
0.00164551
0.000919634
0.0012492
3.24749e-05
-0.000531869
-0.000281159
2.2456e-05
2.41624e-06
0
0
0
0
0
0
0
0
0
0
0
-0.000161839
-0.000157584
-9.23246e-05
1.99718e-06
0.000304544
0.00138848
0.000714694
-5.41366e-05
0.000366173
0.000551206
-0.00158648
0.000692958
0.000548171
1.37019e-06
-0.00173076
0.00221353
3.88234e-05
-0.00173801
-0.00212009
-0.00416093
0.0013091
-0.000691357
-0.000227037
-0.000717351
-0.00200155
0.00021826
0.00219115
-1.81001e-07
-2.27028e-05
0.000610501
0.000529369
0.00167602
0.00171719
0.00172644
0.00286498
0.00251125
0.00238767
0.0011794
0.00249952
0.00304922
0.000890136
0.00113607
0.00126587
0.00124794
0.000248171
0.000666911
0.000802582
0.000813286
0.00023158
0.000627841
-0.00114995
-0.000998249
0.000600188
-0.00270167
-0.00364202
0.000960114
0.00363728
0.00299616
