# 1 157 (number of hyperplane, dimensionality of hyperplane)
# 0 (added bias feature? 0:no 1:yes)
0.00348215
-0.000734565
-0.00630081
-0.00170999
0.0284178
-0.00128983
-0.000916086
-0.00136124
0.000616735
0
0
0
0
0
0
0
0
0
0
0
0.00952687
0.00106368
0.00131367
0.000516858
0
2.046e-05
0.00714782
-0.00421189
0.00789962
-0.00391741
-0.00163916
-0.00174158
-0.0084889
0.00234429
0.00237625
-0.00268384
0.00317577
0.00901006
0.00471066
-0.0105186
0.00373527
0.00681159
0.0114907
0.00472709
-0.00546886
0.00144059
0.00811036
0.00609206
0.0036044
-0.00359949
0.00173711
-0.00325359
-0.0096847
0.00687369
0.00711794
0.00213651
0.00141995
-0.00634345
0.00557756
0.00290439
0.00223204
0.00255104
-0.0017136
0.00290915
0.00363568
-0.00145818
0.00142184
-0.00858405
0.010935
-0.000820803
0.0169525
-0.00020605
0.00248457
-0.00207996
0.00129956
0.00831225
-0.00121585
0.00371421
0.00527795
0.00587602
0.00386199
-0.00268859
-6.18369e-05
0.0150286
0.0028419
0.00142915
0.00234642
0.00079249
0
0.000180667
0.000147821
0.000346274
0
0
0
0
0
0
0
0.00274874
0.00123596
0.00203324
0.000799968
0
0.00586418
0.00408518
-0.0071404
-0.0049338
0.00466169
0.00443081
-0.000147539
-0.00974159
0.00411057
0.000859559
0.0104588
0.00194805
-0.00568356
-0.00716149
-0.00518909
0.0120846
0.00934657
-0.00950505
-0.00401071
-0.00304845
-0.00301789
0.00934588
0.0061977
-0.00389489
-0.00346567
0.0103375
0.00511092
0.001233
0.00635707
-0.00341304
0.000560017
0.0041167
-0.000958402
0.00702696
0.00553839
0.00435202
0.00156819
-0.00204132
-0.00148869
-0.00194912
0.006546
0.00187071
0.00543941
0.000360212
-0.00300651
0.00806801
0.00281477
-0.000662418
0.00197434
0.00411077
0.00219844
-0.00941223
-0.00612902
