# 1 157 (number of hyperplane, dimensionality of hyperplane)
# 0 (added bias feature? 0:no 1:yes)
0.00141718
0.0024715
-0.000594319
0.00382342
0.0241413
-0.0670373
0.0298501
0.0293606
0.00205669
0
0.00725598
0.00715739
0.00517576
0.00569945
0.000364966
0.0130261
0.016344
0.0180232
0.0120735
0.00707209
-0.020865
0.03305
0.0319739
-0.00350799
0.00128113
-0.000369707
0.000684165
0.00474148
-0.0235259
0.0133806
-8.43949e-05
-0.00030691
0.00075366
-0.000295299
0.00335233
-0.00602536
0.000176956
0.00214637
-0.000123768
-0.00339472
0.00884733
-0.0015455
0.00362818
0.0021709
-0.0132116
0.00376358
0.000504395
0.002545
0.00250938
-0.00756782
-0.00401071
-0.00176817
1.35796e-05
0.00139547
-0.0150921
-0.000573401
0.00101384
0.000819983
-0.000926125
-0.00178517
-0.00270577
-0.00116321
-0.00129162
0.00281582
-0.00467423
0.00204495
-0.00100114
0.00148759
0.00129801
0.0030734
0.001781
-0.00114764
0.000943198
-0.00340142
-0.00439523
0.000416328
-0.000366189
-0.000812645
0.00461119
0.000802756
0.000638038
-0.00412747
0.00587513
0.0176888
-0.0618892
0.0235751
0.0319423
-0.0250634
-0.0384634
0.00771283
0.00775649
0.0038524
0.00374071
0.000308795
-0.0152556
0.028803
0.020109
0.0258513
0.00920031
-0.0183496
0.0303024
0.0296777
-0.00191694
0.00111041
-0.000156085
-0.00213805
0.00643323
-0.0264035
0.0124545
-0.000873677
-0.00145321
4.67158e-05
-0.0024781
0.0014675
-0.0059089
-0.0020276
-0.00313832
0.000979446
-0.00935253
0.00791391
-0.00339562
-0.00508463
0.00754053
-0.0170044
0.00782025
-0.000794932
-0.00553123
0.00618032
-0.00774493
-0.00482678
-0.00231141
-0.00377534
0.000781642
-0.0185762
-0.00138989
-0.00181364
-0.00028743
0.000345156
-0.00409729
-0.00339918
0.000396558
-0.00228596
0.0054997
-0.00639476
0.00311199
-0.0029062
0.005355
0.00143457
0.00399813
-0.00411668
-0.00218129
-0.000194143
-0.00432274
-0.00567562
-0.000714412
-0.00261451
-0.00290135
