# 1 157 (number of hyperplane, dimensionality of hyperplane)
# 0 (added bias feature? 0:no 1:yes)
0.000182319
-2.07322e-05
0.000168355
0.000372837
4.5734e-05
-0.000223749
-5.10807e-05
-1.54414e-05
-1.49319e-05
2.05835e-05
-7.06123e-05
-0.000121067
-7.63345e-05
-2.72312e-05
2.00365e-06
4.53246e-05
0.000158807
-2.76315e-05
-3.73658e-05
4.88401e-05
-0.000198984
-0.000140953
2.96039e-05
-0.000240408
4.52213e-06
0.000552988
7.86285e-05
0.000330868
0.000369188
0.000152972
0.000791555
0.000744845
0.00134109
0.00174749
0.000565431
0.0012623
0.0010195
0.00143961
0.001283
0.000441878
0.00146514
0.002478
0.00135027
0.00178447
0.000707915
0.00145066
0.0017362
0.00151543
0.00219104
0.00102691
0.00133586
0.00132378
0.000652708
0.000650787
0.000286673
0.000384282
0.0007674
0.0014864
0.00123439
0.000464613
0.00154348
0.00223004
0.00350206
0.00453958
0.00112153
0.000438347
0.00115742
0.000711183
0.00270576
0.0023853
0.00212941
0.00173929
0.00174477
0.00154089
0.00157923
0.00137727
0.00129672
0.00143481
0.00425488
0.000560182
0.000274132
0.000156828
-2.2503e-05
9.30265e-06
0.000138133
6.92638e-05
4.68103e-05
1.40901e-05
0
3.91918e-05
3.94677e-05
2.71331e-05
1.47998e-05
0
6.64196e-05
8.86027e-05
8.97764e-05
5.25967e-05
0
7.56974e-05
5.89228e-05
-2.13536e-05
3.40903e-05
3.01476e-06
0.000413281
0.000217779
5.40084e-05
0.000101087
-0.000244655
0.000765666
0.000362623
0.000290234
0.000588463
-0.000182912
0.000219314
0.000582959
0.000387046
0.000298744
8.25354e-05
0.000173959
0.000304559
2.4472e-06
-0.000334267
-0.000339849
0.000169974
0.000503455
0.000360645
0.000567484
8.49737e-05
0.000499901
0.00063825
0.000523446
0.000651286
7.60419e-05
0.000716091
0.00045159
0.000424997
0.000450039
-4.2206e-05
0.000562979
0.000875919
0.000843408
0.000569911
0.000432301
0.000135756
0.000694303
0.00107855
0.000967924
0.00112077
0.000943231
0.000596666
0.000232082
0.00077161
0.000461725
0.00126149
0.000392569
0.000875244
