# 1 157 (number of hyperplane, dimensionality of hyperplane)
# 0 (added bias feature? 0:no 1:yes)
0.000886861
-0.000948756
-0.000326023
-0.000161647
0.000397139
-0.000121599
-9.75381e-05
-0.000127861
-0.000231871
-0.000427965
0
0
0
0
0
0
0
0
0
0
7.52198e-05
3.79093e-05
2.29035e-06
0
0
0.00168849
-0.000222907
0.000871326
0.000585465
3.47956e-06
0.00170552
-0.000321605
0.000831389
0.000436265
0.000192889
0.00061185
0.00234763
-8.14811e-05
0.00018941
-0.00121816
0.000139505
0.00662655
0.00144668
0.000141762
-0.00132672
0.000133079
0.0041536
0.000507107
-0.00075788
-0.00214536
0.00031722
0.00222888
0.00148792
0.00152113
0.000925413
0.000673827
0.00120651
0.00101939
0.000495652
0.000769299
0.00170551
-0.000377979
0.000463405
0.00235942
0.00104495
0.000686234
-0.000239472
0.000614745
0.00147991
0.00226525
-0.000147701
0.00182587
0.000616633
0.0011154
0.0017659
0.00163466
0.00139214
0.000942305
0.00281593
0.000503839
-5.24141e-05
9.33888e-05
0.000197844
-0.000931367
3.49804e-05
2.99832e-05
7.16976e-06
0
0
0
0
0
0
0
0
0
0
0
0
3.47168e-05
2.27456e-05
4.5807e-06
0
0
0.000284199
0.00124621
-3.81593e-05
0.000232463
0.000510003
0.000177801
0.00140682
0.00079957
-0.000412014
-0.000485179
0.000992909
0.000715301
0.000652177
-0.000144385
0.000926438
-0.00033781
-0.00128787
-0.00101857
-0.000798319
-0.0013443
-0.000878664
-0.000163945
0.00029435
-0.00133011
-0.00195427
0.00163128
-0.000130091
0.00124862
0.00187978
0.0004458
0.00116766
-0.000327547
0.000700389
0.00183321
0.000802294
0.000741362
0.000223258
-0.00101312
-0.00180355
0.000334337
0.000422841
0.000734971
0.000201671
0.00119539
0.00147557
0.00179939
-0.001315
-0.000174164
0.000500974
0.000908227
0.000473217
0.000507763
0.000294866
