# 1 157 (number of hyperplane, dimensionality of hyperplane)
# 0 (added bias feature? 0:no 1:yes)
0.00233011
0.00232831
0.00120469
0.00146234
-3.83402e-05
-0.00102164
-0.000902766
-0.000889933
-0.000620621
2.46996e-05
-0.000988467
-0.00122276
-0.000197642
4.07311e-05
0
-0.0013636
-0.001749
-0.00201515
-0.000923792
-0.000308545
-0.000105087
-0.000250521
3.39218e-05
0.000155997
0.000110742
0.00190593
0.00106466
0.000479577
-0.0010599
-0.00180909
0.00168373
0.00323013
0.00148629
0.00406511
-0.000562011
0.00385917
0.00204342
0.000205439
-0.000271973
-4.20128e-05
0.000266371
0.00359649
-0.00367354
0.000871804
0.00252626
-0.000271126
-0.000800208
-0.00136427
0.00267743
0.000431788
0.00207566
-0.00286629
0.00162114
0.00394173
0.00124235
0.00337462
0.00240408
0.00287415
0.00513485
0.00187608
0.00181695
0.00679168
0.010553
0.0110052
0.00123084
0.000608886
0.00647567
0.00242388
0.00569105
0.00416689
0.00373372
0.00167236
0.000230298
0.00137589
0.000745452
-0.000734447
-0.00308964
-0.00186778
0.0118439
0.00168853
0.000846662
-0.000161875
-0.000158716
0.000182447
0.000428564
0.00019033
-1.26427e-05
-0.000102579
0
0.000189378
2.96584e-05
-5.10284e-05
0
0
7.87414e-05
0.00035443
-2.9549e-06
-5.75836e-05
0
0.000117872
0.000281008
0.000112607
3.21129e-05
0
0.00160642
0.00101967
0.000601651
0.00110299
0.000503326
0.00095786
0.00139745
0.00244806
0.00296777
0.000791301
0.00205677
0.00200043
0.00102048
0.000169676
-0.00315789
0.000213675
0.000454965
0.000245433
-0.000124372
7.2547e-05
0.000467112
0.00192314
0.00221346
0.00134081
7.43473e-05
0.00043764
0.00172302
0.00160777
0.000773012
-0.000573924
0.00133138
0.00170617
0.000364759
0.000157505
-0.000762797
0.0013072
0.00286288
0.00266174
0.00191698
0.000973796
0.000346359
0.00235702
0.000738597
0.00310261
0.00318993
0.00287633
0.000411733
0.00034814
-0.000350545
-0.000295183
0.00403509
0.00145663
-0.000237869
