# 1 157 (number of hyperplane, dimensionality of hyperplane)
# 0 (added bias feature? 0:no 1:yes)
0.000623466
0.000451744
-8.17833e-05
0.000418263
3.13763e-05
0.000195368
-7.15144e-05
6.95192e-05
0.000137108
0
8.41378e-05
5.97504e-05
5.24157e-06
0
0
0.000200665
7.61989e-05
5.82485e-05
0.000162918
0
0.000170621
-0.000131257
-3.22465e-05
8.87798e-05
0
-0.000302923
-0.000205165
3.93305e-05
-0.000339151
0
-3.78946e-05
-0.000628294
3.56428e-05
0.00111492
-2.8745e-05
0.000224932
0.000510304
0.0017572
0.00123155
0.000279646
0.00146171
0.00168678
0.00284863
0.00209344
6.42072e-05
0.000917768
0.000557098
0.00307833
0.00246256
5.66812e-05
-0.000992007
0.000264398
0.00146955
0.000401442
1.07003e-05
0.000260241
0.00136373
0.000231183
0.0010344
4.20268e-05
0.0011922
0.00151946
0.0019885
0.00263974
0.000676503
0.000535734
0.00179815
0.000544736
0.00286163
0.00275017
0.00200328
0.00114833
0.00053159
-0.000626638
0.00063211
0.000926339
0.000968351
0.000945735
0.00281154
-0.000300982
-0.00145957
-0.000328859
0.000539291
0
8.47728e-05
2.4718e-05
6.3551e-05
7.06383e-06
0
3.50527e-05
2.868e-05
1.05158e-05
0
0
4.20623e-05
4.5888e-05
0
0
0
0.000160079
4.08411e-05
4.49016e-05
3.39677e-07
0
-0.000291058
-0.00107414
-0.000308481
-0.000320635
0
0.000817079
-0.000347932
-0.000449323
-6.92039e-05
3.77361e-05
0.000500712
0.000783867
0.000195377
0.000486013
-0.00016842
0.000808505
0.000683795
-0.000430972
0.000986141
-0.00011077
0.000963643
0.000280566
-0.000133631
0.000796643
7.71252e-05
0.000523029
0.000754074
0.000719222
0.00097614
-9.05746e-06
0.00098125
9.71752e-05
-0.000199298
0.000831449
-3.20746e-05
0.000128802
0.000168263
0.000119335
-0.000190122
-0.000369968
0.000518152
0.000543107
0.00191764
0.000319338
-0.000225244
-4.9548e-05
0.000302923
-0.00105006
-0.000816251
-0.00011599
0.000749821
0.000689461
-0.000212915
