# 1 157 (number of hyperplane, dimensionality of hyperplane)
# 0 (added bias feature? 0:no 1:yes)
0.000146906
-0.00866564
0.0320892
0.00466696
0.00633906
0.00624916
0.00155742
3.31437e-05
1.33733e-05
0
0
0
0
0
0
0
0
0
0
0
0.00301824
0.000295773
0
0
0
-0.00908173
0.000542335
0.0189663
-0.00830933
0.037076
0.00468708
-0.0057871
-0.00147847
0.0191642
-0.0159588
0.0217937
-0.00526757
-0.0013437
0.00949882
-0.00208645
0.026115
0.00278773
-0.000406405
0.0135578
-0.0114863
-0.020257
0.0154014
-0.0178534
0.0214599
-0.0155306
0.00963406
-0.00292389
-0.00571742
0.0151429
0.0162167
0.00347752
-0.00510385
-0.0199388
0.0119454
0.00691221
0.00394703
-0.0129646
-0.00604976
0.0249217
0.00346489
0.000500876
0.0185419
0.00612955
-0.00271418
0.0042175
-0.0311843
0.00198706
-0.0113873
0.0244217
-0.00019715
-0.000276689
0.00446496
-0.010603
0.00422726
0.0167278
-0.00068981
0.0131713
0.00932002
0
0.00324236
0.00161372
0
0
0
0
0
0
0
0
0
0
0
0
0
0.00250284
0.000392967
0
0
0
-0.0117954
-0.00751501
-0.0144902
0.0200579
0.00720065
-0.00713316
-0.00273106
-0.0109648
-0.000817666
-0.00554124
-0.00994222
-0.00488978
-0.00853933
0.000719291
0.00168381
-0.00560019
-0.0189604
-0.0163106
0.00667901
0.000284004
-0.0314549
-0.0105641
-0.0146427
-0.0129786
0.017426
0.00181676
-0.00321567
0.00895909
0.00150879
0.0241947
0.0150162
0.00707219
0.00444791
-0.00865087
0.0129999
-0.00431513
0.0189148
0.0160838
-0.00248685
-0.00401579
-0.000310979
0.0191779
0.0156049
-0.00665307
-0.00148705
0.00763103
-0.0150846
0.00795603
-0.0152639
-0.0113334
0.0076997
0.0115484
0.00293314
