# 1 157 (number of hyperplane, dimensionality of hyperplane)
# 0 (added bias feature? 0:no 1:yes)
0.010075
-0.0112373
-0.0456429
0.0297102
0
-0.0111446
0.00195998
0.00394164
0
0
0.00143946
0.00117777
0.00275894
0
0
0
0
0
0
0
-0.0183816
-0.00890315
0.00130258
0.000956595
0
0.00269157
-0.00404874
-0.00533568
0.0230686
0
0.00275983
-0.00142769
-0.0118161
-0.00587925
0.00018429
-0.00783584
-0.00128432
0.0115773
0.0160832
0.0045164
-0.00817313
-0.0122752
-0.00290764
0.0204324
0.0193914
0.00371183
0.0122981
-0.00183237
0.00882901
-0.0142072
-0.0111487
-0.00229726
-0.00611788
0.0220479
0.00103084
-0.00457068
0.0165386
0.00792221
0.0412537
0.00741596
-0.000905687
0.0188365
-0.0175344
0.0126083
-0.000354878
-0.000572212
-0.000738492
0.0130218
0.0177914
0.012757
0.0156232
0.00300454
0.00207643
-0.000885118
-0.000297133
-0.017108
0.0407591
-0.0170778
0.0187684
0.00543391
0.00629755
-0.0255182
0.00931613
0
0.00365093
0.00186727
0.00243617
0
0
0.00224366
0.00183576
0.00430028
0
0
0
0
0
0
0
0.0049269
0.00947789
8.68357e-05
0
0
3.10067e-05
0.0265567
0.00875095
0.00351495
0
-0.00382777
0.0249683
-0.00253081
-0.0156985
0
0.00379659
0.00319172
-0.0173824
-0.0212873
0.00486015
-0.0302446
0.0363579
-0.0210511
-0.0166473
0.00507831
0.0106248
0.0107601
0.00804937
0.00488198
-0.0134213
0.00632348
0.0376272
0.0121976
0.0155981
0.00878172
0.00650727
0.00535608
0.00145691
0.00314042
0
-0.0053421
-0.00823447
0.0147556
-0.0181037
-0.00849622
0.00327669
-0.00279855
0.0243341
-0.00366076
-0.00179794
-0.0293618
-0.00228371
-0.00075925
-0.000753385
-0.000322671
-0.00880245
-0.00824506
0.00867244
