# 1 157 (number of hyperplane, dimensionality of hyperplane)
# 0 (added bias feature? 0:no 1:yes)
9.32552e-06
-0.000573762
-9.84663e-05
9.66217e-05
-0.000666784
-1.4971e-05
-0.000206822
-0.00013394
-2.6657e-05
0
7.66615e-05
6.70504e-05
3.86574e-05
-2.4534e-05
0
0.000157937
0.000100388
3.12053e-05
0.000114096
0
7.01493e-05
-0.000253877
-0.000269878
-0.000376785
0
0.000569497
0.00120478
-0.000546218
-0.00132318
-0.000776239
0.0022248
0.000997423
0.00104474
-0.000618425
-0.000687426
0.000687513
0.00196916
0.0026834
0.00330916
-0.000346749
0.00236233
0.00059667
0.00262159
0.00310457
0.000873603
0.00237681
0.00038435
0.00242141
0.0022683
0.00141726
-0.000232815
0.00139005
0.00208594
0.0016816
-0.000514113
0.00097998
0.000583953
0.000166454
-0.00229755
-0.00104878
0.000899032
0.0010889
0.00191939
0.00309166
0.000835243
6.62678e-05
0.000880327
0.000827514
0.0030707
0.00292415
0.00248676
0.00144422
0.000719419
0.000849289
-0.000575255
0.00304815
0.00320422
0.00329315
0.00339911
-0.000712914
-0.00187329
-0.000672748
-0.000993589
0.00019285
0.000277124
6.44175e-05
-2.97007e-05
2.29504e-05
0
8.05015e-05
5.67752e-05
1.26825e-05
6.60349e-06
0
0.000296574
0.00011905
0.000119421
0.000112616
0
0.000296826
0.00012973
0.000135142
0.000169018
0
-0.000557794
-0.000382806
0.000140288
0.000311508
0.000141584
0.000333058
-8.31057e-07
0.000223076
0.000607569
0.00012263
0.00099628
0.000866014
0.000120436
0.000606731
0.000146854
0.000973015
0.000882171
0.000987757
0.000592909
0.000108837
8.78134e-06
0.000686792
0.000502718
0.00012103
-5.5859e-05
0.00072411
-0.000241402
-0.000282151
0.00126268
8.71265e-05
0.000198432
-0.000725819
-3.39486e-05
0.000323126
0.000145314
0.00117338
0.000747675
0.000110356
-0.000252493
0.000604059
0.00059144
0.000849373
0.00239055
0.000276513
0.000840505
0.000854855
0.0010682
0.000778083
0.00106038
-0.000878122
0.0019398
0.00116012
1.41607e-05
