# 1 157 (number of hyperplane, dimensionality of hyperplane)
# 0 (added bias feature? 0:no 1:yes)
-0.00010347
0.000282406
-5.19566e-05
-0.000212971
-0.00022696
-0.00099883
-0.000453
-0.000442852
-0.000834614
-0.000326783
-0.000699581
0.00037999
0.000936822
-0.000512084
-0.000394248
-0.000934628
0.000369172
-0.000255612
-0.000714456
-0.000321681
-0.000859161
-0.000683539
-0.000992195
-0.00128774
-0.000231227
0.00036378
0.000695018
0.000248088
-0.00104755
-0.000164086
0.00135401
0.00175545
0.00136283
0.000482989
0.000496952
0.00187345
0.00242738
0.00232688
0.00171591
0.000246105
0.0011689
0.00217912
0.00270695
0.00083886
-0.000165481
-0.000403729
0.00168928
0.00208992
0.000905301
-0.000271996
0.00197757
0.00263897
0.00196841
0.00212823
0.000767816
0.0012213
0.000874058
0.00049979
0.00173986
0.00226822
0.000889842
-0.000879903
0.000829908
0.00269999
0.00181725
-0.000963448
0.00247912
0.00618022
0.00204248
0.0018953
0.0015626
0.00127604
4.57762e-05
0.00087193
0.000528796
0.00235383
0.000341095
0.00108136
0.00352047
0.000124816
-0.000243002
-0.000574639
0.000427781
0.000288745
-0.000182003
-0.000207023
-0.000492757
-0.000403786
-2.94865e-06
0.000531766
0.000499064
0.000606483
0.000187976
0.000142379
0.000186814
0.000257574
0.000270271
-0.000607864
-3.79318e-05
0.000189988
-0.000307448
-0.000677463
-0.000743304
-0.00079704
-0.000144727
0.000224491
0.000463619
-0.000702799
-0.00183371
-0.00143041
0.000109682
0.00126588
-0.00021675
-0.00174928
0.000784262
0.00131623
0.000700711
0.000414878
-0.00150321
0.0021039
0.000632425
0.00190557
0.00106575
-0.000269371
0.00160956
0.000330291
0.00105846
0.00060186
0.000441994
0.0012156
0.000986279
-1.71675e-05
0.00116859
-0.000303526
-0.000214746
-0.000538599
0.000269775
0.0013
0.00105456
0.000701245
-0.000557343
-0.000154428
-0.00050925
0.000103652
0.000620815
-0.00034613
0.0018024
-0.000224324
-0.000510676
0.000446466
0.00115559
0.000268955
0.000111592
-0.000311558
7.37318e-06
-7.69394e-05
-5.12916e-05
