# 1 157 (number of hyperplane, dimensionality of hyperplane)
# 0 (added bias feature? 0:no 1:yes)
0.000141591
0.000147652
9.20344e-05
7.36718e-05
3.53014e-05
-1.50132e-05
-9.71935e-06
-6.22188e-06
-1.45464e-05
-7.60446e-06
-6.63563e-06
9.66638e-06
1.65755e-05
-4.16001e-06
-6.91833e-06
-1.15739e-05
6.21713e-06
-7.12934e-07
-1.20436e-05
-4.67823e-06
-1.79188e-05
-1.54621e-05
-1.83956e-05
-2.06195e-05
-3.85053e-06
0.000207552
0.000203197
0.000110431
6.86362e-05
4.85747e-05
0.000336378
0.00039143
0.000367511
0.00037656
0.000158224
0.000357352
0.000568324
0.000467097
0.000478232
0.0001329
0.000271083
0.000508998
0.000469175
0.000402425
0.000104906
0.000214688
0.000462486
0.000468163
0.000374008
0.000119908
0.000338367
0.000530498
0.000505416
0.000510901
0.000169211
0.000266323
0.000334428
0.000352784
0.000396727
0.000183841
0.000239231
0.000340045
0.00047535
0.000656243
0.000179606
6.19421e-05
0.000394219
0.00026294
0.000475501
0.000466109
0.000457583
0.000269067
0.000206352
0.000220127
0.000235136
0.00046385
0.000380021
0.000383808
0.000958066
9.05019e-05
2.75249e-05
1.64498e-05
4.07885e-05
1.10069e-05
6.83663e-06
-2.09643e-06
-8.76967e-06
-1.17364e-06
3.19819e-06
9.17594e-06
5.68305e-06
6.02496e-06
3.67491e-06
3.84699e-06
6.19569e-06
4.6711e-06
3.78123e-06
-3.2527e-06
7.74666e-07
1.73738e-05
4.52418e-06
-5.20509e-07
-1.63692e-06
-5.89513e-06
8.87011e-05
3.02083e-05
2.22958e-05
2.28229e-06
-2.92567e-05
1.52507e-05
4.29677e-05
8.7957e-05
4.19818e-05
-3.73394e-05
0.000103358
0.000119708
6.16079e-05
5.92803e-05
-2.36982e-05
0.000167797
0.000141346
0.000117436
9.90223e-05
2.94596e-05
0.000132925
0.000108434
0.000101956
7.23176e-05
5.41016e-05
0.000109898
0.00011923
5.90083e-05
9.63272e-05
1.1217e-05
7.14393e-05
5.24839e-05
8.35775e-05
9.9451e-05
1.91238e-05
0.000163183
0.000121064
9.82703e-05
8.47855e-05
4.54872e-05
0.000122269
0.000128394
0.000368017
0.000103726
7.77964e-05
0.000130396
0.000123632
9.87725e-05
9.45834e-05
2.38475e-05
0.000179384
0.000186124
0.00021283
