# 1 157 (number of hyperplane, dimensionality of hyperplane)
# 0 (added bias feature? 0:no 1:yes)
0.00440896
-0.00617535
-0.000606406
0.000486914
-0.00456612
0.00246112
-0.00619559
0.005887
-0.0140637
-0.042004
-0.0226243
-0.0188756
0.0655471
-0.0528993
-0.073564
-0.0338653
0.0756214
-0.0331257
-0.0692905
-0.0160295
0.0137806
-0.00429594
0.00302704
-0.0177006
-0.033987
-0.00481204
-1.2922e-05
-0.015465
0.00513031
0.00101145
0.00696634
0.00222304
-0.000997643
0.00197989
0.00731895
-0.00527561
-0.00111532
0.00154336
0.00342746
0.0040742
0.00132605
0.0059658
0.00400472
-0.00137974
-0.00593935
0.000156554
0.00146579
-0.00148097
0.00564705
0.00230309
-0.00260876
0.00570029
0.00341379
-0.0054867
0.00130833
-0.000867849
0.00356646
0.00896628
-0.000244438
-0.00121451
0.000767052
-0.000363054
0.00305893
0.00661579
-0.00594815
0.00697615
0.00440144
0.0202724
0.000933984
-0.00397694
0.00298998
0.00942174
-0.00347227
-0.00414453
-0.000242942
0.0109456
-0.00824034
-0.00369706
-0.00168799
0.0111363
0.000461562
-0.010472
0.00517305
0.0113733
5.84586e-05
0.00392528
-0.00686079
-0.00784364
-0.0253311
0.000146436
-0.0187689
0.0674869
-0.0488381
0.0983917
-0.0224078
0.0641323
0.00826021
-0.0889698
0.0196459
0.0375657
-0.00110013
-0.00220366
-0.0215247
-0.0637966
0.00452479
-0.0089217
0.00796624
0.00289044
0.000150389
-0.00327352
0.00758626
0.00392494
-0.000539081
-0.00341585
0.0104417
-0.00234644
-0.00275524
0.000270844
-0.00277809
0.0151873
0.00339615
0.00498528
0.00322539
0.00493768
0.00971319
0.0106644
0.00658534
-0.00452041
0.0113351
0.00637657
0.00227187
0.00326452
0.00523926
-0.0059426
-0.00202257
0.000615989
0.00104606
0.0118925
0.0113607
-0.00238938
0.0004974
-0.00150352
-0.000872396
-0.00598804
0.0037385
-0.000284755
0.00583147
0.00260192
0.00605164
0.00195567
0.00839111
-0.0156957
0.00763848
-0.0115903
-0.00192891
-0.00799434
0.00248415
