# 1 157 (number of hyperplane, dimensionality of hyperplane)
# 0 (added bias feature? 0:no 1:yes)
-0.000293464
0.000405096
-0.00064679
-0.000355224
-9.09235e-05
-0.00202207
-0.000356099
-0.000702421
-0.00365869
-0.00188621
-0.00361395
0.00119645
0.00408598
-0.00261297
-0.0021251
-0.00425121
0.00288235
-0.00148587
-0.00518666
-0.00236655
-0.000275682
-0.00109938
-0.00182671
-0.00471788
-0.00226992
0.000355421
0.000884651
0.000212653
-0.00109462
-0.000924618
0.00153243
0.0021009
0.00137413
0.000168153
5.19199e-05
0.00232983
0.0023386
0.00249489
0.00165207
-0.000503255
0.00148881
0.0022179
0.00335367
0.000518524
-0.000249249
-0.000746974
0.00187448
0.00212653
0.000871681
-0.000398714
0.00223079
0.00273663
0.00170851
0.00214927
0.000789417
0.00127334
0.000636947
3.57104e-05
0.00167323
0.00389127
0.00119797
-0.00177315
0.00119842
0.00268339
0.00253504
-0.00138903
0.00312184
0.0131251
0.0021505
0.00185827
0.00144947
0.00139607
-0.00021662
0.00107399
0.000388937
0.00274124
9.95057e-05
0.000900063
0.0026234
0.000357612
3.95816e-05
-0.000804241
0.00109133
0.00100549
-0.000735011
0.000529291
-0.000749687
-0.0025139
-0.000831498
0.000523317
0.00101811
0.00331698
-0.000561597
-7.26454e-06
-0.00157027
0.00193666
0.000948548
-0.00593869
-0.000767931
0.00197732
-0.00047935
-0.0012831
-0.00368781
-0.00374871
-0.000129658
0.000702969
0.00150086
-0.00066879
-0.00336443
-0.00162052
0.000973888
0.00243453
-0.000133147
-0.00286687
0.00137614
0.0018383
0.00138177
0.00069552
-0.00312478
0.00315695
0.000857673
0.0034003
0.0017226
-0.000870683
0.0023064
0.000502029
0.00174137
0.000981936
0.00035452
0.00161673
0.00144691
0.000250377
0.00163029
-0.000152834
-0.000308461
-0.00049299
0.000992605
0.00165381
0.00296101
0.000774696
-0.000929389
0.000306784
-0.000673334
0.000188835
0.000608627
-0.000473967
0.00280633
-0.000407637
-0.000579961
0.000352458
0.00129575
0.000159505
5.17579e-05
-0.000458055
-6.98017e-05
-0.000258978
-4.55418e-05
