# 1 157 (number of hyperplane, dimensionality of hyperplane)
# 0 (added bias feature? 0:no 1:yes)
0.000199135
0.00031653
0.000159516
4.44064e-05
2.55764e-05
-0.00016327
-9.27604e-05
-5.17468e-05
-0.000124903
-5.3042e-05
-4.95831e-05
0.000108214
0.000178897
-3.87244e-05
-5.3102e-05
-0.0001139
4.94352e-05
-1.06977e-05
-0.000103743
-4.38427e-05
-0.000179097
-0.000136173
-0.000177284
-0.000198971
-3.17143e-05
0.000419053
0.000595114
0.000231813
-0.000141618
0.000134339
0.00106546
0.00139402
0.00112763
0.000963553
0.000583109
0.00122403
0.00190219
0.00161133
0.00150684
0.000403029
0.000745441
0.00173434
0.00175565
0.00103351
0.000147867
0.000297771
0.00145313
0.00155775
0.000936344
0.000152756
0.00116029
0.00193988
0.00163798
0.00166273
0.000562158
0.000776242
0.000932904
0.000855246
0.00133682
0.000860534
0.000525008
0.000504455
0.00106317
0.00198924
0.00075944
-0.000243541
0.00130295
0.00144823
0.00155069
0.00151504
0.00147645
0.000759999
0.000322589
0.000567469
0.000546816
0.00163235
0.000970272
0.00111738
0.00285828
0.000214201
-7.04308e-05
-8.62448e-05
0.000121206
4.54279e-05
-6.71733e-06
-4.1775e-05
-0.000103388
-4.17377e-05
6.73444e-06
6.93923e-05
4.47339e-05
4.71888e-05
2.40235e-05
2.4287e-05
5.11488e-05
4.57269e-05
3.40829e-05
-4.38872e-05
4.42068e-06
6.19477e-05
-2.01325e-05
-6.42878e-05
-5.04664e-05
-7.00541e-05
0.000163148
-1.31424e-05
3.1783e-05
-0.000155182
-0.000327157
-0.000382643
-2.67926e-05
0.000346277
-9.45362e-07
-0.000382197
0.000428104
0.00054097
0.000234283
0.000188188
-0.000282369
0.000854523
0.00055746
0.000656785
0.00046779
0.00012189
0.000720631
0.000380666
0.000489072
0.00031255
0.000264818
0.000547122
0.000515635
6.84075e-05
0.000478023
-4.73054e-05
1.56323e-05
-7.50691e-05
0.000233715
0.000530896
0.00016194
0.000566536
0.000155678
3.35292e-05
-6.47323e-05
3.00266e-05
0.000557357
0.000274125
0.00115308
5.30894e-05
-0.000170416
0.000237884
0.000597137
0.000309737
0.000270638
-7.74838e-05
0.000297319
0.000323381
0.000312894
