# 1 157 (number of hyperplane, dimensionality of hyperplane)
# 0 (added bias feature? 0:no 1:yes)
-0.000148841
0.000724282
-0.00104909
-0.000135201
-0.000304231
-0.0016241
-0.000763891
-9.9392e-05
-0.00586555
-0.00395363
-0.00657992
-0.000169945
0.0107061
-0.0108765
-0.00438444
-0.00806639
0.00987606
-0.00279929
-0.0141127
-0.00711232
0.00121738
-0.00254101
-0.00160374
-0.00569022
-0.0195209
0.00013974
0.00100904
0.000198772
-0.00092049
-0.00102592
0.0013957
0.00201556
0.00133378
0.000119233
-7.44096e-05
0.00239378
0.00240778
0.00242937
0.00185326
-0.000549361
0.00133322
0.00216683
0.00336079
0.000567712
-0.000492142
-0.000750645
0.00180105
0.0020456
0.00111137
-0.000370348
0.002509
0.00293686
0.00187868
0.00219055
0.000739905
0.00128602
0.000686381
-5.95712e-05
0.0016611
0.00440662
0.00153559
-0.00214945
0.00151541
0.00245733
0.00277683
-0.00128946
0.00324714
0.0160274
0.00261199
0.00174918
0.00121064
0.00145681
-0.00029601
0.00111308
0.000528853
0.00286205
-2.6888e-05
0.000616405
0.00127334
0.000768659
0.000495574
-0.000221443
0.00201032
0.0016452
0.000374692
0.00108538
2.20807e-05
-0.00402629
-0.0022518
-0.000731664
-0.000571456
0.010813
-0.00852992
0.0025593
-0.0046649
0.00877701
0.00251184
-0.0168071
-0.00263363
0.00500274
-0.00150453
-0.000350666
-0.00474218
-0.0210471
6.10567e-05
0.0011079
0.00261153
6.74425e-05
-0.00335395
-0.00137872
0.00142893
0.00348115
0.000422767
-0.00244569
0.00193506
0.00237153
0.00217169
0.0012043
-0.00302919
0.00356285
0.001057
0.00422489
0.00233119
-0.000651505
0.00287068
0.000719528
0.00251056
0.00185394
0.000798395
0.00227875
0.00175445
0.000780494
0.00250504
0.000137281
6.77381e-05
-2.00997e-05
0.00169118
0.00243474
0.00432488
0.000944734
-0.000978066
0.000170143
-0.000693816
0.000297045
0.000672857
-0.000414381
0.00320956
-0.000366027
-0.000547447
0.000458858
0.00139224
0.000149473
1.49054e-05
-0.000219443
-5.34869e-05
-0.00029837
-3.75345e-05
