# 1 157 (number of hyperplane, dimensionality of hyperplane)
# 0 (added bias feature? 0:no 1:yes)
-0.00231146
-0.00272365
0.00771333
0.0060809
0.000231853
0.00677112
0.00513917
-0.00597848
0.00250166
0
-0.00233048
0.00378091
0.000353918
-0.0045852
0
-0.000214202
-0.00167074
-4.5296e-05
0.00302541
0
0.00274891
-0.00312844
-0.00527457
-0.000333498
0
-0.00205128
0.00313264
0.000995874
0.00371856
9.53492e-05
-0.000378996
0.00367178
-0.00134934
-0.000766706
0.00171445
0.00026476
0.00464078
0.00292362
-0.00124826
0.00220963
-0.00176664
-0.000247977
-0.00150935
-0.00212545
-3.32695e-05
-0.00461074
-0.00263714
0.000295081
0.00148649
-0.0019056
-0.0066511
0.00834282
0.00398811
-0.00189777
0.00128066
0.00285879
-0.000910818
0.00390816
0.00137398
0.00252665
0.00174176
0.000567185
0.00147655
0.00093066
0.00112472
0.000641017
0.000440183
0.00337166
0.00913026
0.00482813
0.00378031
0.00383704
-0.0073819
0.000354455
-0.00133625
0.0096196
0.00738861
0.0145715
0.00610278
0.000192929
0.00449214
0.00247068
0.00309216
0
-0.0020074
-0.00119803
0.000185367
0.00216343
0
0.0017324
0.00164063
0.000100997
-0.00380828
0
0.00102194
-0.00295868
0.000972654
0.000302989
0
0.00307451
-0.00360783
-0.00181568
0.000480073
0
-0.00287542
0.000289068
0.00243922
0.0025358
3.30319e-06
0.00416122
0.0037134
-0.00466997
-0.00275512
0.00173733
-0.00095384
0.00538854
0.000464192
0.000120007
0.000450906
-0.00408223
0.00400521
-0.00838763
0.00469131
0.000119051
-0.00176905
-0.00392006
-0.00200673
0.00119617
-0.00170869
-0.00300543
0.00277253
-0.00311534
0.0057267
0.000259711
0.000993567
-0.00185966
-0.00382838
0.00367338
0.00029108
-0.000313229
-0.00266351
0.00205525
0.000139692
0.00106431
-0.00143107
-0.00324381
0.00205825
0.00405864
-0.0003106
0.00403769
0.00180171
-0.00438651
0.00193019
-0.00411099
0.00360888
-0.00601678
0.00143042
