# 1 157 (number of hyperplane, dimensionality of hyperplane)
# 0 (added bias feature? 0:no 1:yes)
0.000840486
-0.000999747
0.00287928
-0.0126048
0.0110189
0.00321878
0.00433583
-0.023618
-0.0283429
0.0122853
-0.0196453
-0.00171654
0.0172441
0.00767108
0.00276869
-0.0109742
0.0143597
-0.0146166
-0.0195085
0.00069714
0.000217126
-0.00980187
0.0196233
0.0231358
0
0.000737363
-0.00138587
0.00461518
-0.00250685
0.0258104
0.00130582
-0.000760337
0.00118179
-0.00114831
-0.00950412
0.000806231
-0.00024405
-0.000504753
0.000490877
0.00203383
0.00132467
-0.000494956
0.000486972
0.000363439
0.00442524
0.000862976
0.000163206
5.34865e-05
-0.000363165
0.00134573
0.00147238
-0.00107019
0.00279747
0.000851494
-0.0129966
-0.000519563
-0.00105592
0.00174101
-0.000322761
0.00516456
0.00186666
-0.000462222
-0.00035261
0.00052364
0.00106982
0.000827812
0.000213648
0.00322589
0.000112519
-0.00111717
-0.000387287
0.000848073
0.000359087
0.000310793
0.000358596
0.000613597
-0.000221333
0.000643699
-0.00091264
0.00144265
-0.00065652
0.00251179
-0.0109962
0.00997891
0.00498728
0.00267819
-0.0240223
-0.0271374
0.0112199
-0.0209512
-0.000600454
0.017274
0.0114437
0.00261909
-0.00999751
0.0141361
-0.014475
-0.0189637
0.000147963
0.000439497
-0.00982957
0.0182672
0.0227181
0.000555549
0.00399726
-0.00214415
0.00526768
-0.00241574
0.0219449
0.000940612
0.000798429
0.00106773
-0.000478894
-0.0106289
0.000127396
0.000401852
-0.000481473
0.00118859
-0.00202924
0.00191831
-0.000858446
0.00097707
0.00090704
0.00151085
0.000629624
0.0013002
0.000643842
-0.000794019
-0.000148752
-0.000961107
-0.00106393
0.00449909
-0.000426985
-0.0101142
-1.63213e-05
-0.00057904
0.00353568
0.000195759
0.00546726
0.00230292
-0.000641544
0.000892211
-0.00117992
0.000931488
0.00142472
-0.00115536
0.00227605
6.05741e-05
-0.00117501
6.76541e-05
0.00111431
0.00153208
0.000188704
0.000184986
-9.81556e-06
-0.000438652
0.000584543
