# 1 157 (number of hyperplane, dimensionality of hyperplane)
# 0 (added bias feature? 0:no 1:yes)
0.0129048
-0.00147222
-0.00405169
0.00978985
0.10521
0.0566126
-0.0820084
0.021069
0.0294482
0.00238427
0.158529
-0.109065
0.0893148
-0.0775393
0
0.130395
-0.284851
0.204628
0.0734192
0
-0.0127398
0.052242
-0.146764
0.0455978
0
0.0283395
0.0150726
-0.0480008
0.0151976
0.220437
-0.011804
0.0200944
-0.0106383
0.0125116
-0.099189
0.0177405
-0.0168988
-0.00550735
-0.00206383
0.464368
-0.000570229
-0.0182932
-7.00825e-05
0.0235263
0.503511
0.00739715
0.00206746
-3.59037e-05
-0.0129704
-0.290185
0.00320951
-0.00648182
-0.00143787
-0.00276133
0.204947
-0.000633863
-0.0324995
-0.000274429
-0.0108441
-0.0549928
0.037513
-0.00310707
-0.0107679
0.00665167
0.0629807
-0.0264573
0.0118724
0.0268265
0.012281
-0.0148328
0.00191303
0.00312481
-0.0113744
0.0152046
-0.0104119
0.0249249
0.0408306
0.0521119
0.0874239
0.014167
-0.0452285
-0.088384
-0.0324639
0.0588543
0.0503289
-0.149519
-0.00541434
-0.019474
0
0.0278798
0.0392231
-0.152596
0.316797
0
0.173034
0.163614
0.138441
0
0
0.29491
0.186631
0.140924
0
0
0.0733601
-0.0230888
-0.113598
-0.0146358
0.0637016
-0.00384634
-0.096617
0.0384392
-0.0482302
-0.174389
-0.0204427
-0.0362325
-0.0335162
-0.112116
0.732527
-0.0245394
-0.0119037
-0.0868404
-0.0737045
0.210274
-0.0370355
-0.0297505
-0.0251384
-0.097656
-0.151836
-0.0263915
-0.0527066
-0.0269654
-0.100319
0.182905
0.0528424
-0.0590228
-0.0568403
-0.073989
-0.134109
0.0139445
-0.0213655
0.0123655
0.0119491
-0.00453439
0.019197
-0.00812732
0.0644118
-0.00989918
-0.0156911
0.0250758
-0.000582013
0.0062038
0.0149699
-0.0122913
-0.0122499
-0.00953689
0.00355903
