# 1 157 (number of hyperplane, dimensionality of hyperplane)
# 0 (added bias feature? 0:no 1:yes)
0.00196988
0.00140547
0.00105541
0.000390766
0
6.25752e-05
-2.0445e-05
-0.000176729
1.1489e-05
0
-0.000211763
-0.000173264
-0.000405874
0
0
0
0
0
0
0
0.000162623
-0.000110905
1.28689e-05
2.73415e-05
0
0.000849616
-0.000463473
-0.000718885
0.000172878
1.54427e-05
-0.000476578
7.19712e-05
0.000585994
0.00350415
0.000875268
0.000620889
0.00383212
0.00044035
0.000825785
0.00113867
-0.00016618
0.00245341
0.000935548
0.00399309
-0.00122044
0.000108409
0.00242096
0.00179948
0.00209741
-0.00171446
0.00060486
0.00335125
-0.000424444
0.000910216
0.00210554
0.00223942
0.00187909
0.0018044
0.00154714
0.000495613
0.00343822
0.00205702
0.00247607
0.00324039
0.00167194
0.00183491
0.00207063
0.000162216
0.00226141
0.00196889
0.00166969
0.000399251
0.000994518
0.000498403
0.000546579
0.000349579
0.00055407
0.00232679
0.00554527
0.000819371
0.000287652
6.37581e-05
1.23647e-05
0
7.8256e-05
5.21212e-05
0.000155208
1.40877e-05
0
0
0
0
0
0
0
0
0
0
0
4.04435e-05
8.85768e-06
8.15821e-07
3.2098e-07
0
0.00147088
0.000786006
0.000819507
0.000107029
0
3.35871e-05
0.000219604
0.000506147
0.000492928
0
0.000118985
-7.28341e-05
0.000873136
0.0015527
0
0.000282823
0.00024851
0.000904795
0.000215603
0
1.9281e-05
-2.76232e-05
0.000414791
0.000292593
-0.000265934
-0.000279639
0.00089864
-0.000262906
0.000523821
0
0.00127132
0.000535705
-0.000703523
0.000378092
0
0.000129379
-0.000304963
-0.000345151
-0.000286309
0.000368926
-0.000248856
3.86687e-05
0.00171531
0.00186029
0.00186569
0.00147178
6.61785e-05
-0.000383225
-0.000192638
-0.000166973
0.00160627
0.00162236
0.001537
