# 1 157 (number of hyperplane, dimensionality of hyperplane)
# 0 (added bias feature? 0:no 1:yes)
0.00111594
0.00137128
0.000802083
0.000550916
5.52944e-05
0.00018295
0.00022483
0.000281412
0.000148653
2.06896e-05
0
0
0
0
0
0
0
0
0
0
-9.2282e-05
1.46151e-06
6.92721e-05
6.88522e-05
2.2222e-05
0.000430828
1.60806e-05
-0.000253113
-0.000349604
0.00027812
0.0010305
0.000420698
2.17035e-05
-0.000600869
0.000586336
7.4076e-05
0.00166294
0.0014056
0.00189181
0.000597084
0.000879514
0.00155871
0.00118275
0.000770607
0.000397513
0.00116857
0.000693222
0.00173327
0.000809927
0.000289449
0.000344383
0.000891971
0.00100379
0.000949292
0.00100355
0.000921913
0.000508404
0.00120585
0.000498394
0.00027285
0.000208761
0.00129665
0.00238732
0.00351344
0.000525429
-0.000328973
0.000774997
0.000785248
0.00156693
0.001745
0.00155971
0.000347161
0.000340849
0.000667169
0.000358295
0.002193
0.00216501
0.0019406
0.00316034
0.000197246
-0.000107452
-0.000414384
0.000220493
0.000101254
7.42507e-06
1.36125e-05
2.30822e-05
9.31355e-06
0
0
0
0
0
0
0
0
0
0
0
3.23614e-05
2.4736e-05
0
0
0
0.000572106
0.00059717
0.000390525
0.00052754
0.000151648
0.00063191
-0.000177674
0.000429271
0.000433936
6.56408e-05
0.000629997
5.26765e-05
-0.000127815
-0.000232797
-6.18338e-06
0.000485927
0.000126386
0.000296882
0.000231532
0.00045162
0.000291893
0.000165102
-5.74908e-06
-0.000222796
-0.000107854
0.000397435
0.000503023
-0.000169403
0.000179602
-5.95766e-05
0.000736483
0.000398908
0.00069719
0.000353946
0.000277286
0.000853645
9.16632e-05
-0.000182558
-0.00011581
0.000129414
0.000752373
0.000472301
0.00153022
5.41584e-06
0.000281977
0.000402759
-0.000122059
0.000284225
0.000249979
-0.000150339
0.000840807
0.000128054
0.000573225
