# 1 157 (number of hyperplane, dimensionality of hyperplane)
# 0 (added bias feature? 0:no 1:yes)
-5.84913e-05
6.30356e-05
-6.0503e-05
-0.000102623
6.90121e-05
1.71219e-05
1.78287e-05
1.66611e-05
2.28482e-06
9.84408e-07
0
0
0
0
0
0
0
0
0
0
7.87822e-06
-8.16933e-06
-7.0873e-06
-5.0049e-06
0
4.51439e-05
6.85281e-06
-0.000139881
-0.000133964
5.61894e-05
-5.88431e-05
7.20153e-05
0.000170614
9.76949e-05
6.76033e-05
3.74862e-05
6.21782e-05
-3.56658e-05
-0.000118636
0.000112818
-5.30219e-05
-6.22377e-05
0.000108528
0.000212042
9.98902e-05
-1.16925e-05
1.63837e-05
0.000119236
0.000281388
0.000189191
-0.000142728
2.80808e-05
-6.91251e-05
6.1073e-05
8.79825e-05
-1.01169e-05
6.81243e-05
3.01524e-05
-0.000196681
6.36458e-05
0.000123677
5.80636e-05
7.17554e-05
8.6923e-05
0.000185341
-6.40594e-05
0.000178349
3.16869e-05
0.000104076
5.75413e-06
-5.67262e-05
4.48422e-05
4.49711e-05
7.67624e-05
-5.7467e-05
0.000109714
7.93232e-05
-9.23021e-05
0.000170996
-6.47611e-06
-8.66926e-05
-2.22612e-05
2.80741e-05
1.35971e-05
2.16906e-05
7.089e-06
6.54134e-06
1.45502e-06
1.49802e-06
0
0
0
0
0
0
0
0
0
0
3.21965e-05
1.19105e-05
1.5374e-05
3.72505e-06
0
2.73833e-05
-2.79798e-05
-1.40392e-06
2.2803e-05
3.55084e-06
6.17851e-06
6.31978e-05
5.08553e-05
8.20381e-05
-6.90136e-06
2.3579e-05
6.68718e-05
6.3521e-05
-1.4991e-06
1.95212e-05
2.29821e-06
-5.24239e-05
0.000140082
8.5596e-05
-9.30083e-06
5.10314e-05
-6.40774e-05
4.18043e-05
-4.5049e-05
-5.63503e-06
3.25777e-05
9.57789e-06
8.91058e-06
-7.79384e-05
-6.91788e-05
2.44994e-05
-8.62571e-05
-3.74162e-05
-5.56328e-05
5.96107e-05
8.48465e-05
7.52508e-05
3.59554e-05
1.48227e-05
5.74214e-05
2.84908e-05
7.29606e-05
7.63381e-05
1.54353e-05
3.82642e-05
2.69506e-05
2.91147e-05
4.62224e-05
3.08781e-05
-7.28391e-05
-7.5275e-05
4.05688e-05
-0.000233098
