# 1 157 (number of hyperplane, dimensionality of hyperplane)
# 0 (added bias feature? 0:no 1:yes)
-0.00272557
0.00651309
-0.0031818
-0.00133893
-0.00478924
0.00856806
-0.0102984
-0.0131123
0.0126389
-0.220456
0.0882666
-0.0129067
-0.0863279
0.142733
0
-0.00408394
0.0119317
-0.156837
0.0364053
-0.112197
-0.13064
0.144345
-0.119438
-0.100985
0.325404
-7.28738e-05
0.00447314
-0.00282347
0.00628249
0.125166
0.00324637
0.000717145
0.00140351
-0.00480565
0.00309791
0.000462838
0.00264519
0.000585013
-0.000611835
0.00517443
0.00261937
0.00317978
-0.00312416
0.00303379
0.00162356
0.0164676
0.000356079
0.00185815
0.00420554
-0.0146512
0.00078341
-0.00621052
0.00103897
-0.00068495
0.00484729
0.00435147
-0.00170234
0.000225101
0.000802906
0.0075463
0.000435696
0.00374645
-0.00014114
-0.000729371
-0.00230638
0.00284863
-0.000339728
0.00801283
0.00454833
-0.00387448
0.00704854
0.000649605
-0.00429837
0.0010845
0.00168873
0.00387534
-0.00183797
0.0015798
-0.00821987
0.00165866
0.00230214
0.00601644
-0.00368225
-0.00160159
0.00942174
-0.0132849
-0.0106861
0.0185127
-0.210592
0.117004
-0.0143639
-0.0934834
0.145829
0
0.00380285
0.0136201
-0.146877
0.0308907
-0.126103
-0.119054
0.151952
-0.125645
-0.0923378
0.259301
0.0125713
-0.00114862
-0.00115044
0.006246
0.0995102
0.0124242
-0.00216151
0.00529511
-0.00338837
-0.0025926
0.0120898
0.00292683
0.00102059
0.0012762
-0.00633848
0.0120729
-0.00197845
0.00460388
0.00125791
0.00540506
0.0200077
0.00115902
0.00758572
-0.000604634
-0.00937237
0.00731327
0.00379479
-6.86673e-05
0.000626814
0.0220188
0.0123434
-0.00517355
0.00214208
0.00187992
0.0154664
-0.00114361
-0.00100025
0.000799332
0.00096073
-0.00393654
0.00290146
0.00229796
0.00137766
0.00898037
0.00200935
0.00613817
-0.00641321
-0.00310488
-0.00405202
-0.00524643
0.0030186
0.00269493
0.0027025
