# 1 157 (number of hyperplane, dimensionality of hyperplane)
# 0 (added bias feature? 0:no 1:yes)
0.000817245
0.000807879
0.00107092
0.00108359
0.000560167
-0.000996318
-0.000358969
-2.48883e-05
-7.23684e-05
0
6.78525e-05
0.000114452
8.63144e-05
7.11616e-06
0
-0.00023564
-0.000420869
-0.000226532
-0.000587248
-0.000109158
-0.000463906
-0.000444037
-0.000133753
-0.000334627
-9.74142e-05
0.0010194
0.000506108
0.000644546
2.22166e-05
0.000475772
0.00191244
0.00242429
0.00205914
0.00307838
0.00134428
0.0018119
0.002084
0.0016986
0.00207051
0.00121749
0.00293642
0.00100762
0.00110472
7.41905e-05
0.000602026
0.00230461
0.00131173
0.0016465
0.000756727
0.000971886
0.00176668
0.00115795
0.00191826
0.00383081
0.00111674
0.00207558
0.00253801
0.00238975
0.00327829
0.000285697
0.00164823
0.00296522
0.00485655
0.00637815
0.000860482
0.000818357
0.00175102
0.00158139
0.00231627
0.00345136
0.00218813
0.00110109
0.000978376
0.00143446
0.00133844
-0.00138522
-0.00214885
-0.00199954
0.00626562
0.0011043
0.000579638
0.000331288
0.000319034
0.000157221
-3.93446e-05
-7.77039e-05
-0.000239809
-0.000391758
0
1.13971e-05
2.21193e-05
2.42324e-05
4.43881e-06
0
9.41312e-05
0.000185593
0.000130457
0.000163369
3.28955e-05
0.000187395
7.13007e-05
-0.000103653
-3.90898e-05
-1.6327e-05
0.000676872
0.000432739
0.000335527
0.00047176
0.000124134
0.000567413
0.000409188
0.000661212
0.000152103
-0.000208274
-0.000150144
0.000481494
0.000818921
0.000201142
-0.000204457
0.00044789
0.000890302
0.000691717
0.000686502
0.000402756
0.000299021
3.82125e-05
0.000333995
0.000125534
0.000355096
0.000802992
0.000360834
0.00048583
0.000819814
0.000143877
0.000492938
0.000868132
0.000369668
0.000150459
0.000119253
0.000477288
0.00127224
0.00143662
0.00129133
8.5905e-05
0.000406592
0.000499062
0.00221293
0.00154168
0.0010351
0.00178205
-0.000147578
-3.48392e-06
-0.000163981
-0.00030096
0.00188955
0.000984824
0.00104218
