# 1 157 (number of hyperplane, dimensionality of hyperplane)
# 0 (added bias feature? 0:no 1:yes)
0.000341243
0.000581752
0.000287976
0.000400791
0.000112046
-0.000396891
-0.000603605
-0.000682032
-0.000744404
-0.000161827
-9.21769e-05
-0.00025287
-0.000150434
6.149e-05
0
0.000265372
0.000423324
0.000341232
0.000105188
0
-0.000933628
-0.00113915
-0.000732654
-7.47029e-05
0
2.39531e-05
-0.000235692
-0.000116318
0.000283539
-9.00144e-05
0.000568408
-0.000585382
0.000289645
0.000843223
-0.00011337
0.000314715
0.00238938
-0.000249924
9.8971e-06
-0.000136624
0.00248591
0.00191302
0.00144083
-3.2302e-05
9.7148e-05
0.00109857
0.00221667
0.000815918
-0.000341819
-1.46067e-05
0.000264672
0.00166434
-0.000324007
0.00109417
9.7927e-05
0.000952728
0.000817883
0.000129651
0.00117082
-0.000173719
0.00102267
0.00234423
0.00308365
0.00382792
0.0010275
-5.01592e-06
0.000610863
0.00198597
0.00292158
0.00206738
0.00139095
0.00119168
0.00147998
0.000612287
0.000636719
0.00260383
0.00212637
0.00274203
0.00334453
0.000496322
0.000102213
0.000468789
0.000543535
0.000267421
0.000155698
0.0002113
6.18617e-05
2.71523e-05
0
1.91162e-05
4.171e-05
3.18604e-05
0
0
6.92167e-05
7.87495e-05
7.10468e-05
2.89054e-06
0
0.000179184
-7.75541e-05
-5.33443e-05
-0.000234139
0
0.000195275
-2.64855e-05
-8.77391e-05
-6.71608e-05
3.99814e-06
0.000233887
-0.000259336
0.00055388
0.00039783
8.19075e-05
0.000217132
0.000308419
8.63255e-06
0.000173525
0.000178432
0.000327597
0.000332381
0.000314115
-0.000141643
-2.24321e-05
-0.000166848
3.56265e-05
0.000449988
5.14292e-05
-0.000406257
-5.42343e-05
0.00026514
0.00069844
0.000496061
-0.00031962
0.000627239
0.000662781
0.000470963
0.000242549
1.97986e-06
0.000487815
0.000536433
0.000734954
0.000761777
0.00051438
-2.75969e-05
0.000787343
0.000972881
0.00100637
0.000880491
0.00102287
0.000307028
0.00034506
0.000310025
-7.09769e-05
0.00048591
0.0015196
0.000582992
