# 1 157 (number of hyperplane, dimensionality of hyperplane)
# 0 (added bias feature? 0:no 1:yes)
0.00376842
0.0024986
0.00365903
-0.0106048
-0.00180597
0.000434389
0.000130687
-8.6768e-05
-0.000177755
-0.00011646
-0.00656942
-0.00145456
-0.00199998
-0.00345459
0
-0.000526619
-0.000402632
-0.00109047
-0.00123632
-0.000992039
-0.00441318
-0.00615797
-0.00416436
-0.00206122
-0.00213594
0.00375852
-0.000505978
0.00187308
0.00153396
-6.8416e-05
0.00304356
-0.00123559
0.00282875
0.00267958
0.000650777
-0.0032136
0.00784852
0.00723867
0.0155198
0.000253269
0.00143408
0.000328913
7.54872e-05
-0.00193934
0.00191446
-6.168e-06
-0.0043151
0.00262708
0.00363947
-0.00417622
-0.00454883
0.00909118
0.00209268
0.0151158
-0.00775195
-0.00457526
-0.000248375
0.00110375
0.00718944
0.000443601
0.00132621
0.00298879
0.00273397
0.0131532
0.00347771
-0.0022351
0.00153451
0.00581118
0.0188525
0.0133926
0.0126959
3.99991e-05
0.00249858
0.00105657
0.00155015
0.00416852
-0.00329192
-0.00212867
0.0116479
0.000237909
-0.00595886
-6.14638e-05
0.000528989
-0.00198715
0.00209664
0.000909249
5.3139e-05
4.95675e-05
3.24753e-05
0.000347571
0
0
0
0
-5.89202e-06
-0.000374308
0.000150713
0.000155531
0.000110867
6.62922e-05
-0.00120397
0
0
0
0.00104108
0.00239593
0.000859829
0.00122559
0.00275453
0.00246932
-0.0052471
-0.00314077
0.00147234
0.00580953
0.00304448
0.00607769
0.00409118
-0.000428631
-0.00731048
0.00429055
-0.00576977
9.77104e-05
0.00269509
0.00274271
0.00448609
-0.00697073
0.000914423
0.00120413
-0.00131103
0.00160497
0.00264082
0.00474066
0.00316167
-0.00379187
0.00432597
-0.00416733
0.00222325
0.00226115
0.00142662
0.00424855
0.00120917
0.00112612
-0.000108417
0.0039412
0.000319298
0.00109732
0.00169053
0.00771882
-0.000425115
-0.00144563
-0.00511372
-0.000228612
0.00125913
-0.000979836
0.0105979
-0.0031462
-0.00532171
