# 1 157 (number of hyperplane, dimensionality of hyperplane)
# 0 (added bias feature? 0:no 1:yes)
0.00063275
-4.47486e-05
-0.000301069
-0.000269167
-0.000641975
5.47357e-07
1.65063e-05
2.016e-05
1.05492e-05
0
0.000106257
2.17347e-05
2.98846e-05
5.16202e-05
0
7.96906e-06
0
0
0
0
8.26909e-05
5.83055e-05
0.000134997
0.000165619
0
2.74235e-05
0.0012407
0.000568381
-0.000302457
-0.000306481
7.86307e-05
0.00281146
0.0027748
0.00352405
9.3146e-05
0.00223485
0.00494508
0.00340185
0.00595136
0.00240911
0.00182006
0.0042792
0.000942163
0.00113589
0.000906053
-0.000190642
0.00302655
0.00083044
0.00150433
0.00129455
0.00234648
0.0045288
0.0027462
0.00683864
0.00255727
0.000569708
0.00210754
0.00237808
0.00317228
4.15838e-05
0.000987263
0.00249549
0.00429878
0.00583893
0.000210442
0.000807008
0.00103928
0.00100684
0.00284531
0.00227092
0.00202051
0.00132647
0.000559664
7.02169e-05
0.000631812
0.00108745
0.00173692
0.000672194
0.00574781
0.00053275
0.000279724
0.000144076
-1.03984e-05
5.38851e-06
-1.79945e-05
0
0
0
0
9.32301e-05
5.45459e-05
0.00012222
0
0
0
0
0
0
0
4.27562e-05
4.18058e-05
4.29607e-07
3.38053e-08
0
0.00130981
0.000456333
0.000332967
0.00052694
9.5877e-05
4.08008e-05
-0.000178461
0.000560369
0.00122237
0.000322394
0.00100455
0.00090967
0.000796615
-0.00010164
-0.000282727
-0.000246195
0.00106249
0.00034188
9.17585e-06
-0.000306073
-0.000563792
8.12562e-06
0.000369759
0.000603111
0.000175006
0.000250603
0.00101331
0.000454937
0.000773312
6.48527e-05
0.00143077
4.49859e-05
0.000622324
9.20072e-05
-0.000102221
0.000667771
0.000773023
0.000673325
0.000742135
0.000260428
0.000423172
0.000650101
0.00166195
0.00199514
0.00149648
0.00133177
0.000644664
-0.000497575
-9.58575e-07
-0.00130934
0.00279954
0.000437149
0.000646956
