# 1 157 (number of hyperplane, dimensionality of hyperplane)
# 0 (added bias feature? 0:no 1:yes)
0.0028861
-0.000102021
0.000967959
0.000428579
-0.000877797
0
0
0
0
0
0
0
0
0
0
0
0
0
0
0
0
0
0
0
0
0.00269148
0.0026173
-0.00109541
-0.00104108
-0.00128537
-0.00168288
0.00224551
0.000376858
0.00795441
-0.00217559
-0.000467169
0.00269771
0.00165765
0.00114081
-0.000643181
-0.00211207
0.00174519
0.000457856
-0.00171436
-0.00201907
-0.00138605
-0.00220733
-0.00107222
-0.00304873
-0.000133317
0.00192785
0.00682163
0.00393882
0.00719684
0.00158643
-0.00393512
0.000702639
0.00573054
0.00597816
-0.000692426
0.00125823
0.00466279
0.00538733
0.00740329
0.00480532
-0.00368492
0.00254149
0.000629215
0.00314132
0.00219438
-0.00105486
-0.000290873
0.000293721
0.00036846
0.000515292
0.00345832
0.00232795
0.00192434
0.00600008
0.00172326
0.0014479
0.00207903
0.00204658
0.00216993
0
0
0
0
0
0
0
0
0
0
0
0
0
0
0
0
0
0
0
0
0.00205887
0.00142294
0.00115259
0.000551862
0
7.81318e-05
0.00101055
0.000447711
0.000313124
0.00065915
-0.000838742
-7.71505e-07
-0.000110679
-0.00174245
-0.00167085
0.00149184
0.000239843
-0.0014564
-0.00203765
-0.00338915
0.00109898
-0.000208685
-0.000845468
0.000434718
-0.00117254
-0.00101116
0.00158218
0.00230668
0.00169492
0.00104026
0.000996677
0.00165482
0.00103954
0.00143706
0.000400584
0.000186941
0.00129095
0.00106482
0.000428547
0.000656921
-0.000488243
0.00100296
-0.00105634
-0.00200154
-0.00231985
0.00101766
-0.00204035
-0.00117813
0.000133463
-0.000297801
0.000614064
0.00158868
0.00298062
