# 1 157 (number of hyperplane, dimensionality of hyperplane)
# 0 (added bias feature? 0:no 1:yes)
0.000218643
0.000560817
0.000573926
0.000464344
3.74409e-05
1.53443e-05
1.00114e-05
8.24437e-06
7.94877e-06
7.58611e-06
0
0
0
0
0
6.91575e-07
0
0
0
0
2.86571e-05
2.63873e-05
1.49805e-05
5.29193e-06
6.91588e-06
0.000555653
0.000783217
0.000572628
0.000393466
4.01902e-05
0.0007983
0.000895988
0.000781363
0.000746888
5.68085e-05
-8.19997e-05
0.000503729
0.00139328
0.000714477
0.000559892
0.000160818
-9.13351e-05
0.000368128
4.88154e-05
7.30921e-05
0.000211201
6.44317e-05
0.000458933
0.000227542
0.000127061
-4.98346e-05
0.000429655
0.00146897
0.000981961
0.000659692
0.000590604
0.000753505
0.00106087
0.00102108
0.000432774
0.000559541
0.000970143
0.00130513
0.00162353
0.000264166
0.000306852
0.000596248
0.000537079
0.00136649
0.0014009
0.00133464
0.000466836
0.000478832
0.000586905
0.000605027
0.0013332
0.00160887
0.000976751
0.00229093
0.000407549
0.000409345
0.000324016
0.00023737
0.000110843
2.34604e-05
0
0
0
0
3.84217e-07
0
0
0
0
0
0
0
0
0
2.19194e-05
1.92027e-05
1.21467e-05
4.13824e-06
8.06861e-06
0.00040139
0.000339021
0.000168725
4.45695e-05
-0.000155248
0.000297383
0.000322577
0.0001003
4.07021e-05
-0.000155308
0.000132106
0.000156468
0.000193437
0.000193025
2.44352e-05
0.000370064
4.41437e-05
-4.30698e-05
-8.78293e-05
-0.000233723
0.000230857
8.73344e-05
0.000121621
0.0001381
5.52488e-05
0.000208859
0.000336099
0.000235462
0.000188678
1.88304e-05
0.000378655
0.000502983
0.00022855
0.000162764
8.93076e-05
0.000207683
0.000199235
0.000165547
0.00012172
0.000148976
6.09877e-05
9.42227e-05
0.000715498
0.000385787
0.000329261
0.000392435
-2.39548e-07
-2.88059e-05
-8.38017e-05
-0.00013631
0.000886024
0.000830849
0.000463069
