# 1 157 (number of hyperplane, dimensionality of hyperplane)
# 0 (added bias feature? 0:no 1:yes)
0.00483903
-0.000138258
-0.0100665
0.00723062
0.0118145
0.0180027
0.00491395
-0.0265321
-0.027416
0.000126609
0.0169467
0.000255144
-0.0317197
-0.00402541
0
-0.00781194
-0.0071471
0.0217703
-0.0176406
0.00133833
-0.0195644
0.00980585
-0.0132471
-0.0228655
0.0033458
-0.00226086
0.00625418
-0.0162783
0.0140257
0.0242001
0.00117134
-0.00268674
0.00693128
-0.00132698
0.00460798
0.0172458
-0.00732671
0.00353866
0.0153389
-0.0159647
-0.00917936
0.00324631
-0.000424472
-0.000771703
0.0262981
-0.00645561
-0.00213413
-0.00575355
0.00126369
0.00399931
-0.00792811
-0.00695592
0.000470624
0.00558149
0.00369288
0.0020952
0.000353855
-0.00523609
0.00510763
-0.00306458
0.00290536
0.00754452
-0.0077052
0.0118903
0.00967822
-0.00703605
-0.00229614
-0.0541354
-0.0118212
0.012391
-0.00107596
-0.000896454
0.00417877
0.00356559
-0.00575692
0.0316435
0.0119653
0.0114065
0.0187514
-0.0106443
-0.0116476
0.00353204
-0.0113934
0.00329916
0.0157665
-0.0200938
-0.0248604
-0.00931045
0
0.000175341
0
0
0
0
0.00430756
0.00634454
0.00572378
0.0013133
0
0.00719311
0.00531098
0.000571033
3.17186e-06
0
-0.00203249
-0.0106757
0.00911814
0.00527457
0.00277519
-0.00141423
-0.00479297
0.00620087
-0.000781836
0.0109123
0.0171733
-0.00457948
0.00471726
0.00402107
0.0046909
0.00063683
0.00938808
-0.0109362
0.0122309
0.0128441
-0.0174116
0.00417485
-0.0001397
0.0102849
0.0057916
0.00438955
-0.0115592
-0.000272536
-0.00689171
0.00964662
-0.00398477
-0.00502486
-0.00254544
-0.00387417
0.00853287
0.00750553
0.00450314
-0.0164324
0.0132554
0.00583094
0.00173966
0.00267395
0.0141123
-0.00419403
0.00692254
-0.0207912
-0.00597699
0.00109271
0.00025991
-0.00885568
-0.0072017
-0.0102968
-0.00373697
