# 1 157 (number of hyperplane, dimensionality of hyperplane)
# 0 (added bias feature? 0:no 1:yes)
0.000379724
0.000311405
0.000265863
0.000203391
6.03464e-05
-8.09455e-05
-0.000167328
-0.000225236
-0.000227566
-9.22289e-05
-1.2403e-05
-3.95752e-05
-2.55676e-05
8.26235e-06
0
2.85291e-05
6.12222e-05
4.88471e-05
1.51294e-05
0
-0.000136435
-0.000195472
-0.000117699
-1.05696e-05
1.1111e-06
0.000384553
0.000252849
0.000119746
0.000121978
5.36162e-07
0.000815988
0.000557708
0.000423056
0.000539676
0.000186936
0.000542025
0.00158798
0.00063149
0.000591776
0.000265697
0.000909002
0.00150948
0.000811743
0.000634957
0.000279257
0.000604152
0.00145698
0.000978806
0.000439767
0.000350903
0.00059494
0.00113145
0.000846999
0.00100243
0.000149248
0.000822427
0.000850443
0.00056616
0.000766688
0.000133883
0.000941372
0.00182261
0.00226449
0.00264033
0.000399766
0.000562652
0.00115951
0.000657807
0.00130258
0.000957505
0.000984446
0.000645613
0.000739925
0.000332508
0.000371133
0.000947683
0.00100031
0.00110952
0.00258379
0.000201887
0.000152317
0.000101836
8.80535e-05
2.59887e-05
6.77686e-05
7.3061e-05
4.45789e-05
2.87292e-05
0
6.72279e-06
1.46609e-05
1.1111e-05
0
0
1.52533e-05
1.09899e-05
9.89847e-06
3.84617e-07
0
8.9504e-05
3.72501e-05
1.23717e-05
-1.87817e-05
0
0.000240068
0.000135427
5.8952e-05
3.99064e-05
1.81802e-05
0.000273145
0.000126753
0.00020102
0.00023676
4.97333e-05
9.08947e-05
0.000180633
0.000248963
0.00018386
4.55311e-05
0.000104591
0.000216975
0.000220701
0.000102378
4.08792e-05
9.94535e-05
0.000232673
0.000263247
2.94914e-05
-3.25099e-05
0.000161257
0.000283963
0.00033153
0.000291041
1.73747e-05
0.000393004
0.00024443
0.000256728
0.000171484
1.53535e-05
0.000418086
0.000534271
0.0006432
0.000710161
0.000263884
0.000160195
0.000406895
0.000903446
0.000664735
0.000591482
0.000610802
0.000191364
0.000182772
0.000231242
0.000134031
0.000813947
0.00098846
0.000854732
