# 1 157 (number of hyperplane, dimensionality of hyperplane)
# 0 (added bias feature? 0:no 1:yes)
0.000197249
0.000289402
0.000140781
9.92847e-05
-2.64909e-05
-4.42079e-06
1.08382e-05
1.43562e-05
1.09459e-05
0
6.97143e-06
1.1408e-06
1.56857e-06
2.70942e-06
0
7.08472e-06
5.45459e-06
8.20531e-06
9.61561e-06
7.99987e-06
-1.89697e-05
-2.19994e-05
1.45913e-05
1.64192e-05
0
0.000239533
0.00034152
0.000152846
5.55765e-05
-1.733e-05
0.000434114
0.000831574
0.000765091
0.00081028
0.000182901
0.000712709
0.001398
0.000789768
0.00134364
0.000490784
0.000539678
0.000978094
0.000541973
0.000623055
0.000289107
0.000355163
0.000903774
0.000303479
0.000383841
0.000408138
0.000684918
0.00120377
0.000803902
0.00152774
0.000548189
0.000342793
0.00069162
0.00055804
0.000920615
0.000144605
0.000213973
0.000733855
0.00121483
0.00160391
7.40101e-05
0.000145402
0.000264877
0.000192044
0.000860858
0.000744185
0.000685727
0.000303999
0.000267164
0.000184448
0.000226902
0.000423097
0.000482861
0.00041498
0.00155138
0.000153911
7.90254e-05
3.19984e-05
3.03722e-05
7.26095e-06
1.18183e-05
5.45459e-06
6.5219e-06
7.01751e-07
0
6.66659e-06
5.45459e-06
1.2222e-05
0
0
0
0
0
0
0
2.42104e-05
1.93103e-05
1.37498e-05
9.18044e-06
8.33352e-06
0.000249301
0.000114154
6.41292e-05
0.000109803
1.61192e-05
0.000110935
4.19987e-05
0.000104904
0.000205083
4.686e-05
0.000187694
0.000231402
0.000167396
4.39634e-05
-2.45669e-05
3.37305e-05
0.000222773
7.62486e-05
5.72533e-05
-7.84732e-06
-1.67266e-06
9.29127e-05
0.000117536
0.000156595
9.00869e-05
0.000128459
0.000214304
0.000103039
0.000120053
2.39074e-05
0.000262445
7.34576e-05
9.89248e-05
7.4619e-05
1.27349e-05
0.000178655
0.000238912
0.000265994
0.000286358
8.13138e-05
0.000101124
0.000157888
0.000567648
0.000510134
0.000467077
0.000427929
0.000140455
3.05544e-05
7.09017e-05
-1.27153e-05
0.000550968
0.000385796
0.000502754
