# 1 157 (number of hyperplane, dimensionality of hyperplane)
# 0 (added bias feature? 0:no 1:yes)
-0.000199682
-0.00062621
0.00137557
0.000678358
0.000824499
0.00061228
0.000498846
0.000686635
7.16713e-05
0
0
0
0
0
0
8.87129e-06
1.20978e-05
9.30577e-06
1.55874e-05
2.41952e-06
0.000154062
1.38476e-05
3.02439e-06
5.75135e-06
3.36041e-06
0.000414794
0.00135295
0.000497447
0.00137068
-0.0027217
-0.00030644
-0.000642683
-0.00150987
0.00506138
-0.000868044
-0.00469014
0.00171037
0.00461489
0.0126863
-0.000865037
0.00152016
0.000427032
0.00401159
0.00587149
0.00420647
-0.00317984
0.00130886
0.00223959
-0.000581407
-0.0043865
0.000594307
-0.00114883
0.000783208
0.00188806
0.00227624
0.000206081
0.000245208
0.00293304
-0.00339869
0.00307276
0.00407147
0.000566969
-0.000113487
0.00103369
0.00270563
0.00141892
-0.00130308
0.00123661
0.000725476
-0.000459501
0.00372092
-0.000111269
0.000910279
-0.00157843
0.00145741
0.00390247
0.00236187
0.00620028
0.0042709
0.00137101
0.00171024
0.000657814
0.00171041
4.75507e-05
2.42161e-05
2.69735e-05
3.97798e-05
1.48163e-05
0
0
0
0
0
0
0
0
0
0
0
4.06853e-06
0
0
0
0
-0.000173143
-0.00079748
-0.00089177
-0.0016328
-0.00236801
0.000425091
-0.00150656
-0.00195656
-0.00331102
-0.00262367
0.000465876
0.00138764
0.00149473
0.00084128
-0.000295959
0.00122883
-0.000477685
-0.00114267
0.00121535
4.69212e-05
5.294e-08
0.00142477
0.0022648
0.00134724
0.000603195
0.00118765
0.00141961
0.00031886
0.00129259
0.00298206
0.000606182
-0.000921812
0.0021946
0.00177022
-5.21886e-05
9.0217e-05
-0.000362761
-4.98133e-06
9.4877e-05
-2.08155e-05
0.000115347
-0.00105513
0.00103937
0.00250174
0.00237325
0.00251608
0.0013957
-0.000192376
-0.0011523
-0.00112496
0.00155947
-0.00155847
-0.00103828
