# 1 157 (number of hyperplane, dimensionality of hyperplane)
# 0 (added bias feature? 0:no 1:yes)
0.00145399
0.000770243
-0.00102777
0.000266761
0.000616365
-0.00126362
-0.00100223
-0.00101311
-0.00134415
-0.00102514
-0.000443965
-0.000363252
-0.000155388
0
0
0.00039546
3.59512e-05
0
0
0
-0.00213223
-0.00183786
-0.000943472
0.000461186
0.00060133
0.000181577
0.0051597
0.00237024
0.00293696
0.00253262
0.000275836
0.00457696
0.0021427
0.00105582
0.00347831
-0.00101651
0.00220138
0.00354037
0.00321529
-0.00180253
0.00108056
0.00245294
0.00105551
0.0135181
0.000897829
0.0023414
0.0023157
0.00343753
0.00414991
-0.00140214
-0.00159967
0.00219247
-0.00563823
0.00425221
0.0027295
0.00206628
0.00151097
-0.00122112
0.00515828
-0.000903246
0.000590763
-0.00347333
0.00139969
0.00420482
0.000896318
-0.000317428
0.00472587
0.0056202
0.00893232
0.0102005
0.0105608
0.00371947
0.00263162
-0.00115397
0.00169968
-0.00126572
-0.00681396
-0.000106203
0.00465916
-0.0014893
-0.0012638
-0.00154636
-0.000166355
0.000383314
-0.000962681
-0.000778779
-0.00102712
-9.44839e-06
0
-8.24662e-05
-6.74737e-05
-2.88632e-05
0
0
0
0
0
0
0
-0.000824431
-0.000563355
-0.00093379
-0.00100854
-0.00271648
-0.00221102
-0.00332482
-0.00276201
0.00297117
-0.00239514
-0.00258901
-0.000664144
0.000113823
0.00240296
-0.00146285
-0.000802477
-0.000381
0.000781864
-0.00550699
-0.00347331
0.003405
0.00233553
0.00203944
0.00181557
0.00101422
0.00126081
0.00284611
0.00329215
0.00588518
0.0023073
-0.00365014
-0.000538655
0.00172127
0.00385877
0.00163171
-0.00114368
-0.00378855
-0.000287735
0.00412854
0.00112233
-0.000712109
-0.00211208
-0.000801962
-0.000172366
-0.00274138
0.00210812
-0.0027213
0.00963074
0.00384431
0.00370369
0.00379616
0.000378242
0.000281803
0.000233632
-0.00361109
0.00360462
0.00346119
0.00177541
