# 1 157 (number of hyperplane, dimensionality of hyperplane)
# 0 (added bias feature? 0:no 1:yes)
-0.000776991
-0.00169805
-0.000302362
0.00533797
0.00251749
0.00406541
0.00175741
0.000686364
0.00118358
0.00100747
0.000133159
0.000108951
4.66057e-05
0
0
0.000204607
0.000122072
0.00012788
8.85336e-05
0
0.00165443
-0.000196218
-0.00361948
-0.000403141
0.000426107
-0.000141638
0.00362763
-0.000762485
-0.00155666
0.00133499
0.00327311
-0.00164985
0.00294156
-0.00247526
0.00611892
-0.00115708
-0.00353757
-0.00215368
0.00525341
-0.00188183
-0.00212646
-5.41321e-05
0.0143836
0.0191314
-0.00624916
0.0011139
0.000442966
0.0059648
0.00572761
0.00205093
-0.00019353
-0.00194799
0.00288618
-0.000903337
-0.00164593
0.00200697
-0.00422151
0.000853032
0.00201944
0.00168959
-0.00046737
0.000585386
0.00149298
0.00284356
0.0013147
-0.00185131
0.00155123
0.00880381
0.00200804
-0.00304168
-0.00151295
-0.00077485
3.85026e-05
0.00622473
0.00264313
0.0140531
-0.010999
0.00868368
0.00572188
-0.00430057
-6.10237e-06
0.0014594
0.00506149
0.000386334
-0.00127236
3.57561e-05
4.98671e-05
6.00546e-05
0
7.39528e-05
2.59327e-05
5.28249e-06
0
0
0.000230183
0.000139511
0.00012788
8.11564e-05
0
-0.0022172
-0.00220903
-0.00126041
4.50512e-05
0
-0.00154686
-0.000105869
-0.000536998
-0.00419054
0.00207598
-0.00527877
-0.00442064
0.00237279
-0.000820506
0.00231905
-0.00163411
0.0020563
-0.0021512
0.00709154
0.00101162
-0.00420863
0.00105531
0.00445869
-0.00216883
0.00347594
-0.00207913
-0.00167553
0.00254072
-0.0013389
0.00428873
-0.00104581
-0.00411852
0.00252514
-0.00685128
0.00137059
-0.00538324
-0.000948228
0.00491575
0.00102546
0.000117509
0.000447993
0.000530529
-0.000587442
-0.00103567
-0.000956218
0.00145878
-0.00216442
0.00104395
0.00343015
-0.00188619
-0.00177091
0.000576185
0.00319296
0.00401944
-0.000495443
0.00429827
-0.00352232
0.0125397
