# 1 157 (number of hyperplane, dimensionality of hyperplane)
# 0 (added bias feature? 0:no 1:yes)
0.000900088
-0.000121782
0.000109022
0.000717755
0.000549396
-0.00022722
-0.000543998
-0.00022309
-0.000490148
1.4873e-05
4.36287e-05
0.0004784
0.00134741
-0.000193962
1.16608e-05
0.00104983
0.00161103
0.000151672
-0.000599668
4.55959e-05
0.000147394
-0.000412091
0.000294244
0.000408636
0.000133331
0.00145131
0.00054981
0.000411893
-0.000526472
0.000485122
0.000932312
0.00126777
-2.41908e-05
-0.000505999
0.00131997
0.00225686
0.000223939
-0.000959879
0.00126309
0.00109039
0.0011906
-0.000205183
0.00106286
-0.00108262
0.00198261
-0.000137386
-0.000977679
0.000374251
0.000114649
0.00109412
0.00176027
0.00103405
0.000753236
-0.000304732
0.00169042
0.000601562
-0.000225177
-0.000687323
0.000155773
0.00146437
0.00118232
0.000249962
0.000627849
-4.40179e-05
0.00231159
-0.00117315
0.000984493
0.00300777
0.00333097
0.00188622
0.00168699
-6.88279e-05
-0.000938829
-0.0010742
-0.000588796
0.0017074
0.000227771
0.00359254
0.00134474
0.000583373
-0.000186059
-0.00110682
1.63412e-05
0.000212796
-0.000736003
-0.000951845
-0.00187194
-0.000828655
0
0.000335375
0.000452244
0.000123739
-0.000336924
0
0.00100449
0.000882896
0.000369144
9.76987e-05
0
0.000541062
0.000248512
0.000490611
0.000324228
7.22747e-06
0.000649636
0.000813324
0.000125968
9.75714e-05
0.000166462
-0.00058101
0.000683288
0.00064037
0.000360137
0.000458018
0.000205069
0.00122103
0.00075925
0.000497165
0.000187257
0.000579735
0.000978516
0.00337813
-0.00135445
0.000475831
0.000668527
-0.000152744
0.00136398
-0.00251513
0.000571346
0.000398669
0.00197286
-0.00057311
-0.00113858
0.000545001
1.74138e-05
-0.00124791
-0.000952125
0.000163254
0.000205613
0.00148405
-5.10465e-05
-0.00030605
-0.000327375
0.00113855
0.000358918
-3.00953e-07
0.00275026
-0.000475674
-0.00102565
0.00131895
0.00164156
0.000412379
-1.55102e-05
0.000716031
-0.00139168
-0.000192832
-0.000902348
