# 1 157 (number of hyperplane, dimensionality of hyperplane)
# 0 (added bias feature? 0:no 1:yes)
0.00429762
0.000107495
-0.000879782
-0.000716272
-0.00141477
0.00016851
1.61553e-05
0
0
0
0.000337747
9.69319e-05
0.000133279
0.000230214
0
0.000420438
0.000236725
0.00032048
0
0
0.000404884
0.000304019
9.84012e-05
1.22089e-05
0
0.00173673
0.00303551
0.00370998
-0.000358482
0.000544452
0.002152
-0.00118922
0.000384447
-0.0049559
0.000671085
-0.00297859
0.000830604
0.00416704
0.00271863
0.0029142
0.00350241
0.00489432
0.00441948
0.000587297
-2.94869e-05
-0.00159849
-0.00785921
0.0020124
0.00541575
0.00555633
-0.00612728
-0.0014369
0.00636521
0.00429444
-0.00272728
0.000955857
-7.29634e-05
-0.00364963
0.000445012
-0.00179299
-0.000835808
0.0027774
0.00784545
0.00897561
-0.00110171
0.000276232
0.00169552
0.00146749
0.000452982
0.00469836
-0.000806918
-0.000353475
-0.00108968
0.00445737
0.00136964
0.00552338
0.0058826
0.00509921
0.00651848
0.00224302
0.000381723
-0.000847967
-7.13448e-05
-0.00137204
6.19999e-05
1.19109e-05
1.53803e-05
0
0
0.000312468
0
0
0
0
3.1721e-05
0
0
0
0
0.000358474
0.000112809
7.93049e-05
0.000101405
0
0.00271318
0.0004405
0.000982144
0.000985359
0.000149484
-0.00138266
0.00168641
0.00269981
0.000424673
-0.000228048
0.000301258
-0.00233496
-0.000431309
0.000351341
0.0017421
-0.000499089
0.00516031
0.000370937
0.00348867
0.00493455
0.00106617
-0.000931189
-0.000524294
-0.00129365
-0.00256204
-0.00214474
-0.00184945
0.0007641
-0.00107365
-0.00222331
0.00463107
0.00594509
-0.00166963
0.000677801
-0.00279451
0.00120095
0.000399106
0.000129729
-0.00201399
0.00269303
-0.00155006
0.00117739
0.00172218
-0.00217364
-0.0025129
0.00131538
0.00228491
0.000514093
0.00197564
-0.00193517
0.00653977
-0.00547583
0.00202748
