# 1 157 (number of hyperplane, dimensionality of hyperplane)
# 0 (added bias feature? 0:no 1:yes)
-0.000485093
-0.00802817
0.0105594
0.00792196
0.00115303
0.0207645
0.0119177
-0.0172761
0.00916826
0
-0.00940708
0.00656757
0.000876783
0.00247059
0
0.00122683
-0.00412692
-0.000127254
0.00510383
0
0.011721
-0.00941142
-0.0118851
0.00316147
0.002505
0.000918969
0.00817316
-0.0033497
0.00379515
0.00554058
-0.00968326
0.0112164
-0.00140029
-0.000311219
0.00795867
-0.00475707
-0.00181499
-1.25141e-05
-0.000421642
0.0059496
0.00247365
0.000858226
-0.00514167
6.48521e-05
0.00447186
-0.00850937
-0.00655753
0.000538283
0.00292102
-0.0113278
-0.00526553
0.0119876
0.00502879
-0.00353759
0.0032162
0.00415529
-0.00151332
0.00746341
-0.00289931
0.0092682
0.00216445
0.00317216
-0.000105091
-0.000498741
0.000909881
0.00130332
-0.000333788
0.0167395
0.0182773
0.0102246
0.00568037
0.0039942
-0.0140892
-0.000644883
-0.00246704
0.00610462
0.00182749
0.0344812
0.0128537
-0.00902196
0.00576566
0.000105506
0.0083595
0
-0.0147239
-0.0122845
-0.00159871
0.0162986
0
0.0071446
0.00338291
-0.00234264
-0.0169338
0
0.0125835
-0.0143208
0.00786962
0.0017471
0
0.0131716
-0.0129663
-0.0010713
0.00411244
0.00126491
-0.00793639
0.00330325
0.0100138
0.0123075
0.000859291
0.00704449
0.0189948
-0.0139375
-0.00252881
0.00659425
0.00340138
-0.00655022
-0.00174911
0.00176273
0.0020294
-0.0134168
0.0100278
-0.0172997
0.00548466
1.761e-05
-0.00226807
-0.0106481
-0.00569553
0.00765054
-0.0108636
-0.0168628
0.00273645
-0.00819447
0.0124223
0.00341202
-0.00594411
-0.0160264
-0.00125279
0.00536241
0.00244336
0.00376749
-0.00893441
0.00551602
0.00110962
0.00588013
-0.00219474
-0.00175693
-0.00421458
0.0130371
0.00450327
0.00304701
0.0008877
-0.00759392
-0.000504654
-0.00812674
0.00354021
-0.00848748
0.000389055
