# 1 157 (number of hyperplane, dimensionality of hyperplane)
# 0 (added bias feature? 0:no 1:yes)
0.00205772
-0.0194967
0.0365805
-0.00261676
0.0260218
-0.00373681
0.042262
0.0458507
-0.0945808
-0.143383
-0.25568
0.291042
0.553022
-0.452167
0.0318441
0.0134374
0.0536633
0.0229241
-0.287598
0.294629
0.134727
-0.238373
0.0824607
-0.143137
0.583083
-3.44148e-05
0.010158
-0.00552349
-0.00308777
-0.0606021
-0.0026875
-0.0103901
0.000549903
-0.00726519
0.0211612
0.0202892
-0.00424496
0.0194193
-0.00484392
-0.0264454
0.0267806
0.0302277
-0.0683993
0.0180893
0.110964
0.0275475
-0.0129727
-0.00628717
-0.00850626
0.0425292
0.0129675
-0.0029626
-0.00716573
0.021134
-0.0119027
0.0166003
-0.00444827
-0.0137177
-0.00015854
-0.0178195
0.00357277
-0.011674
0.00698206
0.00857204
0.0111672
-0.00788953
0.0286843
-0.00243018
-0.00679067
-0.00764336
0.0286677
0.0196631
0.0135515
0.0268813
0.0100866
0.0672678
-0.0209889
-0.00453344
0.037284
0.0334643
-0.0199248
-0.0170805
-0.0209106
-0.000508971
0.105611
-0.0432953
0.0418425
-0.155958
0.029684
0.10215
0.187084
0.129032
0.0168445
0
0.164091
-0.0531993
0.0158677
0.00317357
0
0.174076
-0.313367
0.0816945
-0.141624
0.326499
-0.0419694
-0.0110842
-0.0117314
-0.0161061
0.00274553
0.0053534
0.00824669
-0.0242909
-0.0183296
-0.0147064
0.0144177
-0.0158317
0.0338843
-0.0460737
0.0282366
0.0179692
0.0439776
0.0545826
-0.0655514
0.140288
0.0242278
-0.0142068
0.0129058
-0.0610978
0.100772
0.0139865
-0.0160032
0.00674989
-0.0324429
0.0364161
0.0397852
-0.024793
-0.0343076
-0.0219357
-0.0230308
0.00205575
-0.0213707
0.0238334
-0.00791078
0.0118975
-0.0102242
0.00440895
0.0340862
0.013335
0.0274808
-0.0110838
0.00185558
-0.0176883
0.0125102
-0.000524046
0.00683932
0.0114622
-0.0335418
