# 1 157 (number of hyperplane, dimensionality of hyperplane)
# 0 (added bias feature? 0:no 1:yes)
0.000187215
-4.63643e-05
0.000182041
0.00049715
7.6396e-05
-9.98166e-05
-2.61062e-05
-7.93262e-05
4.79335e-05
2.08882e-05
-2.3223e-05
1.74771e-05
8.61752e-06
2.84236e-06
0
-0.000140933
-2.97871e-05
-3.96385e-05
-1.60115e-05
-6.59027e-07
-0.0001347
-0.000108387
-0.000112082
-6.44419e-05
2.50199e-05
4.75673e-05
0.000238691
0.000133403
0.000203628
9.84536e-06
7.48853e-05
0.000115733
0.000115732
0.000437446
0.000169191
0.000175675
0.000393908
-9.56285e-05
0.000328238
0.000264625
0.000206007
9.46523e-05
0.000242657
0.000310432
0.000117534
0.000198105
6.6788e-06
-0.00010938
0.000342443
0.000220999
2.25345e-05
4.42101e-05
-4.5565e-05
0.000383109
0.000142407
0.000226663
9.18182e-06
0.000364098
0.000550236
0.000240389
0.000154748
0.000322009
0.000203316
0.000407673
0.000158991
-4.40789e-06
0.000435566
0.000633829
0.000418585
0.000567694
0.000617989
0.000116472
0.000170564
0.000218482
0.000294704
-0.000147162
5.54479e-06
5.42743e-05
0.000661917
3.61498e-05
0.000172422
0.000229496
0.000312127
0.00015858
1.08037e-05
1.52193e-05
9.70038e-06
1.04467e-06
0
9.85319e-06
2.67361e-06
2.8946e-06
0
0
-8.97142e-06
-2.25618e-05
-1.42211e-05
-1.14757e-05
-1.08779e-05
2.35947e-05
-2.53867e-05
-2.95934e-05
-5.51683e-05
-8.40075e-05
3.284e-05
7.89797e-05
7.04586e-05
-6.85305e-05
-0.000241337
-8.24282e-05
0.00015506
6.57045e-05
-1.53554e-05
-0.000159847
-3.73247e-05
-5.56398e-05
-0.000133892
-0.000180034
6.61727e-05
0.00042649
2.60235e-05
-7.60577e-06
0.000105556
-4.48624e-05
0.000385404
-8.48926e-05
-8.60597e-05
4.60198e-05
-0.000113322
6.86202e-05
2.23169e-05
7.00437e-05
0.000183064
-2.1539e-05
5.89195e-05
0.00010527
0.000103535
0.000297274
5.46693e-05
0.000217252
8.88452e-05
8.52989e-05
9.8306e-05
4.55642e-05
0.00017836
0.00020519
-0.000113064
9.147e-05
-4.40528e-05
1.17385e-05
-2.89839e-06
7.61269e-05
0.000139157
0.000112337
0.00014706
-0.000338591
0.000378079
