# 1 157 (number of hyperplane, dimensionality of hyperplane)
# 0 (added bias feature? 0:no 1:yes)
-6.54704e-05
-0.000202307
-2.42551e-06
-6.95686e-05
-4.74677e-05
5.12962e-05
3.05045e-05
3.2416e-05
5.40923e-06
0
-2.23388e-05
-4.58286e-05
-6.22879e-05
-4.17856e-05
0
0
0
0
0
0
1.60562e-05
-4.02573e-05
-9.88732e-06
2.09615e-05
9.27169e-06
7.38085e-05
-2.09953e-05
0.000163993
0.000281271
6.45938e-05
-1.66734e-05
0.000406097
0.00043649
0.000400067
-0.000152392
0.000155881
0.000230848
0.000220007
0.000570551
6.67646e-05
-0.000385918
-5.66433e-05
0.000246073
0.000342065
0.000127984
-0.000421467
5.3911e-05
0.000128538
-0.00016861
-2.15196e-05
6.81863e-05
1.23605e-05
0.000303278
0.000423719
-0.000149322
-4.43491e-05
7.20177e-05
-0.000103987
0.000393565
-7.65266e-05
0.000382158
0.000251218
0.000132786
-2.35669e-05
0.000136099
0.00025562
0.000245965
2.67467e-05
-7.93563e-05
-1.21388e-05
0.000137626
0.000317607
0.000154639
0.000204045
0.000211792
0.000519754
0.000416905
-9.07656e-05
0.000354539
1.89663e-05
2.72634e-05
5.72018e-05
6.09157e-05
1.84581e-05
3.09824e-05
1.94491e-05
1.41292e-05
1.8338e-07
0
-7.03358e-05
-4.8755e-05
-3.22489e-05
-3.27603e-05
0
0
0
0
0
0
-4.58855e-05
-2.57081e-05
-3.01547e-05
-5.08253e-05
-3.37156e-05
0.000106495
1.45654e-05
2.0236e-05
1.78013e-05
-5.41333e-05
-3.52166e-05
-5.17995e-05
-2.07766e-05
-0.000131016
-1.0773e-05
0.00018063
5.61109e-05
1.29628e-05
-0.00012053
-0.000140447
-0.00021868
-0.000185196
-1.25361e-08
-0.00014488
-1.69192e-05
-0.000127878
6.87411e-05
7.80569e-05
0.000244617
1.82779e-05
0.000136206
-1.2571e-05
0.000123062
0.000216336
3.79175e-05
4.37071e-05
8.65933e-06
0.000186888
0.000223428
5.28217e-05
0.000112636
-3.25334e-05
-5.7357e-05
-7.14937e-05
1.42854e-05
0.000102173
-0.000134328
9.01474e-05
0.000154296
0.000102935
0.000236597
5.54583e-05
-4.31308e-05
-6.06516e-05
-0.000105719
3.43007e-05
0.000266899
0.000131284
