# 1 157 (number of hyperplane, dimensionality of hyperplane)
# 0 (added bias feature? 0:no 1:yes)
0.00016027
0.000239738
0.000539382
0.000382097
-6.35622e-05
-1.92563e-05
7.78267e-06
0.000104694
3.0661e-05
8.78479e-06
-6.3981e-05
-6.04307e-05
1.88493e-05
7.74631e-06
0
-0.000108537
-2.48503e-05
4.00874e-05
1.11534e-05
0
5.4186e-05
0.000132475
5.51692e-05
-1.0986e-05
-1.24918e-05
0.000277322
0.000391482
0.000140467
0.00012858
-2.1546e-06
0.000443805
0.000458105
0.000801844
0.00116239
0.000751801
0.000852443
0.000723204
0.000798249
0.000981872
-7.78412e-05
0.000333139
0.00109231
0.000299802
0.00079546
-3.31956e-05
0.000500458
0.000930837
0.00044868
0.000712571
6.93734e-05
0.000813948
0.000737744
0.00108939
0.00118811
0.000174272
0.000370134
0.000416689
0.00124538
0.00110449
0.000712076
0.000997726
0.00141986
0.00203098
0.00274157
0.000444428
0.000574798
0.000891374
0.00123794
0.00103413
0.000783451
0.00105271
0.000751559
0.00071282
0.000223629
0.000219803
0.000232265
-0.000100982
-0.000149378
0.00327684
0.000141235
-0.000152641
6.43517e-05
0.00024022
4.46916e-05
-5.6337e-05
-4.42122e-05
-6.02306e-05
-2.81769e-05
1.37931e-06
1.30917e-05
2.22883e-05
1.16936e-05
1.36365e-06
0
4.06366e-05
4.05398e-05
1.69968e-05
0
0
4.22049e-05
4.97626e-05
2.21622e-05
7.11097e-06
1.68274e-06
0.000195429
-3.74928e-05
4.80638e-06
4.39552e-05
1.88483e-05
0.000362041
0.000392687
0.000480893
0.000358281
-0.000377311
0.000275955
0.00040523
0.000421865
0.000407784
6.76551e-05
0.000158725
9.08671e-05
0.00011583
0.000181064
-3.42131e-05
0.000267118
0.000245461
0.000213726
0.000212398
2.92365e-05
0.000262857
0.000330007
0.000318541
0.000348332
5.14024e-05
0.000458365
0.000417699
0.000436221
0.000288221
1.8418e-05
0.000409257
0.00045628
0.000424357
0.00042506
0.000118605
0.000301947
0.000433299
0.0012533
0.000539016
0.000490732
0.000459989
0.00029475
0.000251151
0.000357124
0.000153514
0.000494261
0.000648337
0.00073149
