# 1 157 (number of hyperplane, dimensionality of hyperplane)
# 0 (added bias feature? 0:no 1:yes)
0.00083265
0.00132166
0.00280679
0.00190768
-0.000419407
-0.000192702
-0.000158682
0.000487149
0.000125014
-3.02728e-05
-0.000413719
-0.000471077
8.61372e-06
2.99292e-05
0
-0.000748386
-0.000315272
9.98778e-05
4.72725e-05
0
0.000220443
0.000484178
0.000260613
-4.76642e-05
-5.12111e-05
0.00114142
0.00243609
0.00110087
0.00101207
0.000147981
0.0020748
0.0028942
0.00436035
0.00631513
0.0037196
0.00436245
0.00377497
0.00369134
0.00453524
-0.000225687
0.00135265
0.00585182
0.000953302
0.00337983
-0.000248396
0.00236555
0.00509444
0.0017127
0.00291764
0.000304689
0.00424567
0.00431351
0.00511542
0.00514556
0.000831868
0.00133931
0.00198448
0.00596724
0.00580372
0.00358472
0.00398493
0.00550684
0.00836428
0.0120427
0.00204559
0.00201471
0.00413968
0.00597189
0.00491113
0.00366494
0.00456442
0.00390076
0.00345649
0.000914178
0.000760161
0.0014102
5.01148e-05
-0.000201931
0.0224746
0.00112373
-2.7024e-05
0.000794659
0.00140332
0.000295974
-5.18772e-05
3.45906e-05
-8.58767e-05
-7.70386e-06
6.05456e-06
0.000146317
0.000195538
7.31597e-05
5.98583e-06
0
0.000316039
0.000315256
0.000119306
0
0
0.000337302
0.000423824
0.000197529
0.000106502
1.46317e-05
0.0014601
0.000230859
0.00018812
0.00040384
8.77929e-05
0.00238497
0.00232648
0.00285694
0.00232188
-0.00134338
0.0018143
0.00277645
0.00240424
0.00227516
0.000489779
0.00123642
0.000627073
0.000783619
0.0012265
-7.76603e-05
0.0019879
0.00164516
0.00131138
0.00135657
0.000191919
0.00176748
0.00223337
0.0021873
0.00213281
0.000455842
0.00294098
0.00263082
0.0025915
0.00171065
5.85263e-05
0.00315996
0.00414906
0.00458041
0.00500862
0.00109923
0.0021408
0.00325436
0.00861765
0.00376089
0.00360304
0.00351396
0.00165398
0.00177027
0.0021196
0.00135425
0.00421543
0.00487285
0.00541537
