# 1 157 (number of hyperplane, dimensionality of hyperplane)
# 0 (added bias feature? 0:no 1:yes)
0.00118313
0.00152196
0.000809572
0.00039536
0.000164498
5.27694e-05
5.42945e-05
3.84983e-05
2.65584e-05
3.92147e-05
0
0
0
0
0
0
0
0
0
0
7.63399e-05
6.49993e-05
5.92114e-05
5.49926e-05
3.75282e-05
0.00109
0.00139922
0.000942241
0.00148901
0.000265549
0.00143746
0.00124603
0.00146675
0.000896002
0.00032252
0.000547127
0.00198322
0.00256891
0.0017284
0.000813423
0.00162482
0.00237046
0.00116787
0.000631413
0.000622596
0.00140002
0.00195015
0.00104606
0.000356756
0.000734413
-0.000129014
0.00105586
0.00180268
0.00134688
0.000847835
0.00120747
0.00158984
0.00178106
0.00136595
0.00110898
0.000621592
0.00182135
0.00274734
0.00349773
0.000314493
0.000319033
0.000554629
0.00180618
0.00147442
0.00159493
0.00145452
0.000979788
0.000905333
0.000938145
0.00101784
-0.000307952
-0.000121673
0.000790731
0.00435193
0.000598197
0.000467951
0.000266161
0.000255756
0.000147457
1.96477e-05
2.01935e-05
2.33296e-05
1.42386e-05
1.23076e-05
0
0
0
0
0
0
0
0
0
0
2.92732e-05
1.13986e-05
8.13255e-07
0
0
0.00062231
0.000432402
0.000213193
0.000193705
0.000151342
0.000590474
0.000501626
0.000326484
0.000228868
-5.52771e-05
0.000322832
0.00045156
0.000312061
0.000243117
0.00010387
0.000638824
0.000297913
0.000127587
0.000128822
7.39914e-05
0.000557153
0.000237176
0.000196517
0.000152019
0.000165673
0.000502992
0.000386436
0.00026825
0.000180972
5.69401e-05
0.000762808
0.000649724
0.00034558
0.000229041
0.000139383
0.000258296
0.000362984
0.000409778
0.000475481
0.000208832
5.1386e-05
0.000252719
0.00134723
0.000735196
0.000698238
0.000603093
0.000188545
0.000188962
0.000257876
0.000203604
0.00113065
0.00118186
0.00135457
