# 1 157 (number of hyperplane, dimensionality of hyperplane)
# 0 (added bias feature? 0:no 1:yes)
-6.50373e-05
-0.00398403
0.023933
-0.00200023
0.00355823
0.00454596
0.00110101
0
0
0
0.000244663
0.000200183
0.000468931
0
0
0
0
0
0
0
0.00208827
0.000281969
0
0
0
-0.00714518
-0.000255212
0.0124202
-0.00267571
0.0236494
0.003696
-0.00555938
-0.00140437
0.0152577
-0.0119938
0.0217057
-0.00490173
-0.00341206
0.00983987
0.000653351
0.020926
0.00741888
-0.000443023
0.0122522
-0.0105896
-0.0180414
0.00932983
-0.013874
0.0160844
-0.0171241
0.0077565
-0.000691006
-0.00649451
0.0128314
0.00858545
0.00296401
-0.00397667
-0.014415
0.00809122
-0.000219813
0.00307016
-0.00237272
-0.00141288
0.0176304
0.00260978
0.000478272
0.00970072
0.00611184
-7.62744e-05
-0.00232493
-0.0179062
0.00215524
-0.0105093
0.0216821
-0.000865653
-0.0014581
0.00174626
-0.00472771
0.00525731
0.0115846
0.000315511
0.00916674
0.00750015
0
0.00335878
0.00168036
0
0
0
7.37116e-05
6.03107e-05
0.000141279
0
0
0
0
0
0
0
0.00266254
0.000472619
0
0
0
-0.00777924
-0.00663005
-0.00443952
0.0142806
0.0048743
-0.00418301
-0.000412347
-0.00926929
-0.00201038
-0.00366755
-0.00527158
-0.00342572
-0.00380207
0.000258664
-0.00410014
-0.00452196
-0.0120018
-0.0115326
0.00699944
-0.00227276
-0.0226988
-0.00749333
-0.00965054
-0.00971862
0.0161923
8.95833e-05
-0.00115293
0.00772958
0.00242127
0.0164147
0.0106135
0.00272483
0.00153557
-0.00596036
0.00604051
-0.00159972
0.0123718
0.0107341
-0.00364906
-0.000381642
-0.00126541
0.0134717
0.00978715
-0.00583414
-0.0011151
0.00395935
-0.0107819
0.00602869
-0.0103868
-0.00700023
0.00511341
0.00867514
0.00149068
