# 1 157 (number of hyperplane, dimensionality of hyperplane)
# 0 (added bias feature? 0:no 1:yes)
0.000283696
0.000810744
0.00106107
0.00115305
0.000958629
-0.00171219
-0.000104435
-0.00055857
-0.000750319
6.58591e-06
-0.00039159
-3.78705e-06
8.50594e-05
8.76322e-05
1.78931e-05
-0.000893916
-0.000119233
-0.000334793
-0.000972946
-0.000243126
-0.00095302
-0.000304548
-0.000566747
-0.00139198
9.04929e-05
0.00105509
-0.000530213
-0.000616526
-0.00128126
0.000448633
0.00200323
0.00124745
0.00216642
-0.000921224
0.00116489
0.000207094
0.00153373
0.00163131
0.00113372
0.000878142
-0.000399536
0.0011268
-0.000261435
0.00221252
0.00155641
5.91539e-05
-0.00118293
0.00104946
0.00214329
0.00065267
0.00187429
0.0016663
0.00174566
-0.00259396
0.000815459
0.00225312
0.000923628
0.00209927
0.00234895
0.00187001
0.000379773
0.000819562
0.000792736
0.00366097
0.00130566
-0.000961865
0.00104542
0.00264262
0.00242003
0.00133455
0.00121384
0.00124881
0.000449055
-0.000205584
0.000806749
-0.00108774
-0.00235688
-0.00125613
0.00333413
0.000240946
-0.00015016
0.000132647
0.000475591
0.000335636
0.00025053
-0.000172528
1.36212e-05
-9.0187e-05
1.79197e-06
-0.000764767
-0.000192971
-6.23203e-05
-5.59959e-05
0
-1.23094e-05
4.53828e-05
-0.000215839
-0.000575745
-3.01482e-05
1.78745e-05
-0.000126992
-0.000158054
-0.000580552
-5.88323e-05
0.000483611
-0.000222964
-0.000564981
-0.000480619
0.000246759
7.76711e-05
-0.000199627
0.000358654
-0.00136949
-3.25168e-05
0.000528618
0.000918646
8.28298e-05
-1.89544e-05
0.000587488
0.000116758
0.000734604
0.000638154
0.000276548
0.00035195
0.000134658
0.000806562
0.000315674
5.68994e-05
0.000363732
-5.78806e-05
0.000424919
0.000514713
0.000392194
0.000652148
0.00118294
0.00136013
0.00126432
0.00116227
0.000169702
0.000147646
-0.000118931
0.000155099
0.00039424
-0.000587025
0.00076322
-0.000555993
0.000596934
0.00135138
0.000445125
0.000914462
-0.0011207
-0.00142292
-0.00103166
-0.0018844
0.00126646
0.000349462
0.00142373
