# 1 157 (number of hyperplane, dimensionality of hyperplane)
# 0 (added bias feature? 0:no 1:yes)
-0.000605673
0.00124096
0.00298787
0.00255468
0.00606505
-0.00628411
0.00184737
0.000435622
-0.0037484
-0.000232146
-0.00373061
-0.00106575
0.000713699
0.00122469
0.000286042
-0.00544655
0.000670173
-0.00166139
-0.00652125
-0.00190598
-0.00284315
-0.000784292
-0.000463822
-0.00868065
0.000340108
0.00558947
-0.00619507
-0.00492004
-0.00365777
0.00480151
0.00520338
0.00419472
0.00609191
-0.00513228
0.00665517
-0.000158938
0.00332696
0.00213574
0.00190863
0.00508362
-0.0010614
0.00318171
-0.00318562
0.00451212
0.00784593
-0.00247156
-0.00814321
0.00617749
0.00467721
0.00301453
0.00455229
0.00414691
0.00876157
-0.00939383
0.00514789
0.0048005
-0.000892642
0.00345299
0.00616783
0.0107259
0.00102028
0.00211025
-0.00206948
0.00999286
0.00396684
-0.00306106
0.00256433
0.0174891
0.00668182
0.00254207
0.00310169
0.00263185
0.00185587
0.000689817
0.00205737
-0.00319304
-0.0141626
-0.00192874
0.00812461
-0.000584657
-0.00213894
-0.000295168
0.00403834
0.00139421
0.00176239
-0.00082189
0.000929657
-0.000339512
9.42157e-05
-0.00462961
-0.000357216
6.34257e-06
0.000717519
0
-0.00105597
0.000543269
-0.00137001
-0.00416891
-0.000444521
0.00108339
-0.0004098
-0.000412464
-0.00421512
-0.000381024
0.0030567
-0.00270282
-0.00334071
-0.00461281
0.000754545
-0.00210816
0.00101353
0.00328398
-0.00646405
0.000452438
0.0020428
0.00446939
-0.000856167
-0.00166429
0.00253442
-0.000956632
0.00455177
0.00184739
0.000706472
0.00232487
2.57753e-09
0.00344672
0.00068469
0.00046208
0.00224127
-0.00188055
0.00482937
0.000408772
0.000740852
0.00444048
0.00111322
0.00299198
0.00418803
0.00505768
0.00179578
0.000163132
-0.00071345
0.000438414
-0.000228945
-0.00358344
0.00389216
-0.0040038
0.000516459
0.00733909
-0.000209739
0.000612793
-0.002091
-0.00307286
-0.00391965
-0.00431765
0.00356777
0.000698627
0.00389931
