# 1 157 (number of hyperplane, dimensionality of hyperplane)
# 0 (added bias feature? 0:no 1:yes)
-0.00439881
0.00323732
-0.00130878
0.00354798
-0.000219439
0.001915
-0.00153981
-0.00150955
-0.0304897
-0.00619772
-0.0111697
0.0347661
0.0251718
-0.00449921
0.00381417
-0.00817608
0.0169911
0.0192996
-0.00362139
0.00407003
-0.00213151
-0.00107077
-0.00484727
-0.00462467
0.0143032
0.00499446
0.00464189
-0.000299335
-0.00360448
0.00152956
0.00155638
-0.00275468
0.00608122
-0.002418
0.00983961
0.00185237
-0.00314546
0.00306788
-0.00209635
0.00380334
-0.000346002
0.00662559
0.00668908
0.00606169
0.0344599
-0.00104982
0.00159804
0.00271876
0.00145801
-0.00661407
-0.00104437
0.00045106
0.00123151
-0.00169928
0.00160017
-0.00303116
0.0037469
0.00165368
-0.00426569
0.0178618
0.00222629
-0.00201533
0.00401066
-0.000940536
0.0027201
-0.000512999
0.00156486
0.0158168
0.0107996
0.00278923
0.00641998
-0.000556014
-0.000519249
0.00197733
-0.00189544
-0.000803015
-0.00225598
0.00295749
0.00936423
-0.00501478
-0.00589462
-0.00434099
0.00247703
-0.00651442
0.0021821
-0.0139268
0.00218877
-0.0365465
0.00589457
0.00405645
0.0256269
0.0240172
0.00264011
0
-0.00508555
0.0139
0.0197481
0.00347354
0
-0.000850263
0.00633478
-0.0163028
0.0104468
0.00413503
0.0076135
0.000907713
-0.00198487
-0.007936
-0.012404
-0.004975
0.00063999
-0.00427154
-0.00388925
-0.00244516
-0.00117131
-0.00539608
-0.00115956
-0.00523377
0.00555807
-0.00281749
0.0108687
-0.00492458
0.00820869
0.0236529
0.00546399
0.0012748
-0.00496551
0.00181086
-0.00501027
0.0040995
-0.00224896
-0.00612531
0.000532653
0.0119654
0.00246915
-0.000464158
-0.00587891
-0.00207045
0.0231288
0.000193111
0.00152254
-0.00301815
0.00131985
-4.20189e-05
0.000244267
-0.000482739
-0.00787512
0.00462353
0.00349
0.0013724
-0.00347275
0.000948997
-0.00161628
-0.00545868
0.00667563
0.00468081
-0.00124116
