# 1 157 (number of hyperplane, dimensionality of hyperplane)
# 0 (added bias feature? 0:no 1:yes)
0.000174354
0.000239158
0.000242153
0.000272288
0.000148954
-0.000179349
-3.65239e-05
-6.48825e-05
-9.46535e-05
4.8275e-06
-4.04619e-05
1.90789e-05
2.53205e-05
2.22095e-05
2.01645e-06
-0.000103529
-3.81641e-05
-5.22589e-05
-0.000146209
-3.04048e-05
-0.000112814
-4.09445e-05
-8.00052e-05
-0.000194158
1.23139e-05
0.00018087
1.21356e-05
-6.33453e-05
-0.000193175
5.93401e-05
0.000395436
0.000366645
0.000355898
-5.28084e-05
0.000177461
0.000117676
0.000358618
0.00034092
0.000325377
0.00016207
6.53274e-05
0.000311258
0.000167551
0.00050176
0.000249257
9.69373e-05
-4.47357e-05
0.000223953
0.000595864
0.000188742
0.000307628
0.000341351
0.000300262
-0.000251451
0.000160778
0.00043461
0.000258072
0.000467637
0.000516051
0.000255889
6.59713e-05
0.000368619
0.00048835
0.000893245
0.000197828
-0.000136981
0.000331778
0.000350341
0.000501737
0.000394425
0.00041981
0.000294944
0.000154961
7.88115e-05
0.000226628
-0.000207884
-0.000363734
-0.00034908
0.000921806
6.22153e-05
2.02184e-05
5.72241e-05
8.70076e-05
5.6267e-05
1.34279e-05
-1.05285e-05
6.5514e-06
-1.30213e-05
0
-9.54654e-05
-4.46145e-05
-2.37161e-05
-3.27284e-05
0
1.43562e-05
1.78884e-05
-1.43879e-05
-4.46158e-05
-2.2626e-06
-5.83301e-06
-2.08488e-05
-2.17122e-05
-5.53868e-05
-5.24767e-06
0.000111283
4.12824e-05
-1.53455e-05
-7.30825e-06
2.7683e-05
8.05719e-05
3.35809e-06
9.62803e-05
-0.000163356
-2.00923e-05
4.47622e-05
0.000138811
5.34064e-05
3.72216e-05
3.79466e-05
4.75477e-05
0.000186595
0.00014422
8.79017e-05
4.32837e-05
5.54211e-05
0.000138188
0.000102442
-3.64569e-06
3.68748e-05
3.13125e-05
0.000105816
6.56863e-05
8.0696e-05
6.758e-05
0.000230137
0.00024224
0.000220998
0.000170691
1.45261e-05
8.18059e-05
6.51244e-06
6.35941e-05
0.000130663
-4.83962e-05
0.000135262
-1.61118e-05
0.00018193
0.000265451
0.00016323
0.000237606
-0.0001533
-0.000166971
-0.000132175
-0.000219336
0.000290619
0.000169776
0.00024963
