# 1 157 (number of hyperplane, dimensionality of hyperplane)
# 0 (added bias feature? 0:no 1:yes)
0.0176823
0.000743426
-0.0082588
0.0136349
-0.0362247
0.00843201
0.00888927
0.0080549
0.00621786
0.00166656
0
0
0
0
0
0
0
0
0
0
0.00505965
0.0063558
0.00336227
0.00370389
0.00119543
0.00826822
0.00550647
-0.0125663
0.00667675
-0.0152033
-0.00596782
0.00840328
-0.0164189
0.0318532
-0.0159044
0.00153771
-0.00672265
0.0092494
0.00386496
0.00237043
-0.00221587
0.0114384
-0.00142447
-0.0132253
-0.00305584
-0.0034779
-0.0163874
-0.00180225
-0.0273679
0.00129871
0.00477442
0.000538126
0.00753958
0.0225133
-0.00812234
-0.0172665
0.0048167
0.0314044
0.0146112
-0.00171328
-0.00473121
-0.00419518
-0.000565261
0.0150487
0.00538005
-0.0105042
0.00964339
-0.00711601
0.00647719
-0.0034356
0.0188053
-0.0021966
0.00664042
-0.00551912
0.00109098
0.0100525
-0.00209578
-1.7318e-05
0.019517
-0.00508454
-0.00881943
0.0232664
0.00933596
0
0.00121619
0.000486477
0
0
0
0
0
0
0
0
0
0
0
0
0
0.00197148
0.00313695
0.0016723
0.00184221
0.000594571
-0.00406473
0.00453083
0.00820944
0.0142312
0.00249499
-0.0046502
-0.00018931
0.00189068
-0.0112714
0.00365517
-0.00911104
-0.00742543
0.00807539
-0.0107862
-0.00741637
0.00135991
0.000534279
-0.0226489
0.0094292
-0.021821
0.0020419
-0.000864335
-0.0152388
0.0180767
-0.0125798
-0.0110205
0.00977614
-0.0108366
0.0183242
-0.00231526
-0.00788624
0.00137887
-0.00669694
0.016559
0.00337436
-0.00831582
0.0138715
0.0148585
-0.0101055
-0.011508
0.00331624
0.0172922
-0.0154589
-0.00220697
-0.00149994
0.00998986
-0.00555525
-0.00274411
0.00132491
0.0016109
-0.00217547
0.0201085
0.00307172
