# 1 157 (number of hyperplane, dimensionality of hyperplane)
# 0 (added bias feature? 0:no 1:yes)
0.00112353
-0.000423458
-0.000462833
-0.00050455
-0.00107655
2.46939e-05
2.03733e-05
0
0
0
4.09089e-05
8.3679e-06
1.15056e-05
1.98739e-05
0
3.0681e-06
0
0
0
0
6.13496e-05
5.49237e-05
0.000139294
0.000220283
0
0.000606067
0.00146034
0.000658424
-0.00062914
-0.000549589
1.83947e-05
0.00297145
0.00312145
0.00395751
0.000360308
0.00289143
0.00559809
0.0043563
0.00686254
0.00337681
0.00247944
0.00597718
0.00117233
0.00189237
0.00105243
-0.000936558
0.00446235
0.00119804
0.00177706
0.00226164
0.0026738
0.00493745
0.00429467
0.00885364
0.00322979
0.000501315
0.00227148
0.00257374
0.00328042
0.000347431
0.00120003
0.00281455
0.00475968
0.00651215
0.000345312
0.000887927
0.00128241
0.00163661
0.00358712
0.00324699
0.00267316
0.00162233
0.000496434
0.000184263
0.00107755
0.000504763
0.00116597
-0.000232608
0.00716489
0.000551037
0.000354698
0.000194533
-1.79525e-05
2.18295e-05
-5.22656e-06
9.29656e-06
8.89221e-06
1.07641e-05
0
0.000114608
8.54039e-05
0.000191362
0
0
0
0
0
0
0
8.20713e-05
7.53671e-05
2.55648e-05
1.00583e-05
0
0.00150856
0.000405101
0.000364751
0.000767161
0.000202226
-0.000124389
-0.000223118
0.000723615
0.00160667
0.000385524
0.00164115
0.000889975
0.000936364
-0.000545177
-0.000509265
-0.000180715
0.00170254
0.000570271
-8.93944e-05
-0.00041706
-0.000595977
-2.22523e-05
0.000368444
0.0010698
0.000398796
7.48988e-05
0.00110369
0.000414017
0.00109152
-4.17731e-05
0.00203013
-2.17523e-05
0.000735762
0.000345735
-0.000240703
0.000713464
0.000829253
0.000723383
0.00079676
0.000153518
0.000581705
0.000638424
0.00208881
0.00235005
0.0015809
0.00143141
0.00110494
-0.000494323
0.000115778
-0.00182141
0.00355168
0.000506809
0.00091526
