# 1 157 (number of hyperplane, dimensionality of hyperplane)
# 0 (added bias feature? 0:no 1:yes)
-2.11886e-05
0.0027486
-0.00164713
-0.00107829
-0.00808134
0.012664
-0.0325641
-0.00573275
0.0163759
-0.00747446
0.0321688
-0.0162958
-0.0449908
0.0931716
0.0123103
-0.000122909
0.000410141
-0.0925116
0.00819428
0.0105761
-0.0665593
0.0870006
-0.0932413
-0.089964
0.017479
0.00021749
0.00281269
-0.00550433
0.00386402
0.0731814
0.000242395
0.00170298
0.000668391
-0.00217279
0.00258176
0.00203822
0.00175786
-0.00256528
0.000194286
0.00733569
0.00522848
0.000920039
-0.00161643
0.00314966
0.0031598
0.0074299
0.00221122
-0.00135327
0.00296421
-0.00119507
0.00614618
-0.00421963
0.00161133
0.000117536
0.0125069
0.000463518
-0.000465092
0.00071558
-0.000629375
0.0162759
0.00164106
0.000298305
0.000661204
0.000115607
-0.00137268
0.00313085
0.000697015
0.000413757
0.00209313
-0.00167418
0.00436881
-0.000262548
-0.00144128
0.0019292
0.000651172
0.0020512
0.000312907
-0.000434756
-0.00626293
0.00188167
0.00346116
0.000964961
-0.0014677
-0.000500983
0.0172252
-0.0326632
0.00102232
0.0179451
-0.013329
0.0465657
-0.0169522
-0.0433134
0.0966697
0
0.00426131
0.00135222
-0.083722
0.00285416
0.0123643
-0.0625533
0.0930941
-0.0939899
-0.085477
0.0053122
0.00818954
0.00134894
-0.00273032
0.00345813
0.0673682
0.00496034
0.000251498
0.00250989
-0.00132006
0.000650347
0.00743562
0.00249402
0.00144421
0.000260595
-0.00304657
0.0121086
-0.00239309
0.000668012
0.00477155
0.00264222
0.0106989
-0.000137597
0.00333741
0.00029301
0.00742202
0.00933825
-0.00181889
0.00313158
-0.000473997
0.0201932
0.00449432
0.00230482
0.0013865
-6.06256e-05
0.0165664
-0.000670313
-0.000725192
-3.51801e-05
0.0010201
-0.0030301
0.00245149
-0.000132144
0.00271904
0.00727889
0.00210893
0.00194225
-0.00318314
-0.00409545
-0.00141842
-0.00242816
0.00202201
0.00102579
0.00298579
