# 1 157 (number of hyperplane, dimensionality of hyperplane)
# 0 (added bias feature? 0:no 1:yes)
-0.00207903
0.0013527
0.00745675
-1.7437e-05
-0.00567281
0.013636
0.0285205
-0.0735938
0.23439
-0.31396
-0.0177912
0.446565
0.0288325
0.0325115
0.00268382
-0.0374052
0.309442
-0.265354
0.389755
-0.623665
-0.0275261
0.0437343
-0.0489659
-0.0647814
-0.0629413
0.00089972
0.00466753
-0.00170016
0.000769303
-0.00414076
-0.00161844
-0.0076411
0.00968308
-0.00421781
0.00818358
0.0119083
0.00178107
0.0036372
-2.48583e-05
-0.0195435
0.00675693
0.00196876
-0.0150814
-0.000858883
0.0199119
-0.00501767
0.0127472
0.012977
-0.0125794
0.00441638
0.00366248
-0.00569754
-0.00329285
0.00488098
0.0876638
0.00179624
-0.00153846
0.00374923
0.00302463
0.0051961
0.00700227
-0.00842533
0.0105911
0.00487204
-0.0014861
0.00881822
0.004733
0.033416
-0.00913527
0.0203039
0.0117835
0.0141186
0.00258795
-0.00208952
0.00456891
0.0303148
-0.0182694
-0.00034402
0.0369397
0.000687369
-0.02044
-0.0224906
-0.00508171
-0.0113995
0.0267105
0.203494
0.0320477
0.103454
0
-0.0321225
0.454605
0.0217389
0
0
-0.0189833
0.295744
0.0318445
0.0597088
0.016099
-0.024452
0.0427674
-0.110455
-0.0785573
-0.0683456
-0.00785344
0.00184595
-0.0215664
-0.0168917
-0.0151064
-0.005495
-0.00173435
-0.0132116
-0.0390783
-0.00771493
-0.00455119
-0.0118949
-0.00601401
-0.0284417
-0.0274218
-0.00886304
0.0156999
-0.0351452
-0.0223015
0.00854441
-0.00496758
0.0332372
-0.0180336
-0.0410374
-0.013356
-0.00846955
-0.00908729
-0.0273527
-0.0139812
0.0972709
-0.00245105
-0.0242797
-0.0114277
-0.0112881
-0.0008665
-0.00030401
0.0170997
-0.00612406
-0.0132234
-0.00655614
0.00649508
-0.000403072
0.010662
0.00453864
0.0217198
-0.00604543
0.00428591
0.0190567
-0.0175999
-0.0023442
-0.00182653
0.0188822
-0.0126218
