# 1 157 (number of hyperplane, dimensionality of hyperplane)
# 0 (added bias feature? 0:no 1:yes)
0.00165582
0.00127359
-0.000556073
0.000961354
-0.000238438
-0.000539346
-3.94844e-05
-0.000880833
-0.00071809
-8.7385e-05
-0.000420883
9.48787e-05
-2.21392e-05
5.19693e-05
0
-0.000512458
-0.000432472
3.11657e-05
-6.49507e-05
1.68763e-05
-0.00087056
0.00105836
0.000445903
0.000102682
-3.40447e-05
0.00139533
0.00131935
0.00166813
0.000474318
-6.04353e-05
0.000372333
0.00261175
0.00239432
0.00106645
0.000168213
0.000460208
0.00272864
0.00100161
-0.000795738
0.00108014
0.00199413
0.00485077
0.00191727
0.00189084
0.00108819
2.35067e-05
0.00316584
0.00247425
0.00334312
0.00162703
0.000571689
0.00332131
0.000472111
0.00138539
0.00179711
0.00106001
-0.000151133
0.00177402
0.000329683
0.000269362
0.00208497
2.18545e-05
0.00271351
0.00591829
0.000687831
0.00145143
-0.000150526
0.00236024
0.00314043
0.00324408
0.00486052
0.00230815
0.00105269
0.000178114
0.000141186
-0.000436112
0.000162439
0.000733775
0.00639979
0.000639219
0.000847346
-0.000703845
0.00019455
-1.13745e-05
0.000641386
0.000245389
3.19346e-05
6.06994e-05
3.3544e-06
0.000291056
7.42425e-05
0.000221771
-1.93632e-05
0
0.000142873
5.248e-05
0.000153329
-9.2935e-05
0
0.000612555
0.000306407
0.000284724
0.000119173
0
0.00148476
0.00166567
0.00111792
0.000441761
3.09832e-05
-0.000637396
0.000198856
-0.000217708
-0.000522718
-0.000848963
0.000960345
7.51963e-05
0.00177505
4.49886e-06
-0.000667936
0.000338699
0.000845573
0.00175215
0.000324922
0.0015388
0.000622043
0.00200104
0.000676745
0.000717834
0.000178822
0.000584807
0.0022601
-0.00256019
0.000693565
0.000242958
0.000777348
0.0015577
-0.00202253
0.000994857
-9.2317e-05
0.00136744
6.41637e-05
-0.000332655
0.000903856
0.00139353
-2.71047e-05
-0.00157462
0.000696388
-0.00011536
-0.00179551
-0.00194343
0.000909908
-0.000550633
-0.00141597
-0.00280983
-0.000780207
0.00161747
0.00190942
