# 1 157 (number of hyperplane, dimensionality of hyperplane)
# 0 (added bias feature? 0:no 1:yes)
-0.00238396
0.000410499
0.000323642
0.00122669
0.000718051
0.000123025
3.5984e-05
0.000132216
0.00011277
9.74932e-06
0
0
0
0
0
0
0
0
0
0
6.82114e-05
-0.000376482
-0.000201288
-0.000224337
-0.000113318
0.00201333
0.00259599
0.000848014
0.00132694
-0.000376852
0.00529502
0.000798278
0.00145594
0.00288066
0.00113492
0.00180089
0.00212331
0.0030173
0.00324899
0.000852252
0.00521679
0.00461678
0.000544548
-0.000214112
-0.0013538
0.00301723
0.0057015
0.00052335
0.000603928
-0.000448342
0.00298178
0.00336491
0.00323378
0.00369161
0.00153845
-0.00259678
0.00107994
0.00217594
0.00234015
-0.000338241
0.00203191
0.00230687
0.00275682
0.00337158
0.00226515
-0.00024231
0.00207903
0.000913169
0.000393685
0.000208404
0.000815947
0.000684553
-0.000424645
0.000494978
-0.000118915
-0.00118235
-0.00257433
0.00201589
0.005659
0.000655806
-0.000115086
0.000133059
-0.00014758
-0.000166693
0.000236297
0.000180553
0.000138345
0.000161114
0.000153128
0
0
0
0
0
0
0
0
0
0
0.000221236
0.000129722
7.54771e-05
8.36623e-05
2.8877e-05
-0.000564635
0.000613808
0.000427326
2.3452e-05
0.000172986
0.00218327
0.000572784
0.00129572
0.000218784
0.000412269
0.000214706
0.00110102
0.00101366
0.000813
0.000647356
0.00102276
0.000776506
0.000238489
0.000893628
0.000928767
0.000292871
-1.50058e-05
-0.000603738
0.000303663
0.00114144
0.000935766
-0.000651549
-4.23985e-05
0.000102112
0.000321119
0.000279419
-0.00243846
-0.000857163
0.000192785
1.14307e-05
0.000748962
0.000780544
0.000632613
0.000693062
0.000221177
0.000548294
-1.13672e-05
0.00316979
0.000855857
0.000683982
0.000876315
-0.000171553
0.00051771
-4.99269e-05
0.000515489
-0.00153773
0.00193033
0.00298099
