# 1 157 (number of hyperplane, dimensionality of hyperplane)
# 0 (added bias feature? 0:no 1:yes)
0.000825801
0.00131079
0.0027837
0.00189199
-0.000415958
-0.000191117
-0.000157377
0.000483142
0.000123986
-3.00238e-05
-0.000410316
-0.000467202
8.54287e-06
2.9683e-05
0
-0.00074223
-0.000312678
9.90563e-05
4.68837e-05
0
0.00021863
0.000480196
0.000258469
-4.72721e-05
-5.07899e-05
0.00113203
0.00241605
0.00109182
0.00100375
0.000146764
0.00205774
0.00287039
0.00432448
0.00626319
0.00368901
0.00432657
0.00374392
0.00366098
0.00449794
-0.000223831
0.00134152
0.00580369
0.000945461
0.00335203
-0.000246353
0.0023461
0.00505253
0.00169861
0.00289365
0.000302182
0.00421075
0.00427803
0.00507334
0.00510323
0.000825026
0.00132829
0.00196816
0.00591816
0.00575599
0.00355523
0.00395215
0.00546154
0.00829548
0.0119436
0.00202876
0.00199813
0.00410563
0.00592277
0.00487074
0.00363479
0.00452688
0.00386867
0.00342806
0.000906658
0.000753909
0.0013986
4.97026e-05
-0.00020027
0.0222897
0.00111449
-2.68018e-05
0.000788123
0.00139178
0.00029354
-5.14505e-05
3.43061e-05
-8.51703e-05
-7.64049e-06
6.00476e-06
0.000145113
0.000193929
7.25579e-05
5.9366e-06
0
0.000313439
0.000312663
0.000118325
0
0
0.000334528
0.000420338
0.000195904
0.000105626
1.45114e-05
0.00144809
0.00022896
0.000186572
0.000400518
8.70708e-05
0.00236536
0.00230735
0.00283344
0.00230278
-0.00133233
0.00179937
0.00275361
0.00238447
0.00225645
0.000485751
0.00122625
0.000621915
0.000777174
0.00121641
-7.70215e-05
0.00197155
0.00163163
0.00130059
0.00134541
0.00019034
0.00175294
0.002215
0.00216931
0.00211526
0.000452092
0.00291679
0.00260919
0.00257018
0.00169657
5.80449e-05
0.00313396
0.00411493
0.00454274
0.00496743
0.00109019
0.00212319
0.00322759
0.00854677
0.00372996
0.0035734
0.00348505
0.00164038
0.00175571
0.00210217
0.00134311
0.00418076
0.00483277
0.00537083
