# 1 157 (number of hyperplane, dimensionality of hyperplane)
# 0 (added bias feature? 0:no 1:yes)
6.85449e-05
0.00099099
0.000295149
-9.25097e-07
0.000556241
0.000131546
2.24452e-05
-0.000506507
-0.000335805
6.89653e-06
0
0
0
0
0
0
0
0
0
0
-1.54396e-05
-7.82431e-05
-0.000116961
4.97451e-05
2.61783e-05
7.54928e-05
0.00175598
0.00172998
0.00140406
0.000199487
0.00161375
0.00117583
0.000353885
-0.00120302
-0.00108734
0.00271702
0.00334547
0.00212891
0.000137104
-5.34217e-05
0.00282246
0.00288531
-0.000416093
0.000518434
-0.000255751
0.00181131
0.00101355
-1.57859e-05
0.000341595
-0.00226622
0.00372257
0.00361563
0.00318627
0.00299437
-0.000118125
0.00117039
-0.000931073
-0.000243583
-0.00125037
0.000389046
0.00123411
0.00132562
0.00180846
0.00380078
0.00109232
0.000147295
0.000740767
0.001933
0.00210493
0.0023558
0.00298115
-0.000142214
-0.000130134
0.00121487
-0.000128139
0.00192734
0.00303269
0.00250968
0.00474732
0.00063621
0.00020637
4.02879e-05
0.000245796
0.000114526
0.000371342
0.000477265
0.000421702
0.000218302
1.37931e-05
0
0
0
0
0
0.000106663
7.27279e-05
0
0
0
0.000278864
0.000279378
0.000191224
6.37099e-05
2.0236e-05
0.000781971
0.00027855
0.000221399
0.000529639
-0.000322207
-4.2034e-05
0.000190342
4.83674e-05
-0.000157218
-0.000584107
0.000849173
0.000423607
0.000890937
-0.000545273
-0.000942333
-0.000226013
0.000892206
0.000349126
0.000442813
5.782e-06
-0.000101973
0.00062341
0.000475213
6.39237e-05
-0.000334085
0.000811211
0.00123095
0.00144125
0.000988207
0.000494572
0.000498676
0.000990788
0.000631794
-0.000274538
-0.000224165
0.000618763
0.000259104
0.000210251
0.000303198
0.000434476
0.000191448
0.00104566
-0.000888897
0.000986896
0.00076278
0.000661685
0.000759796
0.000687263
0.000558911
-0.00055052
-0.000935252
0.00225459
0.00158012
