# 1 157 (number of hyperplane, dimensionality of hyperplane)
# 0 (added bias feature? 0:no 1:yes)
0.00208371
0.000494159
0.00182154
0.000599007
-0.000525742
-0.000154839
-9.61892e-05
0.000110805
5.19904e-05
0
0
0
0
0
0
0
0
0
0
0
-0.000513225
-3.37278e-05
2.14179e-05
7.16921e-06
0
0.000823052
-0.00052475
-0.000439473
-0.000176098
-3.43835e-05
0.00214672
0.00138186
0.00043184
-0.00591665
-0.00146423
0.0021229
-8.26815e-05
0.0017687
0.00233539
0.00386284
0.00307323
-0.00244361
0.000125468
0.00404928
-0.000405081
0.00156334
0.000574005
0.000529222
0.00150978
-0.00172743
-0.000621262
0.00502213
0.000732758
0.00305501
0.00208304
0.0018103
0.00135139
-0.00225467
-0.00117279
0.000513936
0.00174838
0.00207414
0.00189289
0.00185278
0.00133756
0.000426781
0.00154452
-0.00488398
0.0020895
0.00244643
0.00366466
0.00125671
0.00130817
0.00187361
0.00216478
0.0038848
0.00228795
-0.00457918
0.00579323
0.00137619
0.0008374
0.000389074
0.000228358
-4.27482e-06
-0.000126499
-9.29109e-05
0
0
0
0
0
0
0
0
0
0
0
0
0
-0.000106905
1.65056e-05
9.07294e-05
3.43486e-05
0
0.00106672
0.000443033
0.000211959
0.000167223
-0.000179259
2.76916e-05
-0.00158291
0.000487153
0.000287276
-0.00115383
0.000392096
-0.000217472
8.23429e-05
0.000305597
0.000225489
0.000706263
0.0012346
0.000882559
-0.000116734
0.000427048
0.000335364
0.000957014
0.000825712
0.000150029
0.000182315
3.02812e-05
0.000661181
0.00102766
0.000539073
0.000374883
0.00124245
0.000874885
0.000701752
0.000869306
0.000246529
0.000763192
0.000721211
0.000227967
-0.000176688
0.000262216
0.000520443
0.000725446
0.00170688
0.000480998
0.000162783
0.00029248
0.00157246
0.00105897
0.00101935
-0.000482701
0.00154852
0.00101101
-0.00023348
