# 1 157 (number of hyperplane, dimensionality of hyperplane)
# 0 (added bias feature? 0:no 1:yes)
-0.00557925
0.00541871
0.000889896
-0.00195229
0.00362736
0.00935779
0.0166637
-8.58742e-05
0.0055866
0.000751781
6.79962e-05
0.00262828
0.0101972
-0.00127353
-0.00367088
0.00424875
0.00912654
0.00388745
-0.00869847
0.00500539
-0.00222797
0.0110001
0.0191419
-0.00736796
-0.00468989
-0.0021771
0.00281436
0.00655647
-0.00863325
0.000444653
-0.00599858
0.00851063
0.00152676
-0.00365242
-0.00557656
0.0117308
0.00180907
0.00268697
0.00293558
0.000324343
0.00644734
0.00329534
0.00618935
-0.00261674
0.0201523
0.00133073
-0.00274858
-0.00379897
0.000527798
-0.0088577
-0.00209886
-0.00665924
-0.00586754
0.00400714
0.000569511
-0.0022942
0.00321023
-0.00387399
0.00210934
0.00583115
0.00529307
0.00155242
0.00437418
0.00083331
-8.22203e-05
0.00558417
0.00826832
0.0459483
0.0230068
0.0184365
-0.00839479
-0.00173396
-0.00350433
-0.000515375
-0.00211517
0.0235891
0.00973251
-0.0140288
0.011585
-0.00235731
0.00497737
0.00546288
-0.00437183
0.00219205
-0.00172646
0.0188139
0.0198542
0.00888484
0.000368416
0.00145459
-0.00040942
0.00074709
0.00203732
0.000163245
0.00122624
0.00545282
-0.000768241
-0.00485974
0.011322
0.00378643
0.00453628
-0.000379419
-0.00376933
-0.00132873
-0.00120706
-0.00474629
-0.00419261
-0.00178435
-0.00291749
-0.00708119
0.00511576
-0.00888812
-0.00607871
0.00254573
-0.00037954
0.0066229
0.00423749
-0.00816976
-0.0038573
0.00544096
0.0086345
0.0135367
-0.00744574
0.0200074
0.00527546
0.00722826
0.00413989
-0.0170849
-0.00435442
0.00237257
0.000318037
-0.000507523
-0.00529463
0.00130034
0.00371098
0.000671597
0.00761044
-0.00593069
0.00335622
0.00284131
-0.00431933
0.00358759
-0.000753862
-0.00545551
0.00861922
-0.00183237
0.00435191
0.0158047
0.00946897
0.00157347
-0.00636289
-0.00551124
-0.00204903
-0.00642301
0.00384989
-0.00969986
-0.000611536
