# 1 157 (number of hyperplane, dimensionality of hyperplane)
# 0 (added bias feature? 0:no 1:yes)
0.0108015
0.0131207
-0.00674727
-0.00980283
0.0569195
0.0508853
-0.0230442
-0.0098996
-0.0236324
0.0156453
-0.0228169
-0.153749
-0.0716355
0.0294736
0
-0.086409
0.0370522
0.0342023
0.00427527
0
-0.0186578
0.0334026
0.0324239
-0.0582029
0.00489452
0.00260295
-0.00635321
-0.000736531
0.000687418
0.0767728
-0.00521841
-0.00131756
-0.000314007
0.00696503
-0.0427731
0.00122284
-0.00396043
-0.0166185
0.00982214
-0.0122032
0.0244403
-0.0116629
-0.00157866
0.00417504
0.00544786
-0.00366584
0.0188029
-0.0116016
0.00560777
1.67646e-05
-0.00914053
-0.00154294
-0.00752865
-0.00105174
0.00874101
-0.00480916
-0.00619492
0.00378617
0.00946961
-0.00156787
0.00563545
0.0180947
-0.0140008
0.0157062
0.00661977
-0.00102257
-0.000510721
0.0892358
0.0160721
-0.000111127
0.00441647
0.00276265
0.00405703
0.00350031
0.00644248
0.0988824
0.0569401
-0.00238425
0.025115
0.0075253
0.00702481
-0.0228335
0.00851818
0.0558959
-0.00614289
0.0394637
0.0115635
0
0
0.0167356
0
0
0
0
0.00657421
0
0
0
0
-0.030986
0.105814
0.0274441
-0.116642
0.0117149
0.00581281
0.0160163
-0.0158177
-0.0215444
0.0719543
-0.013442
0.00445485
0.00695403
-0.0119177
0.0169432
0.00987631
0.0023911
-0.00373976
-0.0175688
0.0478029
0.00555675
0.0119315
-0.0102922
-0.000832433
0.0113869
-0.00463367
-0.0183107
0.0038224
-0.0180937
0.0114088
0.00072291
0.00335276
-0.010936
0.0131415
-0.000548004
-0.00288048
0.0173077
0.00520461
-0.0171375
-0.00691178
0.0171706
-0.0236921
0.0105749
-0.00259431
0.00830496
0.00921016
-0.00102712
0.0469149
0.0120995
0.00289033
-0.00130481
0.00155496
-0.00581048
-0.00422977
0.00164643
-0.0150719
-0.0148765
-0.0347949
