# 1 157 (number of hyperplane, dimensionality of hyperplane)
# 0 (added bias feature? 0:no 1:yes)
0.000129846
0.000130598
5.79721e-05
-0.00028148
-0.00017767
-7.01421e-05
-6.39698e-06
-1.48592e-05
-3.80855e-05
-2.53515e-05
-8.71366e-05
-8.18189e-06
-1.83331e-05
-3.45459e-05
0
-6.54342e-05
-6.46291e-05
-5.37736e-05
-6.11663e-05
-4.50576e-05
-0.000139577
-0.000132747
-0.000140695
-7.68873e-05
-6.46068e-05
0.000214743
0.00011778
6.27399e-05
0.000107996
0.000115626
0.00023665
2.9061e-05
0.00016489
0.000293404
8.71248e-05
6.83493e-05
0.000304489
0.000596856
0.000609364
0.000118764
0.000224964
0.000563148
0.000537702
0.000366034
0.000139825
0.000153696
0.00043859
0.000573319
0.000462992
-1.77595e-05
-8.95852e-05
0.000689982
0.000500494
0.000602158
-0.000146786
0.000224819
0.000300597
0.000322872
0.000443558
6.59369e-05
4.72979e-05
0.000511271
0.000830956
0.00118569
4.51624e-05
2.21855e-06
0.000296906
0.000110698
0.000836131
0.000835665
0.000711053
0.000184651
0.000250383
0.000374248
0.000332484
0.000197457
9.15195e-05
7.75756e-05
0.000867031
4.37054e-05
-6.94592e-05
-2.89887e-06
-4.19362e-06
-5.78599e-05
2.3162e-05
8.02507e-06
0
0
0
2.23225e-05
0
0
0
0
4.74936e-06
2.63008e-06
1.97472e-05
2.02658e-05
1.43334e-05
2.02224e-05
1.23044e-05
2.6321e-05
2.12046e-05
1.29069e-05
0.000156215
0.000152502
7.61373e-05
8.19067e-05
4.81674e-05
9.70918e-05
-2.64625e-05
2.49706e-05
2.01404e-05
9.65321e-05
-5.50871e-06
0.000157956
0.000102108
3.04062e-05
-7.6344e-05
0.000164763
-3.02846e-05
0.000101486
9.67778e-05
7.49872e-06
9.9861e-05
-0.000209168
0.000109352
5.07232e-05
-1.18385e-05
9.09614e-05
0.000157158
0.000223252
0.0001143
-3.39717e-05
0.000225598
-5.44331e-05
5.09981e-05
2.76907e-05
-1.98282e-05
0.000242388
0.000262845
0.000289578
0.00026127
9.10033e-05
0.000157267
0.000191426
0.000182099
0.000215346
0.000102273
8.63001e-05
-2.31898e-05
4.20504e-05
9.0371e-05
2.21388e-05
0.000461521
3.62779e-05
9.58696e-05
