# 1 157 (number of hyperplane, dimensionality of hyperplane)
# 0 (added bias feature? 0:no 1:yes)
0.001345
0.000412822
-0.000206516
0.0014181
0.000361697
-0.000948074
-0.000587963
-0.000630755
-0.000678249
-0.000669504
-0.000132542
-6.37001e-05
-5.92026e-06
0
0
8.95167e-05
8.13795e-06
0
0
0
-0.000929212
-0.00088509
-0.00053083
0.00010034
0.000148845
0.000766218
0.00326905
0.00124722
0.00173991
0.00119658
7.42419e-05
0.00287886
0.00141481
0.00169449
0.00238003
-0.000537621
0.00274244
0.00250452
0.00255319
-0.00073389
0.000681697
0.00226446
0.00136341
0.00720572
0.000878631
0.00162054
0.00257232
0.00263228
0.00227
-0.0010121
-0.00058073
0.00132785
-0.0030209
0.00240921
0.00110014
0.00125968
0.00081878
-0.000622728
0.00265826
-0.000672124
0.000259386
-0.00104837
0.000691562
0.00275561
0.000350147
-9.42881e-05
0.00177904
0.00287005
0.00620331
0.0064747
0.0068483
0.00273107
0.00203539
0.000317702
0.00172319
0.000646602
-0.00334007
-0.00152074
0.00341138
-0.00114941
0.000165346
-0.000413673
0.000326715
0.000339521
-0.000175452
-0.000189902
-0.000259742
2.57953e-05
0
-0.000167974
-0.000137436
-5.8791e-05
0
0
0
0
0
0
0
-0.000650394
-0.000443137
-0.00055935
-0.000490204
-0.00153041
-0.000884462
-0.00169525
-0.00132047
0.00132381
-0.00146411
-0.00067137
0.000110776
0.000483948
0.00140468
-0.00102926
-0.000317453
0.000674699
0.000691763
-0.00253062
-0.00161179
0.00207286
0.00201781
0.00142333
0.000546975
0.000653713
0.000795868
0.00155591
0.00117865
0.00303714
0.00146986
-0.00192523
0.000161658
0.000855932
0.00139571
0.000153693
-0.000236187
-0.0016543
8.72747e-05
0.00165422
0.000126894
-0.000324277
-0.00116194
-0.000423812
-4.56812e-07
-0.00141672
0.0011349
-0.00174701
0.00443452
0.0019832
0.00190819
0.00178772
0.000578786
0.000427227
0.000587369
-0.00188699
0.00237076
0.00284507
0.00126352
