# 1 157 (number of hyperplane, dimensionality of hyperplane)
# 0 (added bias feature? 0:no 1:yes)
0.0041856
0.000846635
-0.00911887
0.00272878
0.00055594
-0.0050107
-0.00626313
-0.0104227
-0.00238994
0
-0.00664281
-0.00593763
-0.00208223
-0.0029016
0
0.00302544
0.00541519
0.00427109
0.000616833
0
-0.00379113
-0.00847425
-0.00530793
-0.0018618
-0.00155554
-0.00451434
0.000568845
-0.00641231
0.00779458
-0.00287897
0.0033438
0.0107802
0.00101498
0.00312476
-0.0017826
0.00525496
-0.000172663
0.00560639
-0.00314999
-0.00281417
0.00276769
0.00531533
-0.000187554
-0.00176783
0.00235022
-0.00248078
0.00213939
-0.00105816
0.00654958
-0.00240457
0.00418655
0.00246869
-0.00251225
-0.00240382
0.00207482
-0.00023336
-0.00117008
-0.00147688
0.00387234
0.00514739
0.000767917
0.000853059
0.00751339
0.000320046
0.00335643
-0.0026891
0.00309275
0.0112859
0.00438618
0.00549239
0.000286289
-0.0010635
0.00070721
0.000164416
0.000110743
0.00828184
0.00176008
0.00510085
0.000855054
0.000272949
0.000366505
-0.0051177
0.00197395
0.000200378
-0.00123013
-0.00143058
-0.00128368
-0.00201317
0
0.000193037
-0.00092888
0.000570886
0.00019469
0
0.00175533
0.00289293
0.00249815
0.000805969
0
-0.00133634
-0.00194018
0.00176582
0.00116799
0
0.000378828
-0.00169472
-0.000860428
0.00543973
0.00022508
-9.98427e-05
0.00267402
-0.00318767
-0.000846705
0.00138375
0.00168929
0.00396489
0.00336219
-0.00726515
-0.000213996
0.00172215
0.00631019
0.00123625
-0.00345892
0.00277916
0.000972939
0.00491716
-0.0018004
0.000433306
-0.000151246
-0.00119671
0.00295189
-0.00313622
0.00180392
-0.00417386
-0.000714508
-0.00131285
0.00199941
0.000899919
0.0012881
-0.00144826
0.00225451
0.00535388
-0.00028753
8.3985e-05
-0.00159179
0.00569254
0.00881589
0.000986779
0.00259585
-0.00194739
-0.000451744
-0.00159449
-0.00157493
-0.00116089
0.000827856
0.000394429
0.0021938
