# 1 157 (number of hyperplane, dimensionality of hyperplane)
# 0 (added bias feature? 0:no 1:yes)
0.00186881
-0.00276019
-0.0215662
0.0141846
0.751643
-0.0847316
0.168509
1.44944
0.401355
0.14877
0.263318
0.27571
0.134789
0
0
0.12162
0.0678636
0.0860369
0.213723
0.0589113
-0.122951
0.115293
0.142917
-0.15065
0.518496
0.00094693
0.00340036
-0.00780075
0.00323724
-0.00950645
-0.00101258
0.000137993
0.000708996
-0.000871006
0.00117485
-0.000578477
-0.000146294
0.000435374
0.000591908
-0.00155731
0.0027558
0.000283898
0.00112801
0.00348263
-0.00387912
0.00234219
-0.000768485
0.00103689
-0.000880758
-0.000682468
0.00189343
-0.00139296
0.00101765
0.000457087
-0.0208133
-0.000635971
0.000104088
-0.000268805
3.51897e-05
-0.00327976
-0.000716359
-9.69378e-05
0.00144863
-0.00227758
0.000476493
-0.0012392
-0.000824783
0.00109336
0.00130514
-0.00209948
0.00610516
-0.00103108
0.000117081
0.00113589
-0.00154941
-0.000102624
-0.000765749
0.000205214
0.0858919
-0.0131015
-0.0276748
-0.0693759
-0.0425134
0.0249971
-0.0961985
0.131363
1.03889
-0.674527
-0.320715
0.242681
0.339211
0.147044
0
0
-0.84048
1.19922
0.43996
0.45087
0.0236703
-0.139289
0.0924912
0.138629
-0.218274
0.48096
-0.0163591
-0.0243541
-0.0554364
-0.0553259
-0.0407138
-0.0154769
-0.0295828
-0.0484635
-0.059156
-0.0442187
-0.0131613
-0.0221711
-0.0492408
-0.0606811
-0.0535416
-0.00710707
-0.0197499
-0.0483421
-0.0547415
-0.0504642
-0.011291
-0.0186805
-0.0413404
-0.0611371
-0.0390064
-0.0115738
-0.0234674
-0.0404995
-0.0573657
-0.0676541
-0.0152709
-0.0283674
-0.0444582
-0.0574689
-0.0496812
-5.31058e-05
0.000998675
-0.00146091
-0.000365928
-0.000769513
0.000744246
-0.00123582
0.00365554
-0.00149378
0.00130571
0.00129106
0.000595042
-0.000216461
-0.000409467
-0.00144742
-0.000966934
-0.0025467
-0.000310643
