# 1 157 (number of hyperplane, dimensionality of hyperplane)
# 0 (added bias feature? 0:no 1:yes)
-0.000429429
0.000640738
9.38875e-05
0.000196725
2.27998e-06
-0.000138736
6.50763e-05
6.84233e-05
0.000185919
0
0
0
0
0
0
-0.000415003
-0.00033013
-0.000319237
0
0
0.000509136
0.000117
9.89923e-06
0
0
0.00076843
0.00190473
0.00112255
0.000426328
9.97507e-07
0.00195783
0.00194473
0.00239138
0.00176473
0.000293306
0.000899151
0.000975379
0.0018111
0.00104509
0.000936468
0.001058
0.00230981
0.00281199
0.0023014
-0.000485431
0.00118716
0.00150688
0.00268411
0.00399809
-0.00112375
0.00063553
0.00143096
0.000930958
0.00173952
0.00017974
-0.000187226
0.00193796
0.00122546
0.00321534
0.0002038
0.00166313
0.00264071
0.00425631
0.00540627
0.000800438
0.000896217
0.00234976
0.000260124
0.00176438
0.00152181
0.000747534
0.00216064
0.00198242
0.000632571
0.00169439
0.00148005
0.00159065
0.00112099
0.00597165
0.000833151
0.000817098
0.000344076
0.000273923
0
-3.90047e-05
0.000113779
4.33091e-05
5.68507e-05
0
0
0
0
0
0
0.000219645
0.000174725
0.00016896
0
0
0.000304368
0.00013593
1.48109e-05
0
0
0.000531995
-0.000121455
0.000149462
0.0004958
0
0.000394054
-0.000626616
-0.000131029
0.000336621
1.22282e-05
0.000568769
0.0019356
0.000246725
-0.000365702
-0.000134603
7.30317e-05
0.00102788
0.00172524
-0.000288455
-0.00225653
0.00040315
0.000457651
-0.000818542
0.00168802
-0.000375278
-9.36113e-06
-0.001355
0.000289528
0.00252248
0.00122961
0.00109219
0.0013471
0.00113484
-4.77462e-05
1.40392e-05
0.000256427
0.000460388
0.000271865
-7.34555e-05
0.000408003
-0.000157466
0.00090524
0.0020477
0.00120828
-0.000172455
0.000751159
0.000571063
4.22256e-05
0.000135856
0.000417652
0.00188976
-0.000658408
0.0031502
