# 1 157 (number of hyperplane, dimensionality of hyperplane)
# 0 (added bias feature? 0:no 1:yes)
0.000950454
-0.000348566
-0.000376443
-0.000427629
-0.00105253
2.59946e-05
2.05906e-05
0
0
0
4.58532e-05
9.37925e-06
1.28962e-05
2.22758e-05
0
3.43891e-06
0
0
0
0
6.66647e-05
5.90071e-05
0.000141466
0.000222009
0
0.000483897
0.00148864
0.00060797
-0.000631114
-0.000534817
-4.90103e-05
0.00306247
0.00314762
0.00393248
0.000388938
0.00295656
0.00557917
0.00431193
0.00694187
0.00341429
0.00250644
0.00594275
0.00118174
0.00200188
0.00099081
-0.000974688
0.00438771
0.00118787
0.00178829
0.00240232
0.00270387
0.00487033
0.00420683
0.00895567
0.00323578
0.000502176
0.0023398
0.00272209
0.00331189
0.000408805
0.00118268
0.00275032
0.00475533
0.00651406
0.000321385
0.000894767
0.0012705
0.00167575
0.00359397
0.00331211
0.00271898
0.00141801
0.000421272
0.000199716
0.00101408
0.000665563
0.00133006
-0.000128717
0.00707859
0.000483154
0.000223325
0.000152864
-8.54213e-05
1.16907e-05
-9.68294e-06
7.54325e-06
7.21515e-06
8.73402e-06
0
0.000116112
8.56231e-05
0.000191854
0
0
0
0
0
0
0
7.91954e-05
7.35383e-05
2.07433e-05
8.16135e-06
0
0.00143169
0.000370455
0.000363564
0.000761
0.000192113
-9.74869e-05
-0.000234855
0.000673921
0.00155201
0.000391669
0.00166735
0.000854969
0.000965114
-0.000572611
-0.000508869
-0.000227699
0.00174005
0.000524406
-8.96119e-05
-0.000375941
-0.000624736
-4.62447e-05
0.00041434
0.00105371
0.000373751
0.000121397
0.00106567
0.000403563
0.0011849
6.88526e-05
0.00202178
8.30008e-06
0.000792362
0.00035113
-0.000241106
0.000671559
0.000764189
0.000655576
0.000752838
0.000104331
0.00058927
0.000625411
0.00212558
0.00235195
0.00157594
0.00143287
0.00114374
-0.000520889
0.000117377
-0.00187436
0.00357003
0.000601131
0.000968065
