# 1 157 (number of hyperplane, dimensionality of hyperplane)
# 0 (added bias feature? 0:no 1:yes)
0.000610904
0.000272062
5.76157e-05
-0.000513821
0
0.000278671
0.000120079
-5.57288e-05
0.000149002
0
3.26763e-05
2.07944e-05
0
0
0
0
0
0
0
0
9.30681e-05
-0.000404627
-0.000567925
3.15034e-05
0
0.00159269
8.34484e-05
0.000386145
9.18321e-07
0
0.00236865
0.00211657
0.00153487
-4.71875e-05
0.000157759
0.00164182
0.00179195
2.29308e-05
0.000639864
0.000219084
0.000515365
0.00181385
0.00149112
0.00142357
0.000886292
0.000182532
-0.000229555
0.000217435
0.00134579
0.00108835
0.001329
0.000491483
0.000887306
0.00216885
0.000180927
0.00210887
0.00148708
0.000583731
0.000236385
0.000160252
0.00228275
0.00234253
0.00246098
0.0027265
0.00107672
0.00125289
0.00164484
0.000395646
0.0012508
0.00180226
0.00025361
0.00100188
0.000100161
0.00146062
0.00117368
0.00171701
0.00213572
0.00181106
0.0046692
0.000168971
5.01323e-06
0.000238214
0.000902258
0
0.00028429
8.79996e-05
2.86732e-05
0
0
1.08921e-05
0
0
0
0
0
0
0
0
0
0.000325375
-0.000106105
-0.00015258
6.66552e-05
0
0.000414356
0.000257922
0.000104723
0.000498974
3.26767e-06
0.000719404
0.00068268
9.28392e-05
-1.78514e-06
4.93235e-06
0.000147948
-0.000742492
0.000141772
-0.000901813
-1.33895e-05
0.000810155
0.00157167
0.000295558
-0.000280863
-5.55907e-05
0.000752106
-4.51112e-05
-0.00026171
0.000599367
-8.61687e-06
0.000482906
-0.000405495
0.00101018
0.00101049
5.0272e-06
0.000593952
0.000862275
0.000724404
0.0012535
2.35687e-05
0.000859203
0.00063646
-0.00040288
-0.00183707
0.000419127
0.000457178
0.00246134
0.00159299
0.000173145
0.0010923
0.00105205
0.000939436
0.000538016
0.00155423
0.00070835
0.000913782
-0.000121032
-1.41973e-05
