# 1 157 (number of hyperplane, dimensionality of hyperplane)
# 0 (added bias feature? 0:no 1:yes)
-0.000153876
-0.000718397
0.00127394
0.00071815
0.000815075
0.000626713
0.000486902
0.000665635
6.14505e-05
0
0
0
0
0
0
2.28776e-05
3.11984e-05
2.39981e-05
4.01975e-05
6.23956e-06
0.000169796
3.23405e-05
7.79942e-06
1.48318e-05
8.66596e-06
0.000307032
0.00137468
0.000522087
0.00132329
-0.00277964
-0.000351742
-0.000617645
-0.00160773
0.00513716
-0.000910479
-0.00463211
0.00169266
0.00464623
0.0127817
-0.000810577
0.00143626
0.000396316
0.00406011
0.00587016
0.004276
-0.00309094
0.0013492
0.00210526
-0.00058154
-0.00449884
0.000644165
-0.00115058
0.000764664
0.0018861
0.00225376
0.000300301
0.000253903
0.00302058
-0.0033826
0.00304362
0.00394113
0.000678567
-0.000125896
0.000942453
0.00270404
0.00128516
-0.00135107
0.00123041
0.000827309
-0.000441269
0.00369213
-3.52761e-05
0.000993132
-0.00162047
0.00142573
0.00382999
0.00239991
0.00610894
0.0043214
0.00126788
0.00164171
0.00058576
0.00163876
5.68161e-05
1.97775e-05
3.5892e-05
6.0662e-05
2.25941e-05
0
0
0
0
0
0
0
0
0
0
0
2.03626e-07
0
0
0
0
-0.000163005
-0.000745455
-0.000909862
-0.0016959
-0.00225549
0.000296563
-0.00155713
-0.00192694
-0.00312508
-0.00271826
0.000397425
0.00143505
0.0013688
0.0008452
-0.000228213
0.00123469
-0.000316049
-0.00102641
0.00115751
3.56545e-05
-1.9005e-06
0.00127794
0.00217553
0.00126422
0.000577441
0.00114695
0.00157892
0.000382522
0.00133713
0.00290892
0.000852621
-0.000830021
0.0022682
0.00181106
-6.57949e-08
7.74903e-05
-0.000319493
0.000144172
0.000124744
-3.66826e-06
8.43123e-05
-0.00123308
0.00104914
0.00238579
0.00232817
0.00247195
0.00147947
-0.000153684
-0.00111213
-0.00117934
0.00137341
-0.00150451
-0.00111023
