# 1 157 (number of hyperplane, dimensionality of hyperplane)
# 0 (added bias feature? 0:no 1:yes)
0.000132505
0.000258954
-1.09456e-05
-0.000116112
-4.73585e-05
4.04171e-05
1.58774e-05
1.58179e-05
1.64386e-05
2.41375e-05
0
0
0
0
0
8.33162e-06
3.78726e-06
2.8485e-06
3.47156e-06
4.62883e-06
4.53939e-05
1.68151e-05
7.99663e-06
1.19422e-05
1.366e-05
0.00033016
0.000190038
4.73294e-05
7.97617e-05
8.22318e-05
0.000530778
0.000911142
0.000347976
0.000287672
-0.000217983
0.00149833
-3.0545e-05
0.00125236
0.0006078
-7.83761e-05
0.00129962
0.00114058
5.37522e-05
0.000516811
0.000459026
0.00123958
0.00103756
0.000308619
0.000542859
0.00046888
0.00129951
7.64433e-05
0.00142036
0.000599789
-0.000232986
0.000353943
0.00109646
0.00041704
0.000270325
-0.000198546
0.00063675
0.000989999
0.00123904
0.00143794
0.000235571
0.000416768
0.000794461
0.000582659
0.000726636
0.000676479
0.000674333
0.000644108
0.000527178
0.000664738
0.000634321
0.000852382
0.000800776
0.000746863
0.00176511
0.000250562
0.000149573
9.11691e-05
5.40474e-05
-1.80957e-05
-4.57332e-06
-1.14264e-06
1.15792e-06
1.40173e-06
1.44316e-06
0
0
0
0
0
0
0
0
0
0
5.99682e-06
-1.90519e-07
-4.16459e-07
1.31141e-06
6.11099e-06
0.000241963
0.000123274
9.33662e-05
6.64465e-05
3.35536e-05
0.000206402
0.000131578
0.000111376
9.0362e-05
-9.65586e-06
0.000206881
0.000158062
3.37312e-05
-2.80406e-05
-0.000136567
0.000175776
0.000158969
8.3212e-05
7.50473e-05
7.40578e-05
8.10855e-05
0.000217954
0.000139891
0.000123017
0.00019014
0.000203682
0.000267948
0.000192769
0.000130766
0.000136572
0.000285845
0.000234564
0.000152372
0.000132201
0.000102294
0.000189973
0.00022064
0.000264944
0.000299859
9.08942e-05
0.000102929
0.000177767
0.000581638
0.000479845
0.000430348
0.000417444
0.000169328
0.000214035
0.000119368
7.47023e-05
0.00052568
0.000580419
0.00058206
