# 1 157 (number of hyperplane, dimensionality of hyperplane)
# 0 (added bias feature? 0:no 1:yes)
1.46465e-05
2.26475e-05
-1.70892e-06
3.17836e-05
7.06033e-05
-0.000115205
2.79062e-05
2.29948e-05
6.11789e-06
1.99334e-06
1.53584e-05
2.2439e-05
1.42089e-05
4.09896e-06
2.74805e-07
1.96437e-05
1.39416e-05
1.33209e-05
8.43673e-06
3.67797e-06
-1.46048e-05
7.17087e-05
4.29038e-05
2.01039e-06
4.65003e-06
-5.62182e-06
6.2578e-06
2.97212e-06
-6.67684e-05
1.37834e-05
-1.19135e-06
-5.93582e-06
5.31727e-06
-1.07177e-05
2.81262e-05
-3.56543e-05
2.37143e-06
2.28384e-05
9.16923e-07
-2.99733e-05
5.19654e-05
-1.04483e-05
3.38509e-05
1.96587e-05
-5.53871e-05
2.34237e-05
-1.94314e-06
2.76094e-05
1.99757e-05
-3.29246e-05
-2.83454e-05
-4.62438e-06
5.61831e-06
1.4692e-05
-7.58117e-05
-7.53328e-06
6.36762e-06
3.57565e-06
-4.62242e-06
-6.36542e-06
-1.79083e-05
-1.41637e-05
-1.00839e-05
2.85792e-05
-2.98087e-05
1.23628e-05
-1.49353e-05
-2.66637e-07
1.84258e-05
1.91849e-05
1.23058e-05
-1.59658e-05
5.29655e-06
-3.6082e-05
-4.36584e-05
2.6212e-06
4.02124e-06
-1.431e-05
2.71209e-05
1.18693e-05
1.77705e-05
-3.09881e-05
5.959e-05
4.87121e-05
-8.04162e-05
3.41063e-06
1.64981e-05
-5.31469e-05
-6.3091e-05
1.6337e-05
1.98246e-05
1.32955e-05
4.13645e-06
1.71046e-07
-3.02654e-05
3.64238e-05
2.43259e-05
1.88323e-05
6.80459e-06
-1.263e-05
4.60554e-05
5.1598e-05
1.36767e-05
2.40684e-06
-1.43046e-05
-1.12624e-05
2.06666e-05
-6.91909e-05
1.15085e-05
-1.99403e-05
-1.05594e-05
1.71053e-05
-1.28864e-05
2.53894e-05
-4.67685e-05
-1.30968e-05
-7.18965e-06
2.01593e-05
-5.37586e-05
3.42542e-05
-9.53412e-06
-1.73812e-05
7.48482e-05
-5.85091e-05
4.91996e-05
6.97907e-06
-2.60253e-05
5.66094e-05
-1.43507e-05
-4.49889e-05
-1.48909e-05
-1.93829e-05
1.93026e-05
-7.46054e-05
-1.0087e-05
-1.4333e-05
1.46486e-05
2.38967e-05
-1.11956e-05
-2.64841e-05
-1.21734e-05
-1.49171e-06
4.57295e-05
-4.14169e-05
1.5513e-05
-3.00063e-05
2.69802e-05
6.81696e-06
2.21033e-05
-3.21531e-05
-2.09543e-05
1.44402e-06
-4.20515e-05
-4.64469e-05
-1.09469e-05
-2.50304e-05
-1.65914e-05
