# 1 157 (number of hyperplane, dimensionality of hyperplane)
# 0 (added bias feature? 0:no 1:yes)
0.00617974
0.00639537
-0.00792274
-0.0136222
0.00227372
-9.56997e-05
-0.00110028
-0.0035921
-0.00140013
-0.000727205
0.00342932
0.00304204
0.00273458
0.00225843
0
-0.000271808
0.00186758
0.000576491
0.000144838
0
0.00344873
0.00349835
0.00239886
0.00136038
0
0.00605847
-0.00232994
0.00204325
-1.5399e-06
0.00173768
0.00269105
0.00283709
0.00136348
0.0012273
0.00635757
0.0013203
0.0081996
0.00557553
-0.00698559
0.00862285
-0.000784223
-0.000960973
0.0153975
-0.00312566
0.000243248
0.00273543
-0.00403307
0.0163221
-0.0019441
0.00426258
0.00100807
0.00261737
0.0113787
-0.00146728
0.00683884
0.00278139
0.00466242
0.00381869
0.0122559
0.00795695
-0.00040469
-0.00516196
0.0048064
0.00239386
0.00100257
-0.00146194
0.00918427
0.00944296
0.00671476
0.00541905
0.00595749
0.00646173
0.00104676
0.00362812
-0.00121137
0.0135847
0.0198758
0.0158463
0.0108109
-0.000555387
-0.00391097
-0.0109101
0.000645632
0.000636911
0.00105055
-0.000158452
-0.00309923
-5.08727e-05
8.91868e-05
-0.000578153
9.28176e-05
0.00222047
0.00140667
0
-0.000122865
-0.00302237
-0.000927465
0.000212494
0
0.000413653
0.00280133
0.00221911
0.000517336
0
0.00223104
-0.00430129
0.0025316
0.000842826
1.20122e-05
6.44511e-05
0.00129218
0.0029848
0.00176652
0.000305215
-0.00186352
0.00295907
0.00334212
0.00247508
0.000428566
-0.0020291
-0.00136363
0.00184072
0.000430377
0.000255269
0.00172048
-0.00277194
-0.000267377
-0.00220271
-0.000636945
0.00218812
-0.004152
0.000500092
0.00265996
0.000331258
2.40929e-05
-0.00249408
0.000281186
0.0103576
0.00068278
-0.000686243
0.000900477
-0.0016317
-0.00352383
-0.00152235
0.000868596
0.000799373
0.00951123
0.000443408
-0.00237541
0.00121424
0.000340229
0.00129939
0.00324933
0.00385596
0.00849378
0.00607077
0.0104331
