# 1 157 (number of hyperplane, dimensionality of hyperplane)
# 0 (added bias feature? 0:no 1:yes)
-0.000777035
0.000507277
0.000822303
0.000156247
-0.000961423
3.13319e-05
7.08247e-06
0
0
0
0
0
0
0
0
0
0
0
0
0
2.93112e-05
2.42616e-05
1.70933e-05
1.80251e-05
3.79989e-05
-7.05947e-05
0.000684186
0.000526702
-0.000129564
-0.000512663
0.00117731
0.00246785
0.000989384
0.000270561
-0.000778273
-0.000866939
0.000828846
0.00365079
0.000430046
-0.000145584
-0.000436489
-0.000257318
0.000349676
-0.000608801
-0.000802752
-0.000840911
7.37349e-05
0.000647125
-0.000245679
-0.000864157
-0.0015906
6.70268e-07
0.00215049
0.00132784
0.000272951
0.000703273
0.00050772
0.00174252
0.00196789
0.000970211
0.00152487
0.00116355
0.00123388
0.00170551
0.000674038
0.000883899
0.00197067
0.00111421
0.00261014
0.00285299
0.00274186
0.000732813
0.00089852
0.00131522
0.00187775
0.00263805
0.00319229
0.00117026
0.00244032
0.000831739
0.000947926
0.000541405
0.000345737
0.000224839
3.81113e-05
0
0
0
0
4.9031e-06
0
0
0
0
0
0
0
0
0
0.000130439
0.000114868
7.38478e-05
6.87244e-05
0.000138514
0.00061673
0.000361465
-2.78128e-05
-0.000601491
-0.00149322
1.36532e-05
0.000248146
-0.000292986
-0.000772246
-0.00177665
-0.000464119
-3.34051e-05
0.000509403
0.000347749
-9.86689e-05
0.000752131
4.87293e-05
-0.000363536
-0.000459226
-0.00100174
-8.47837e-05
0.000443815
0.000581995
0.000676306
0.00021664
0.000288315
0.00151929
0.000824967
0.00046481
-9.14955e-05
0.00102079
0.00179318
0.000822573
0.000814715
0.000553027
0.000670166
0.00017297
-0.000300537
-0.000887644
0.000366124
0.000315857
-0.000111718
0.000447999
0.000856891
0.000124113
0.000826357
-1.04701e-05
-0.000492131
-0.00111283
-0.00145766
0.0018635
0.00189545
-0.000443195
