# 1 157 (number of hyperplane, dimensionality of hyperplane)
# 0 (added bias feature? 0:no 1:yes)
-7.44473e-05
0.000266179
0.000142472
0.000128297
0.000176105
5.3627e-05
1.00092e-05
-5.9755e-06
-1.69728e-05
-5.18813e-05
1.54825e-05
3.36613e-06
8.81588e-07
0
0
6.66645e-06
5.45459e-06
8.20531e-06
9.61561e-06
7.99987e-06
4.16545e-05
1.6729e-05
2.31619e-05
1.51484e-05
8.49438e-06
2.89621e-05
0.000193734
9.23777e-05
0.000168236
2.0027e-05
7.72859e-07
0.000229346
0.000822133
0.000898538
0.000306886
-5.50704e-05
0.00127106
0.000457651
0.000597866
9.85605e-05
-0.000361587
0.000266566
0.000945492
0.000321031
0.00024266
-0.000445899
0.000175706
0.00118714
0.000366722
0.000376652
8.68901e-05
0.00117335
0.000490753
0.000733767
0.000161472
-4.50128e-05
0.000611045
0.00103929
0.000933327
0.000574465
0.000281843
0.000812737
0.00114342
0.00146674
0.000183494
0.000102171
0.00039064
0.000150504
0.000516852
0.00048592
0.000652789
0.000275069
0.000243072
0.000153159
0.000300731
0.000685141
0.000700802
0.000706611
0.00130311
0.000113252
8.81115e-05
5.65973e-05
5.46856e-05
3.41893e-05
6.8739e-06
3.36083e-06
2.39285e-06
2.89665e-06
3.55282e-06
0
0
0
0
0
2.30518e-05
2.55007e-05
7.56953e-06
0
0
1.14092e-05
8.02901e-06
9.55546e-06
3.01722e-06
2.33916e-06
0.000119697
8.726e-05
4.5673e-05
2.99942e-05
2.08242e-05
0.000173811
0.000116152
9.47344e-05
7.77122e-05
7.45655e-06
6.31573e-05
0.000183614
6.54425e-05
5.24919e-05
1.65805e-05
0.000119849
0.000174564
8.17003e-05
9.51859e-05
6.05124e-05
9.98848e-05
0.000136808
0.000133949
6.17858e-05
5.97582e-05
0.000166986
0.000186671
0.000108053
6.24685e-05
2.36589e-05
0.00017174
0.000148838
6.61037e-05
5.48641e-05
2.75281e-05
0.000207233
0.000274614
0.000291413
0.000268863
5.09348e-05
0.000162371
0.000189483
0.000470199
0.000223361
0.000235394
0.000380504
1.57115e-05
2.32e-06
3.01214e-05
3.98452e-06
0.000407293
0.000420337
0.000500618
