# 1 157 (number of hyperplane, dimensionality of hyperplane)
# 0 (added bias feature? 0:no 1:yes)
-0.00415895
0.00396361
0.000511444
0.00343983
0.00450283
-0.000742722
-0.000660197
-0.000947246
-0.00114662
-0.00225371
0
0
0
0
0
0
0
0
0
0
-0.00014333
0
0
0
0
0.000849076
-0.00199758
-0.000384655
0.00643227
-0.000804216
0.0062142
-0.00716806
0.0103908
0.00774061
-0.0129747
-0.00448907
0.0108112
0.00422967
0.0083768
-0.0115644
-0.0166962
0.00282951
0.00502101
-0.00152979
-0.00354187
-0.00536191
0.00463375
0.0045744
0.00534146
0.005153
-0.00241949
0.0178351
0.00177414
0.00993107
-0.00878001
-0.00547945
0.00247276
0.0148115
0.0116416
-0.00363143
-0.00105416
0.00381581
0.00403273
0.00926504
-0.00234436
0.00134034
-0.000839232
0.000882119
0.000747857
0.000452495
0.010816
0.00320571
-0.00176113
-0.00165629
0.00212053
0.0129073
0.0117612
0.0116322
0.0105166
0.00304837
0.00287429
0.00171255
0.00202785
0.0014113
-0.000130343
-0.00011586
-0.000166235
-0.000201225
-0.000395511
0
0
0
0
0
0
0
0
0
0
-2.51535e-05
0
0
0
0
0.00171916
0.00144817
0.00162395
0.00180498
0.00107803
0.00227043
0.00420318
0.00232591
0.00306793
0.00355307
0.000284731
-0.00011767
-0.000654387
-0.000149811
-0.000912948
0.000673571
0.000504935
-0.00188965
0.000206617
-0.00116124
0.00150461
-0.00146682
0.00208023
0.000409161
0.000173813
0.00129398
0.000831285
-0.000331462
-0.000962365
-0.00443105
0.000423431
0.00249523
-5.68211e-05
-0.00113028
-0.000147183
0.00171634
0.00186073
0.00141913
5.07828e-05
-3.4624e-06
0.00178663
0.00109388
0.00265704
-0.000946675
-0.00103802
0.00728898
-0.00437095
-0.00407394
-0.00377358
-0.00657658
0.00170647
-0.00180868
0.00139125
