# 1 157 (number of hyperplane, dimensionality of hyperplane)
# 0 (added bias feature? 0:no 1:yes)
0.00459758
-0.00455268
-0.00305997
0.0110536
-0.0058453
-0.00234761
0.00100965
-0.00303707
0.0169775
0.00307776
-0.00858981
0.00226778
0.00762551
0.000797354
0
-0.0237006
0.000114127
-0.00761663
0.00569095
0.00390032
-0.0108628
0.00288521
-0.0194801
-0.00450192
0.00552809
-0.00395998
0.0107601
-0.0144924
0.0160388
-0.00729145
0.00013447
0.000247808
0.00309374
-0.000284257
-0.000199514
0.000207257
0.0104312
-0.0141051
0.00748849
0.0110772
-0.00520683
0.00191879
0.00596464
-0.00589512
-0.000160116
0.00729991
-0.00766903
-0.0051709
0.00840478
0.000628122
-0.0081348
0.00171764
-0.00120071
0.00135701
0.00237088
0.0050541
-0.00561154
-0.000815525
0.0175905
0.00894079
0.00206641
0.00870608
-0.00639617
0.00450555
0.00106428
0.00104107
0.00184599
0.0178652
0.000987795
0.01242
0.0072502
-0.00181419
0.00613419
0.00211359
0.00241123
-0.00766879
-0.00643305
-0.00445601
0.0074915
-0.00263043
-0.0083813
0.00443087
0.0205741
0.0141829
-0.00492704
0.00236747
-0.00530536
0.00458146
0.00104496
-0.00117451
-0.000320246
0.000664812
0.000259024
0
-0.0107473
-0.0134433
0.000270862
-0.000527808
-0.00123701
0.0164329
-0.00651757
-0.0103446
-0.0123914
-0.00798052
0.00211027
-0.000633147
0.00526056
-0.000506546
-0.0106443
-0.00658218
0.00411667
0.00573479
-0.00585617
-0.00956506
0.00240085
-0.000191578
-0.00816823
-0.00352209
0.0116594
0.0126163
-0.0001397
0.00117495
-0.00383271
-0.00762403
0.0121368
-0.00361341
-0.00734982
0.00912609
-0.00479959
-0.0014274
-0.00366408
0.000159162
0.0150232
-0.0118836
0.00341945
-0.00563824
-0.00602253
0.0278707
-0.000595019
0.00338735
-0.008347
0.00760498
-0.00273814
-0.000185618
0.00371181
0.0071937
-6.33204e-05
0.00122472
0.00339064
0.00163652
-0.00461126
0.00239803
0.00793918
-0.00309929
0.00659524
-0.0113901
-0.000555855
