# 1 157 (number of hyperplane, dimensionality of hyperplane)
# 0 (added bias feature? 0:no 1:yes)
0.0123645
-0.00193742
-0.00542819
0.0093964
0.00614907
-0.0044359
-0.016402
-0.00142241
0.0110907
0.00153393
-1.48785e-05
-0.0335097
0.0437258
-0.000718371
0
0.0343595
-0.0576027
0.0202124
0.0199258
0
-0.00120784
0.0100167
-0.0368577
-0.00668631
0
0.0144683
0.0109683
-0.0250291
0.0013708
0.0320883
-0.00394553
0.0140463
-0.00430341
0.00357028
-0.0673049
0.00886586
-0.00743218
-0.00100264
0.00155536
0.0288624
0.00405866
0.000163359
-0.00758062
0.0048756
0.0566633
0.00887297
-0.00190142
0.00127258
-0.00327531
-0.0270732
0.000794247
0.0055822
-0.00346575
-0.0012328
0.0177048
-0.00574358
-0.0141386
0.0020188
-0.00628365
0.00624291
0.0188754
0.00382775
-0.0117439
0.00909534
0.0351988
-0.0169578
0.00348836
-0.00367787
0.00367737
-0.00551023
-3.09621e-05
0.000702258
-0.00572709
0.00388365
-0.00295328
0.0320434
0.0304947
0.0180461
0.00759077
0.0215353
-0.0142386
-0.0236072
0.00612663
0.000294981
0.0131507
-0.0388775
-9.54747e-05
0.00237514
0.00119636
0.0335445
-0.01478
-0.00172763
0.0361925
0
0.0247375
0.0228983
0.0147909
0
0
0.0657672
0.028583
0.00851382
0
0
0.0294311
0.00220958
-0.025437
-0.00101064
0.0297582
0.00500467
-0.0241364
0.0425726
-0.0105932
-0.0414942
-0.00435495
-0.00376293
0.00248768
-0.0250076
0.067264
-0.00362645
0.00850893
-0.0262578
-0.0102935
0.0162927
-0.0161076
-0.0119763
0.0099042
-0.0218378
0.00680504
-0.00347753
-0.0117297
0.00205577
-0.0225875
0.0261149
0.0290737
-0.0188742
-0.00900322
-0.0134441
-0.00090859
0.0114117
-0.0104787
0.010861
0.00171394
0.00753646
0.00402587
-0.00814928
0.0159641
-0.00313933
-0.00584703
0.00555287
-0.00211858
-0.00218213
0.00373662
-0.00218886
0.00677779
0.00862831
0.000765294
