# 1 157 (number of hyperplane, dimensionality of hyperplane)
# 0 (added bias feature? 0:no 1:yes)
0.000527206
-0.000439689
-0.000246365
-9.02869e-05
0.000227905
-9.72217e-05
-8.36705e-05
-0.000109933
-0.000196726
-0.000376679
0
0
0
0
0
0
0
0
0
0
7.44051e-05
3.74987e-05
2.26554e-06
0
0
0.00165958
-0.000183862
0.000759084
0.000565789
9.74596e-05
0.00154411
-0.000216641
0.000847251
0.000582852
0.000234293
0.000476351
0.00234415
0.000255376
0.000476394
-0.000854057
0.000174336
0.00605871
0.00133695
0.000272879
-0.00126131
0.000519904
0.00408641
0.000608594
-0.000486544
-0.0020003
0.000703624
0.00203464
0.00133649
0.00134851
0.000621402
0.00062189
0.000961794
0.000946135
0.000761423
0.000790191
0.00104523
0.000333494
0.00117494
0.00249284
0.000750321
0.000306367
-4.32153e-05
0.000531832
0.00137957
0.00193393
1.09233e-05
0.00168379
0.00046591
0.0011881
0.00170868
0.00137497
0.00113797
0.000784858
0.00283003
0.000654651
0.000213698
0.000175134
8.01995e-05
-0.00063975
3.46015e-05
2.96584e-05
7.09211e-06
0
0
0
0
0
0
0
0
0
0
0
0
3.43408e-05
2.24992e-05
4.53109e-06
0
0
0.000432489
0.000988438
-1.87772e-06
0.00013222
0.000369597
8.94249e-06
0.0011567
0.000504434
-0.000341756
-0.000472924
0.000921785
0.000449752
0.000499193
0.000215106
0.000744983
-0.000100486
-0.000973182
-0.000790511
-0.000582314
-0.000965975
-0.000849225
-0.000205961
0.000216484
-0.00103551
-0.00160234
0.00100788
0.000433543
0.000935056
0.00147874
0.000276096
0.00110598
4.16909e-05
0.000713657
0.00146585
0.000696626
0.000499692
0.000115331
-0.000908238
-0.00173222
0.000238092
0.000271765
0.000268647
0.000288724
0.000736404
0.00148956
0.00159036
-0.00124865
-0.000343982
0.000273587
0.000723848
0.000339245
0.000518023
0.000314507
