# 1 157 (number of hyperplane, dimensionality of hyperplane)
# 0 (added bias feature? 0:no 1:yes)
0.00187163
-0.00289385
0.000957762
0.000216774
0.00221444
0.00184227
0.00181147
0.00232902
0.000909657
7.48492e-06
-0.00379667
-0.00196737
-0.001383
-0.000629662
0
-0.00726182
-0.0032488
-0.00721863
-0.00542042
0.000221254
-0.00104051
-0.000258848
-0.00546068
-0.00614336
0.000503969
0.00411625
0.00126048
9.88305e-05
-0.00671882
-0.000322742
0.00129557
0.00221111
0.000597754
0.00115958
-0.00103003
0.00406006
-6.19234e-05
0.00378444
0.0026749
-0.000899052
-0.003109
0.000392799
0.00194196
6.22873e-05
0.000896816
-0.00619819
0.0016177
-0.00535405
-0.00412428
0.00843813
0.00371064
0.00705128
0.00337326
0.00628212
0.00331021
0.0020625
0.00501056
-0.00536851
-0.0110993
0.00136016
0.00554033
-0.00376762
0.000513204
0.00621981
0.00664402
-0.00114657
0.000773929
0.0064414
0.00709977
0.0106085
0.00366464
0.00156962
-0.00117989
-3.15298e-05
0.000443962
0.00759605
0.00635159
0.00833416
0.0110391
0.000930175
6.7702e-05
-0.000353717
0.00404962
0.00025619
0.00184358
0.000979621
0.000377146
6.10669e-05
5.4106e-06
-0.000359447
-0.00256404
-0.00241359
-0.00105708
0
-0.00142411
-0.00133467
-0.00151107
-0.00271791
-0.00071208
-0.000126802
0.000463651
-0.00143869
-0.00221045
7.08886e-06
0.000249186
0.00101349
-0.00294759
-0.00157202
0.000535836
0.00279321
0.0027575
0.00183224
-0.00186564
0.00153903
0.00372907
0.00239685
0.0037742
0.00190676
-0.00142111
0.00419074
0.00223779
0.00043019
0.00362325
-0.000121536
-0.000744756
-0.000972071
0.000266187
0.00258796
-0.000719373
-0.000374806
0.0058404
0.0045689
0.00320179
-0.00091076
-0.0041219
-0.000705948
0.000374077
0.000964857
0.000330704
0.0028233
-6.61002e-05
0.000986146
0.000932162
0.00242879
0.000409845
0.00107814
0.00222996
-0.000733485
-0.00134769
0.000822821
-0.00213287
-0.0017545
-0.00184223
-0.00212078
-0.00704554
-0.000390356
-0.00989264
