# 1 157 (number of hyperplane, dimensionality of hyperplane)
# 0 (added bias feature? 0:no 1:yes)
-0.00700689
0.00560758
-0.0138512
-0.0133506
0.00991829
0.00630338
0.0017497
0.00428776
0.00353037
0.00213995
0.000397067
0.000270733
0.000330889
0.000622678
0
0
0
0
0
0
0.00366256
-0.00029311
0.000592892
-0.00102753
0
0.00882184
0.00950023
-0.0177335
-0.0108606
0.0270193
-0.012265
0.00271915
0.0156325
0.0192532
0.02357
0.000370909
0.00409089
-0.0134423
-0.012102
0.0249889
-0.0048784
-0.00293824
-0.0024092
0.0147263
0.0147434
0.00186823
-0.000600888
0.00440919
0.0132692
0.0156497
-0.0170789
0.000573417
-0.00610738
0.00297953
-0.0049549
0.00648604
0.00090035
0.00156512
-0.0195056
0.0217748
0.0113712
-0.00407461
0.000883814
0.0108748
0.0337583
-0.023257
0.018162
0.00358403
0.00990775
0.00824028
-0.0149391
0.000879652
0.00236731
0.0113145
-0.00991101
0.00293145
0.0165928
-0.0257758
0.0185626
-0.00870148
-0.0188799
-0.0168729
-0.00201887
0.00784877
0.00798811
0.00215878
0.0021732
0.000767276
0
0
0
0
0
0
0
0
0
0
0
0.0165156
0.00947163
0.013659
0.00341341
0
0.00481579
0.00299255
-0.00432006
0.00981057
0.0082659
0.00406456
0.00730064
0.014858
0.00843494
-0.0111648
0.00962667
0.0143544
0.00366519
-0.0107259
0.00436506
0.00795586
-0.00340183
0.00221497
0.0195532
-0.00732981
0.00369585
-0.00937149
-0.00487646
0.001764
-0.00248671
-0.00642125
-0.000905432
-0.00581774
-0.00754935
-0.0122702
-0.00971424
-0.0171702
-0.00932534
-0.00391822
0.02915
0.00352973
0.00837118
-0.00175663
-0.00192159
0.0121001
-0.00890339
0.00791674
0.0237335
-0.00135133
-0.00392426
0.00876498
-0.000538765
0.00954367
0.00517021
-0.0126476
-0.00803322
0.00101158
-0.0313138
