# 1 157 (number of hyperplane, dimensionality of hyperplane)
# 0 (added bias feature? 0:no 1:yes)
0.000281633
0.000243573
0.000103349
8.87828e-05
0.000213926
-1.5375e-05
-2.71406e-05
-0.000105809
-8.11816e-05
6.89653e-07
2.17014e-06
7.10242e-07
7.59549e-07
2.57464e-06
3.0048e-07
3.12488e-06
1.24292e-06
1.80292e-06
2.7044e-06
0
-6.85361e-05
-9.20131e-05
-6.06957e-05
1.07385e-05
3.42879e-06
0.000432394
0.000674216
0.000507385
0.000523937
0.000237051
0.000664074
0.00049608
0.000420828
0.000170025
0.000194817
0.000901956
0.00119965
0.000970434
0.000585564
0.000428909
0.00101821
0.00113718
0.000439938
0.000696899
0.0001762
0.000829284
0.000829186
0.000406965
0.000487062
-0.000186422
0.00105868
0.00116958
0.00115733
0.0011014
0.000316103
0.000583693
0.000155977
3.17303e-06
-1.09428e-05
0.000371128
0.000572699
0.00113978
0.00159064
0.00213523
0.000259475
0.000325395
0.000576071
0.000823712
0.00104142
0.00112448
0.00123328
0.000156595
0.000127029
0.000396382
0.000260069
0.00108045
0.00134817
0.00103554
0.00247594
0.000335258
0.000294748
0.000180745
8.21867e-05
1.6223e-05
5.54763e-05
6.48628e-05
6.9999e-05
3.89471e-05
1.37931e-06
0
0
0
0
0
1.06663e-05
7.27279e-06
0
0
0
5.28862e-05
5.74727e-05
3.58822e-05
7.2363e-06
2.68225e-06
0.000341807
0.000275181
0.000170949
0.00019885
1.66714e-05
0.000249945
0.000211783
0.000105673
-3.81739e-05
-5.62718e-05
0.000233055
0.000234984
0.000180869
1.98485e-05
-5.7145e-05
0.000179169
0.000258825
0.000109366
0.000172038
3.30556e-05
0.000224727
0.000232591
0.000167552
0.000156088
6.82021e-05
0.000233117
0.000283688
0.000250342
0.000138153
4.78247e-05
0.000309345
0.000319228
0.000271208
0.000138344
2.07292e-05
0.000300714
0.000399092
0.000487124
0.000569661
0.000188612
0.000116458
0.000332789
0.000498517
0.000386929
0.000369563
0.000357514
0.000153788
0.000169376
0.000152989
2.26342e-05
0.000195054
0.000835515
0.000837018
