# 1 157 (number of hyperplane, dimensionality of hyperplane)
# 0 (added bias feature? 0:no 1:yes)
2.7749e-05
-3.14034e-05
7.40918e-05
-0.000315317
0.00020044
3.99648e-05
4.13208e-05
-0.000460686
-0.000484397
0.000122964
-0.000283741
-6.08865e-05
0.00019297
7.94325e-05
4.48301e-05
-0.000183681
0.000161403
-0.000236242
-0.000225765
3.22889e-06
-1.72953e-05
-0.000107965
0.000307147
0.000215666
0
1.9036e-05
-3.57317e-05
0.000151796
-6.74464e-05
0.000370123
2.92138e-05
-1.01759e-05
3.14319e-05
-3.84531e-05
-0.000167701
1.98194e-05
-5.62297e-06
-2.60822e-05
2.03822e-05
1.04858e-05
3.71372e-05
-1.45519e-05
2.7322e-06
5.4311e-06
0.00018804
2.10912e-05
1.41479e-05
2.062e-07
-1.36879e-05
3.76059e-05
2.15514e-05
-1.25171e-05
6.3532e-05
1.0707e-05
-0.000230414
-1.98524e-05
-1.51037e-05
3.36012e-05
-4.95286e-06
9.72101e-05
5.09723e-05
-1.484e-05
-8.2514e-06
1.02395e-05
3.77642e-05
1.37213e-05
4.21835e-06
0.000103889
3.25377e-06
-9.95736e-06
-5.00244e-06
1.90583e-05
8.44696e-06
3.26944e-06
4.11229e-06
9.47616e-06
-1.16323e-05
8.23973e-06
-3.59828e-05
4.26377e-05
-1.72967e-05
8.32066e-05
-0.000257238
0.000162856
7.8702e-05
2.95794e-05
-0.00046911
-0.000431963
0.000109824
-0.000320143
-4.04978e-05
0.000197918
0.000179307
3.42778e-05
-0.000140291
0.000132972
-0.000207401
-0.000223692
8.40794e-07
-2.58105e-05
-7.2474e-05
0.000246676
0.000216281
4.71623e-06
8.15637e-05
-4.84289e-05
0.000173327
-5.57928e-05
0.000278986
2.67918e-05
2.33195e-05
4.01952e-05
-1.00347e-05
-0.000192105
1.30547e-05
8.74094e-06
-2.01279e-05
5.86818e-05
-8.19376e-05
4.30608e-05
-1.30469e-05
2.14199e-05
4.27743e-05
8.5174e-05
2.86549e-05
3.22756e-05
1.35332e-05
-8.15465e-06
7.22162e-06
-1.63554e-05
-1.73368e-05
0.000122388
-6.9855e-06
-0.000155819
-1.41385e-06
-1.5894e-06
9.14048e-05
2.78105e-05
0.000113426
5.99235e-05
-1.36661e-05
1.69953e-05
-2.91401e-05
3.33724e-05
2.75828e-05
-3.21222e-05
5.41348e-05
3.28519e-06
-2.26455e-05
2.65918e-06
3.03967e-05
2.80509e-05
-4.92417e-06
-1.40691e-07
1.04319e-07
-1.51428e-05
1.9179e-05
