# 1 157 (number of hyperplane, dimensionality of hyperplane)
# 0 (added bias feature? 0:no 1:yes)
0.00339536
0.00318059
0.00100137
0.0045997
0.000668032
0.00236659
-0.00125462
-0.00360478
-0.000480566
0
0
0
0
0
0
0
0
0
0
0
-0.000207016
-0.000229848
0.00021968
0.000262857
3.68243e-05
-0.00246316
0.00439007
-0.00137436
-0.000622436
0.00104138
0.00382653
0.00119267
0.000299582
-0.0020939
-0.000936793
0.00449522
0.00904415
0.000234192
0.00496532
-0.00375212
0.000775485
0.00256041
-0.00173305
-9.65155e-05
-0.00142738
-0.00224523
-0.00524777
0.00438233
0.0135521
0.0101587
0.000594841
-0.000934656
-0.000747368
0.000368433
0.00255002
0.00822003
-0.0017821
-0.00583071
0.00743444
0.00453141
-0.00146941
-0.00191673
-0.000870351
0.00366997
-0.000469796
-0.00103846
0.00689252
0.00261768
0.00763403
0.00736983
0.00655119
0.00355484
-0.0028086
4.64403e-05
0.0032449
0.00374114
0.0107926
0.00916513
0.00950066
0.000546047
-0.00592955
0.00227474
-0.00081425
0.0016166
0.000920623
0.000738496
0.000267867
2.3257e-05
0
1.4994e-05
1.22681e-05
2.87382e-05
0
0
0
0
0
0
0
0.000466919
0.000707327
0
0
0
-0.00335623
0.000142678
-0.0021644
-0.000140137
0.000246719
0.00257641
-0.00209939
-0.00296284
-0.00218448
0.00069579
0.00301134
0.00569077
0.00418403
0.00445159
-0.000851904
0.00235045
-0.000612955
0.00775015
-0.00976682
0.00560024
0.00602853
-0.00416505
0.00388661
-0.0017273
0.00636322
-0.000256115
-0.000691997
0.00432404
0.000932959
0.00189432
0.000573394
0.000112274
0.00113914
-0.00313042
0.00153249
-0.00172636
-0.00271165
-0.000293227
0.000754802
-0.000992794
-0.000762075
-0.00225158
0.00281341
0.0027902
-0.00102385
-0.00668714
0.00593684
0.00114788
-0.000112671
0.00209454
0.0186326
-0.00381143
0.000918525
