# 1 157 (number of hyperplane, dimensionality of hyperplane)
# 0 (added bias feature? 0:no 1:yes)
0.00259546
-0.00220594
-0.000945191
-0.000700264
-0.0043587
-0.0032647
-0.00126798
-0.00445317
0.00109827
0.00166142
0.00108742
0.00559949
-0.00191437
-0.00324698
0
0.00416956
0.00315541
0.00160137
0.000261314
2.77591e-06
0.000181297
0.00266797
-0.00560829
-0.00447831
0.000593853
4.8212e-05
0.00103069
0.000634689
-0.00335299
0.00163058
0.00299829
0.00641625
0.00196749
0.000933969
-0.00154844
-0.00010289
-0.000463848
0.000478816
0.00728586
-0.00565166
-0.00857951
-0.00234586
-0.00164217
0.00337837
-0.000183202
0.00122994
0.00146712
0.00674783
0.00121228
0.00335349
-0.0030747
0.00529784
-0.000178759
0.00685607
-0.000801523
0.000262948
-0.00150664
0.00233596
0.00217413
-0.00159454
0.00112931
0.00225488
0.00490867
-0.00228485
0.00557041
-0.00461368
0.0052676
0.011252
0.00390681
0.00749251
-0.00867026
0.000518442
-0.00103146
0.000132307
-0.00257199
0.0152491
0.00803728
0.00893659
0.00266614
-0.00298212
0.000191946
-0.00466008
0.00141623
0.000955714
-0.00169398
-0.000348481
0.00122101
-0.00072523
0
0.00159472
0.0016029
0.0017075
0.000952663
0
0.000830061
-0.000501482
-0.0040303
-0.00187112
1.2944e-05
0.00165315
0.00266
0.000223648
-0.000540159
0
-0.000674512
0.000368996
0.00173548
0.00113519
-0.00218418
-0.000467779
-0.000414421
-0.000663265
0.00123636
-0.00829736
0.00245982
-0.000945646
0.00376333
0.00342051
-0.0122261
-0.00570357
-0.00142063
0.000870481
0.00494507
-0.00202911
-0.000910171
0.00530029
0.00078704
0.00428167
0.00161952
0.00152888
0.00449504
-0.00579673
0.00836449
-0.000167547
-0.00122153
0.00173021
0.00129679
-0.00181624
-0.00116558
0.00293989
0.00171289
-0.000727313
0.00184904
0.00182128
0.00116208
0.0012991
-0.00398629
0.00258792
0.00175391
-0.000933574
-0.000865997
-0.0022073
-0.00623205
-0.00392419
0.00233684
0.00501504
0.00905773
