# 1 157 (number of hyperplane, dimensionality of hyperplane)
# 0 (added bias feature? 0:no 1:yes)
0.0117209
0.00210015
-0.0215145
-0.00630854
0.0069416
-0.00181482
-0.00766085
-0.0535093
0.0380235
0.0310291
-0.0147535
0.0624601
-0.0303209
-0.0347595
0.000658616
0.0437193
0.0338686
0.00443934
-0.00759885
0
0.000620291
0.0292783
-0.0903427
-0.0722992
0.00897489
0.00290586
-0.002424
0.00632171
-0.0168817
0.0331816
0.0125326
0.0441187
0.00278065
-0.0049834
-0.00609329
0.00817702
-0.0142152
-0.00151599
0.0436279
-0.0653814
-0.0592843
-0.00902082
-0.00802746
0.0176238
0.00658368
0.000625012
0.00855094
0.0599943
0.0113037
0.0348936
0.00354831
0.0267967
-0.0130772
0.0235805
0.0120177
0.00889393
-0.00959889
0.0131109
-0.00294865
-0.0309224
0.00540887
0.00215255
0.0386012
-0.0179949
0.0300117
-0.0255588
0.0165274
0.108837
0.02692
0.0323485
-0.0481567
0.0104102
-0.00417168
-0.0024705
-0.00914736
0.123675
0.0402866
0.0427617
0.0207051
-0.014485
0.014394
-0.0449499
0.0148044
0.0311415
-0.0196221
-0.00645043
0.0129634
0.011419
0.00199518
0.0128083
0.0147388
0.0165437
0.00249591
0
0.0214041
0.022347
-0.0292053
-0.0172213
0
0.0123427
0.0171391
-0.0287639
-0.0341177
0
-0.00279354
-0.0073306
0.00974641
0.00200403
-0.00670489
-0.0121304
-0.00665533
0.00505718
0.0151838
-0.0534811
0.011321
-0.00159013
0.0414812
0.0272604
-0.113793
-0.0454352
0.00789661
0.0098886
0.0241783
-0.0125809
-0.00575152
0.045798
0.0126672
0.0305729
0.0256814
-0.000914341
0.0275711
-0.0113261
0.0450335
0.0212884
-0.00831492
0.01043
0.00978908
-0.019677
-0.0261129
0.0110336
0.00921036
0.00588633
-0.00116985
0.00308012
0.00826256
-0.00282801
-0.0017951
0.0151437
0.0143171
-0.0265334
0.00112617
-0.00609758
-0.033632
-0.0186757
-0.00520436
0.00414633
0.0383661
