# 1 157 (number of hyperplane, dimensionality of hyperplane)
# 0 (added bias feature? 0:no 1:yes)
-0.00374529
0.003783
0.000891511
0.0035223
0.00429726
-0.000673851
-0.000598978
-0.00085941
-0.0010403
-0.00204473
0
0
0
0
0
0
0
0
0
0
-0.00013004
0
0
0
0
0.000681606
-0.00164155
-3.18534e-05
0.00598506
-0.000857735
0.00573971
-0.00641482
0.00960359
0.00735036
-0.0117691
-0.00455846
0.0102394
0.00406194
0.00788332
-0.0102886
-0.0149655
0.00202937
0.00444907
-0.00154403
-0.00298547
-0.00507792
0.00386559
0.00413902
0.00463268
0.00447723
-0.00224217
0.0166128
0.00184804
0.00921154
-0.00765706
-0.00478099
0.0019195
0.0137893
0.0109289
-0.00363945
-0.00100548
0.0037621
0.00395154
0.00879915
-0.00192121
0.000951321
-0.000801763
0.000859189
0.000755827
0.00037358
0.00982721
0.00244593
-0.00149739
-0.0013895
0.00204113
0.0122715
0.0111734
0.0111109
0.00968191
0.0028432
0.00262919
0.00153092
0.00182791
0.00148179
-0.000129547
-0.000115153
-0.00016522
-0.000199996
-0.000393096
0
0
0
0
0
0
0
0
0
0
-2.49999e-05
0
0
0
0
0.00145478
0.00125008
0.0014535
0.00176955
0.00102023
0.00219891
0.00391081
0.00197655
0.0028455
0.00331539
0.000184206
-0.000389336
-0.000697409
-0.000279057
-0.00103016
0.000691623
0.000170599
-0.00182971
8.64751e-05
-0.00119913
0.00134327
-0.00109048
0.00192247
0.00036204
4.62255e-05
0.00135425
0.000821763
-0.000293513
-0.000878172
-0.00385166
0.000496133
0.00232936
6.2174e-05
-0.000815296
0.000242006
0.00138796
0.00168042
0.00134842
9.67632e-05
7.41748e-06
0.00143419
0.000836994
0.00274392
-0.00127285
-0.00112203
0.00617693
-0.00419882
-0.00376757
-0.00346724
-0.00609543
0.00143604
-0.00175253
0.00159811
