# 1 157 (number of hyperplane, dimensionality of hyperplane)
# 0 (added bias feature? 0:no 1:yes)
-7.06925e-05
0.000112716
-4.8119e-05
5.78855e-05
7.81763e-05
-5.77405e-05
2.88477e-05
-4.00826e-05
-0.000110045
-8.89065e-06
7.99471e-05
0.000219176
0.000129514
1.90357e-05
0
-6.04869e-07
8.14363e-05
7.22889e-05
-2.23702e-05
0
-2.97497e-05
9.70367e-06
-3.94192e-06
-6.79489e-05
4.26849e-06
5.73435e-05
0.000102749
3.43104e-05
-4.40376e-05
6.35995e-05
-1.20675e-08
-2.62316e-05
8.99633e-05
-3.74104e-05
0.000155914
3.18188e-06
-5.21232e-05
9.79927e-05
-6.65861e-05
5.04004e-05
2.53309e-05
0.000167153
0.000175784
6.73681e-05
6.92507e-05
-8.59245e-06
8.54821e-05
7.81106e-05
2.20797e-05
1.34778e-05
-3.35346e-05
2.67807e-06
7.82404e-05
-8.39003e-05
8.04365e-05
-3.49074e-06
7.24537e-05
4.42173e-05
-5.77118e-05
0.00016559
4.33933e-05
-1.94094e-05
5.54563e-05
2.56361e-05
6.79354e-05
-2.54958e-05
5.42701e-05
0.000180532
0.000220155
0.000141687
0.000220386
1.03692e-05
-2.07368e-06
4.97875e-05
-5.75869e-05
7.37311e-05
1.8199e-05
9.57146e-05
9.26771e-05
-5.17931e-05
-8.36587e-05
-3.6397e-05
3.7612e-05
1.5255e-06
-2.74162e-05
-7.85128e-05
-3.64076e-05
-0.000115765
5.28506e-07
7.09336e-05
0.000112715
0.000119277
3.04627e-05
0
1.22494e-05
5.86455e-05
6.31678e-05
1.97777e-05
0
-2.58889e-05
1.50578e-05
-2.03886e-05
1.15282e-05
2.83962e-07
2.32797e-05
6.19517e-05
5.2943e-05
-0.000122415
-4.69342e-05
-6.79932e-05
-1.98389e-05
8.86058e-06
-6.27602e-05
9.89619e-06
-1.09326e-05
-6.61877e-05
1.14191e-05
-5.959e-05
-1.20278e-05
-2.1858e-05
0.000151287
3.5969e-05
0.000112851
3.70049e-05
0.000125504
3.83606e-05
1.94511e-05
3.19421e-05
1.89242e-05
8.69502e-05
9.94529e-06
-5.19383e-05
3.22029e-06
3.04354e-05
4.03348e-05
5.50193e-06
-4.05854e-05
8.7474e-06
6.32203e-05
-2.33064e-05
4.03028e-05
-1.86088e-05
6.88752e-06
1.51165e-06
-2.57825e-05
2.1749e-05
-2.83254e-05
7.39815e-05
6.00024e-05
0.0001053
-2.3144e-05
3.58426e-05
1.52541e-06
-0.000127297
0.000143756
8.95048e-05
-1.96742e-05
