# 1 157 (number of hyperplane, dimensionality of hyperplane)
# 0 (added bias feature? 0:no 1:yes)
-0.0052573
-0.00462041
0.0118237
0.000674035
0.0153534
-0.00266241
0.0109456
0.0119966
-0.0182262
-0.00201167
0.0104496
0.0356956
0.00725046
-0.0309703
0.00376482
0.0040128
0.00153983
-0.00619034
-0.010585
0.00113948
0.00642962
-0.00324572
-0.00583546
-0.0302564
0.00343058
0.00428495
0.0010691
0.00455802
-0.0112769
-0.00856839
0.00515419
-0.00635509
0.00670672
-0.0048277
0.0122971
0.0148777
-0.00918699
0.00943538
0.000551921
-0.0100827
0.0124589
0.00578675
-0.0288434
0.00779566
0.01548
0.0097457
0.00578433
-0.00588727
0.00151156
0.00738328
0.00375931
0.00162921
-0.00512688
0.00525849
-0.0040048
0.0134794
-0.00980373
-0.00179742
0.000986293
-0.00272512
0.00178012
-0.00772721
0.00489732
0.00327089
0.0026234
-0.00087604
0.0109485
0.00270325
-0.0042039
0.000795387
0.0144569
0.00728114
0.00529194
0.00881212
0.000745122
0.012816
-0.00234726
-0.000565271
0.00943704
0.00311622
-2.72251e-05
-0.00570301
-0.000809604
0.00205214
0.00930287
0.00185587
-0.000499779
-0.0102382
0.00227516
0.0152735
0.01942
0.00330231
0.000594422
0
0.00193621
0.000861031
0.00384909
0.00112703
0
0.00520486
-0.0182584
-0.0039335
-0.0127171
0.00014352
-0.0103384
-0.00960072
0.00846616
-0.00372828
0.00421771
-0.00266733
0.0051484
-0.0025263
-0.000774435
0.000639078
0.00187744
-0.0101445
0.0137587
-0.00529901
0.00903292
0.0104081
0.00920847
0.0150304
-0.00932556
0.0193319
0.0117271
-0.000267299
0.00557861
-0.014283
0.0246889
0.00702785
-0.00811177
0.00599472
-0.00861484
0.00911438
0.0121514
-0.0128191
-0.00283319
-0.00321891
-0.00732851
0.00206758
-0.0036015
0.00398237
-0.0033497
0.0032791
-0.0012586
0.00106392
0.00861008
-0.000167425
0.00927213
0.00460165
0.00409524
-0.00123884
0.00249548
-0.00132832
0.00655843
0.00504248
-0.0110696
