# 1 157 (number of hyperplane, dimensionality of hyperplane)
# 0 (added bias feature? 0:no 1:yes)
-0.000819926
-0.000655443
-0.00205362
-0.00235696
0.000515055
-0.0128014
0.00543898
-0.00719395
0.00402434
0.000719962
-0.00340985
0.00512218
0.0065837
0.000766331
0
0.00418765
0.00512645
0.00191569
-0.00123372
0
0.0132934
-0.00122285
-0.0168513
-0.00235853
0
0.0110509
-4.38952e-06
0.00791385
-0.00597797
-0.00133351
-0.00521503
0.000126668
0.0107779
-0.00805149
0.00177017
-0.0141899
0.00362279
0.00735139
0.00824069
-0.00135344
-0.000344967
0.00564276
0.0172607
-0.0110242
0.00657954
0.00161545
0.000526401
-0.00660237
0.00225449
0.000561907
0.01004
-0.0067863
0.00240585
0.007431
-0.00539278
-0.000214998
0.00283246
0.00485238
-0.00317912
0.00901864
0.00362445
0.00329336
0.00199535
0.00794471
0.00146916
0.00223904
0.000304426
0.00861619
0.00803501
0.00774295
0.0121426
0.00083441
0.0019872
0.00534226
-0.00221312
0.00957828
0.010053
-0.00721816
0.0171625
-0.00846847
-0.00384634
0.0059603
-0.00108688
-0.000229262
-0.00200131
-0.0113128
-0.0104225
-0.00386071
0
0.00827223
0.00879193
0.0023522
-5.44455e-05
0
0.0020358
0.00407309
0.00259816
0.000616076
0
0.00427905
0.00950152
-0.00193752
0.00137287
0
0.00144538
-0.00939995
0.00163185
0.0114348
9.44532e-06
-0.00927799
-0.00682542
0.00434227
0.00260132
0.00233633
-0.00243852
-0.00174068
0.00755362
-0.00530653
-0.00446187
-0.0128654
0.00136338
-0.00539178
0.00946137
-0.000693756
0.0149024
-0.0043391
-0.00408913
-0.00156544
0.0106359
0.00419288
0.00976185
0.00381327
0.00924405
-0.00593569
-0.00109513
-0.00383251
-0.00461111
0.00618433
-9.53578e-05
0.00198077
-0.00103279
-0.00327351
-0.0110869
-0.000862001
0.00295324
0.00452576
0.0115487
0.00268696
-0.00441751
-0.00476377
-0.000157843
-0.00295531
0.00547909
0.00213617
0.00322623
-0.00709471
0.00126923
