# 1 157 (number of hyperplane, dimensionality of hyperplane)
# 0 (added bias feature? 0:no 1:yes)
-0.000569852
0.000532633
-0.000457939
-0.000934457
0.000708747
0.000171868
0.000197736
0.000195569
4.71188e-05
3.70809e-05
0
0
0
0
0
0
0
0
0
0
8.84735e-05
-8.12747e-05
-9.96597e-05
-6.34519e-05
0
0.00040388
0.000232062
-0.00125612
-0.00134994
0.000547079
-0.00058523
0.000692699
0.0015105
0.00111208
0.000621239
0.000460422
0.000535316
-0.000468525
-0.00107274
0.00114107
-0.000490054
-0.00043906
0.000983412
0.00222578
0.000971228
-0.000313395
8.15068e-05
0.000974977
0.00262384
0.00180743
-0.00122991
0.000336618
-0.000705768
0.000573352
0.000749542
-1.57005e-05
0.000637859
0.000316366
-0.00191323
0.000610527
0.00124958
0.000513645
0.000612013
0.000796492
0.00182001
-0.000592602
0.00172025
0.00035863
0.00101029
4.77768e-06
-0.000588517
0.000428338
0.000434021
0.000622906
-0.000565731
0.000731051
0.000696401
-0.000985607
0.00161506
4.75581e-06
-0.000876977
-0.000163485
0.000288605
0.000143175
0.000219758
5.04078e-05
6.44826e-05
0
0
0
0
0
0
0
0
0
0
0
0
0.000286962
0.000119093
0.000166664
3.93443e-05
0
0.000264692
-0.00026553
-3.14122e-05
0.000284197
0.000108788
0.000214588
0.000641127
0.00047736
0.00085318
-9.82083e-05
0.00017944
0.000611628
0.000559503
-3.94417e-05
0.000144645
4.73342e-05
-0.000461142
0.00134235
0.000825982
-0.000133489
0.000480954
-0.000547273
0.000324466
-0.000359865
-0.000124012
0.000209208
0.000199024
2.40883e-05
-0.000769341
-0.000709339
0.000294264
-0.000809334
-0.000475857
-0.00057559
0.000637034
0.00081992
0.000735448
0.000345959
0.000187414
0.00060197
0.000226419
0.00069261
0.000787763
5.29948e-05
0.000399845
0.000270189
0.00035032
0.00040594
0.000414971
-0.000649512
-0.000641167
0.000451908
-0.00223267
