# 1 157 (number of hyperplane, dimensionality of hyperplane)
# 0 (added bias feature? 0:no 1:yes)
-0.00173732
0.00210309
0.000804011
-0.000231461
-0.00109005
0.000106826
2.47025e-05
1.34164e-05
5.64169e-07
0
0
0
0
0
0
0
0
0
0
0
0.000190288
0.000105083
5.93586e-05
7.25681e-05
0.000149263
-0.000315747
0.0019637
0.00246609
-0.000141266
-0.00178693
0.00227777
0.00637873
-0.000668835
0.00085951
-0.00166864
2.62727e-06
0.00330328
0.0085914
-1.35263e-05
-0.00348226
-0.000969561
0.000425796
-0.00106932
-0.00141851
-0.00159214
-0.00357556
-0.00260255
0.00103684
0.000344399
-0.00143137
-0.00193449
0.000135938
-0.000690911
0.000851092
-0.000336393
0.000404497
-0.002093
-0.000392911
0.0034464
0.00382858
0.0040527
2.18324e-05
-0.000219548
0.00126796
0.00218672
0.0019385
0.00311317
0.00339468
0.00407022
0.00259247
0.00455684
0.00236085
0.000983102
0.00062136
0.00231955
-0.00014778
0.00318548
0.00303965
0.00307794
0.00168064
0.00203777
0.00141897
0.00109011
0.00130245
6.00563e-05
2.09306e-05
1.72366e-05
7.41856e-06
0
1.05336e-05
0
0
0
0
0
0
0
0
0
0.000245035
0.000238938
0.000143166
0.000109268
0.00022995
0.00141902
0.0010959
-0.000604062
-0.00175945
-0.00447666
-0.000496895
0.000190614
-0.000618664
-0.00128451
-0.00306047
0.000147489
-0.00124137
0.000777719
0.000125738
-0.000750335
0.00108807
-0.000769672
-0.000745313
-0.00114773
-0.000942507
-0.00048509
0.00158424
0.00153217
0.000504726
-0.000779296
0.000520124
0.00404905
0.00249342
0.00047235
-0.000490085
0.000884534
0.00363695
0.00147995
0.00189785
0.00107681
0.00122538
0.000788035
0.000247841
-0.00030532
0.000463762
0.000791218
8.41124e-05
0.000284777
0.000962722
0.000355947
0.00141067
-0.000617856
-0.00106763
-0.0031486
-0.0038584
0.00338101
0.00335352
-0.00276716
