# 1 157 (number of hyperplane, dimensionality of hyperplane)
# 0 (added bias feature? 0:no 1:yes)
-0.000262237
0.000611563
4.70018e-05
0.000249652
0
-0.000168246
7.48326e-05
4.32967e-05
8.94419e-05
0
0
0
0
0
0
-0.000435412
-0.000346365
-0.000334937
0
0
0.00046738
0.000128903
1.62414e-05
0
0
0.00102624
0.00224804
0.00126477
0.000578062
0
0.00206178
0.0018645
0.00251357
0.00143947
0.000380761
0.000736458
0.000910011
0.0015578
0.0010624
0.0013067
0.00117202
0.00257124
0.00249003
0.00259834
-0.000254601
0.00117093
0.00170147
0.00283936
0.00361143
-0.000858858
0.000586983
0.000967058
0.000654291
0.00142578
0.000455723
-0.000172689
0.0015406
0.000916363
0.00318376
0.000207097
0.00120754
0.00283899
0.00449511
0.00577257
0.000568329
0.000664054
0.00241301
0.000234204
0.00181528
0.00169869
0.000841651
0.00246392
0.00199277
0.0006814
0.00154108
0.00135395
0.00167152
0.00108957
0.00560044
0.000758425
0.000762124
0.000307447
0.000203332
0
-8.21045e-05
0.000117098
7.62142e-05
0.000170229
0
0
0
0
0
0
0.000224244
0.000178383
0.000172498
0
0
0.000264475
0.000113913
1.0189e-05
0
0
0.000527758
-0.000270553
5.5612e-05
0.000356072
0
0.00034944
-0.000357778
-2.42678e-05
0.000538637
6.30667e-05
0.000507795
0.0016613
0.000165275
-0.000184272
-0.000117388
5.54706e-05
0.00105962
0.00159969
-0.000215313
-0.00228165
0.000421982
0.000398919
-0.000778442
0.00156249
-0.000247816
7.39063e-05
-0.00120214
0.000589694
0.00230275
0.00118115
0.000937586
0.00116096
0.000820214
-0.000281547
0
0.000257993
0.000362473
4.85055e-05
-0.000231752
0.000266002
-8.31981e-06
0.000866136
0.00204573
0.00102629
-9.67839e-05
0.000680032
0.000420875
3.06433e-05
0.000131484
0.000401657
0.0017042
-0.000583135
0.00293553
