# 1 157 (number of hyperplane, dimensionality of hyperplane)
# 0 (added bias feature? 0:no 1:yes)
0.000858634
-0.000284879
-0.000529552
-0.00217345
-0.00243957
0.00103789
0.00077423
0.000738993
0.000896047
0.00136635
0
0
0
0
0
0
0
0
0
0
0.000715512
0.000247129
0.000199571
0.000177869
4.35686e-06
-0.00010433
0.00187575
-0.00204425
0.00214788
-0.00103759
6.4449e-05
0.00502566
-0.00295208
-4.10751e-05
-0.00706384
0.00393843
-0.00839835
0.00619144
0.000657365
-0.0010882
0.00520851
0.00155062
-0.00645542
0.00469071
0.00165404
0.00605068
0.00177523
-0.00085424
0.00411623
0.000277422
0.0056599
-0.00346123
0.00755544
-0.000809577
-0.0059477
0.00165628
0.00618433
0.00265331
0.0013617
-0.000217892
-0.000738084
0.00427587
0.00539794
0.00535118
-0.00206634
0.00137988
0.00374389
0.000904463
0.000902827
-0.000843259
0.00277416
0.00278345
0.00254063
0.00606437
0.0012833
0.00294693
0.00259854
0.00217035
0.00610875
0.0021511
0.00170391
0.000925609
0.0012602
-3.40509e-07
-0.000511304
-0.000269489
2.87556e-05
3.09407e-06
0
0
0
0
0
0
0
0
0
0
0
-0.000132875
-0.000136208
-7.43541e-05
1.97209e-05
0.000311147
0.00132879
0.000685038
-7.49756e-05
0.000376701
0.000533594
-0.00154218
0.000707387
0.000640011
6.91474e-05
-0.00153746
0.00221556
0.000115059
-0.00185247
-0.00233885
-0.00459537
0.00140592
-0.000720957
-0.000184525
-0.000674693
-0.00180717
0.000202878
0.00227379
-4.15234e-05
-7.72572e-05
0.000371173
0.000422516
0.00170663
0.0016927
0.00172118
0.00283616
0.00256966
0.00252572
0.00130553
0.0026563
0.00318947
0.000814953
0.00105182
0.00118151
0.00113563
0.000243789
0.000593359
0.000767802
0.000663632
6.04041e-05
0.000595303
-0.00115926
-0.00108825
0.000649682
-0.00261164
-0.00373313
0.000938887
0.00359446
0.00301226
