# 1 157 (number of hyperplane, dimensionality of hyperplane)
# 0 (added bias feature? 0:no 1:yes)
0.00227138
0.00230698
0.00122311
0.00142164
-4.20326e-05
-0.00103016
-0.000879367
-0.000852538
-0.000622557
1.56146e-05
-0.000968281
-0.00121463
-0.000204352
4.11845e-05
0
-0.0013153
-0.00166402
-0.00194637
-0.000911126
-0.000307761
-9.72923e-05
-0.000250603
5.04702e-06
0.000115342
9.65537e-05
0.00191106
0.000996476
0.000454932
-0.00108323
-0.00176638
0.00174117
0.0032099
0.00157489
0.00411633
-0.000428262
0.00357489
0.00190084
0.000334085
-0.000202271
4.95921e-05
0.000294603
0.0036048
-0.00366393
0.000703405
0.00255202
-0.000405865
-0.000833943
-0.00136067
0.0027472
0.000400406
0.00191692
-0.00317838
0.00141171
0.0037567
0.00126681
0.0033643
0.00235148
0.00278006
0.00515272
0.00193871
0.0018524
0.00683008
0.0104223
0.0108636
0.00131253
0.000560845
0.00660481
0.00236931
0.005483
0.00401354
0.00358531
0.0016503
0.000281836
0.00134156
0.000633422
-0.0004592
-0.00285989
-0.00174609
0.0113404
0.00156158
0.000856201
-0.0001085
-0.000120075
0.000218119
0.000420744
0.000184441
-1.43209e-05
-8.1828e-05
8.6328e-06
0.000185653
4.66672e-05
-3.83014e-05
0
0
3.45101e-05
0.000257388
-6.22258e-05
-8.78333e-05
0
0.000128269
0.000289003
0.000121963
3.90093e-05
0
0.00148229
0.000932019
0.00055864
0.0010309
0.000483881
0.000966121
0.00131676
0.00231743
0.00282644
0.000749025
0.00203998
0.00196402
0.000930043
0.000112735
-0.00315738
0.00031059
0.000596224
0.000324573
-0.000110075
9.6285e-05
0.000399839
0.00189914
0.00209908
0.00127271
0.000106303
0.000463081
0.0016966
0.00151731
0.000718259
-0.000659377
0.00129421
0.0016506
0.000391138
0.000216821
-0.000692981
0.00127961
0.00289391
0.00278612
0.00200627
0.000883232
0.000411783
0.00234159
0.00055452
0.00290285
0.00305343
0.00272118
0.000309459
0.000299578
-0.000417535
-0.000218528
0.00378728
0.00138529
-0.000277949
