# 1 157 (number of hyperplane, dimensionality of hyperplane)
# 0 (added bias feature? 0:no 1:yes)
0.00195575
0.0014368
0.00107303
0.00038842
0
4.6831e-05
-2.82251e-05
-0.000199106
1.11417e-05
0
-0.000211691
-0.000173205
-0.000405737
0
0
0
0
0
0
0
0.000151901
-0.000112415
1.1762e-05
2.49899e-05
0
0.000839691
-0.000456252
-0.000688241
0.000203098
1.41145e-05
-0.000461342
0.00011052
0.000650527
0.00345474
0.000878052
0.000657295
0.00381015
0.000475716
0.000842083
0.00114004
-0.000178856
0.00247102
0.00091541
0.00404648
-0.00121516
0.00010686
0.00243444
0.00180346
0.00208614
-0.00171067
0.000639408
0.00334715
-0.000427752
0.000912238
0.00210729
0.00222524
0.00190489
0.00181814
0.00154252
0.000498134
0.00329489
0.00201788
0.00248251
0.00325713
0.00159793
0.00176291
0.00202919
0.000156059
0.00223076
0.0019274
0.00165156
0.000469878
0.000972498
0.00042844
0.000519402
0.000272285
0.000530337
0.00225607
0.00563273
0.000823499
0.000291699
6.09028e-05
1.11204e-05
0
8.66027e-05
5.77352e-05
0.000176868
1.2876e-05
0
0
0
0
0
0
0
0
0
0
0
4.23395e-05
7.78728e-06
0
0
0
0.00148626
0.000774873
0.000775485
7.38484e-05
0
3.19115e-05
0.000235518
0.000490549
0.000481394
0
0.000125591
-6.91317e-05
0.00089969
0.00171071
0
0.000291177
0.000258482
0.00088197
0.000215348
0
1.61313e-05
-4.22029e-05
0.000491316
0.000277921
-0.000265844
-0.000260759
0.000932143
-0.000282868
0.000494681
0
0.00127332
0.000520377
-0.000636162
0.000348784
0
0.000170323
-0.000240416
-0.000303831
-0.000253851
0.000395315
-0.000233735
7.83702e-05
0.00172751
0.00187743
0.00194054
0.00154058
-6.84503e-06
-0.00037604
-0.000154333
-0.00015508
0.00157167
0.00158048
0.00148364
