# 1 157 (number of hyperplane, dimensionality of hyperplane)
# 0 (added bias feature? 0:no 1:yes)
0.000220357
0.000375923
0.000468351
0.000142154
-2.17466e-05
3.83617e-05
7.61358e-06
0.000175393
1.72082e-05
-2.83516e-05
8.0527e-05
0.00020954
0.000224276
5.96815e-05
-7.3252e-05
8.38802e-05
0.000176011
7.74362e-05
-3.41744e-05
-4e-06
8.29223e-05
5.38586e-05
0.000116181
1.37159e-05
-2.99709e-05
0.000276389
0.000247761
0.0003581
0.000420814
5.36625e-05
0.000220224
0.000535828
0.00102045
0.000674387
3.221e-05
3.26688e-05
0.000275851
0.00094484
0.000687942
8.40974e-05
-0.000167993
0.000586253
0.000842898
0.000576996
5.30795e-05
-3.12554e-05
0.000247694
0.000407353
0.000311385
0.000103296
0.000235235
0.000428467
0.00100122
0.000852534
0.00010624
0.000437613
0.000608813
0.00107376
0.00102433
0.000210583
0.0021184
0.00160074
0.0019864
0.00243455
0.000977689
0.00118504
0.00191581
0.000622214
0.00105518
0.001233
0.00128605
0.00078875
0.000834924
0.00120591
0.00129137
-0.000386332
-0.00054989
-0.000597552
0.00337924
0.000251013
0.000135065
0.000222445
0.000226235
8.69179e-06
-2.51801e-05
3.18069e-05
1.4614e-05
8.91472e-05
3.62644e-05
6.72717e-05
7.33139e-05
2.92008e-05
2.13014e-05
2.84715e-05
2.8265e-05
1.41764e-05
1.24436e-05
2.9163e-06
0
6.70514e-05
1.38131e-05
7.96076e-05
4.25291e-05
-3.3333e-06
0.000242284
0.000279014
0.000152534
0.00025249
3.95866e-05
0.000365083
0.000301755
0.000307669
0.000275847
2.09263e-05
0.000199227
0.000253936
0.000167973
0.000175809
-6.02522e-06
0.000219084
0.000262183
0.000192192
0.00026202
3.32054e-05
0.000246349
0.000250862
0.000138601
0.000125861
-4.48837e-05
0.000265217
0.000256742
0.000314611
0.000262602
-7.25446e-06
0.000259214
0.000281232
0.00036003
0.000243496
-3.30258e-05
0.000563856
0.000599362
0.000579598
0.000622523
0.000314331
0.000259221
0.000828285
0.00122093
0.000561357
0.000444028
0.000657469
0.000291866
0.000247437
0.000216848
0.000212757
0.00104201
0.000761964
0.00119436
