# 1 157 (number of hyperplane, dimensionality of hyperplane)
# 0 (added bias feature? 0:no 1:yes)
0.000265851
-0.00126258
0.00346136
-0.0122911
0.0146251
0.00459677
0.00307568
-0.0183767
-0.07693
0.0944874
-0.063536
0.00592372
0.0396023
0.0443392
0
-0.0314206
0.0477588
-0.0520169
-0.0390896
0.00430703
0.00601285
-0.0172493
0.0266329
0.103812
0.000480961
0.00051199
-0.0030501
0.00879946
-0.0110957
0.0779269
0.0025849
-0.000795621
0.00136458
-0.000827836
-0.0196264
0.00103244
0.000601566
4.38665e-05
-1.65365e-05
0.00726187
0.000558397
-0.000163477
0.000703365
0.000604795
0.00287733
0.00119487
0.000269397
-4.40975e-05
-0.000367959
-0.000312742
0.0026881
-0.00182185
0.00353537
0.00135009
-0.0250753
-0.000431858
-0.000728939
0.00176363
-0.000728656
0.0112074
0.00252123
-0.000272461
-0.000627429
0.000734076
0.00158801
0.000969477
5.09862e-05
0.00186222
0.00120973
-0.00161454
-0.00132763
0.000183071
0.00065774
0.000390666
0.000157309
5.59628e-05
-1.28237e-05
0.00012846
0.00480453
-0.000483614
-0.00223146
-0.000665137
-0.0131126
0.011076
0.00515652
-0.000375004
-0.0212772
-0.0794166
0.0901238
-0.0688661
0.00829244
0.035884
0.0593659
0
-0.037042
0.0521129
-0.0552575
-0.040157
0.00262087
0.00411553
-0.0209948
0.0229328
0.1007
0.00406808
0.00316304
-0.00613723
0.00730061
-0.014148
0.0704958
6.09835e-05
-0.00100062
-0.00313973
-0.00317073
-0.0240805
-0.000735819
-0.00105576
-0.00241067
-0.00348531
-0.000197567
0.000464156
-0.00191045
-0.00186092
-0.00255123
-0.00375788
-0.000447718
-0.000647668
-0.00163392
-0.00441015
-0.00522277
-0.00161273
-0.00312702
0.0033358
-0.00360448
-0.0254073
-0.00114996
-0.00234983
0.00157153
-0.00422437
0.0104153
0.00321384
-0.00113012
0.00194152
-0.00199935
0.00159478
0.00168197
-0.000894918
0.00109549
0.000324499
-0.00164725
1.1129e-05
0.000792249
0.00153088
-0.000408602
0.00048785
0.000187863
-0.000414209
0.00164921
