# 1 157 (number of hyperplane, dimensionality of hyperplane)
# 0 (added bias feature? 0:no 1:yes)
-0.0109381
0.00763921
-0.000689701
-0.00690837
-0.00746444
-0.00137121
-0.00439191
0.0033224
0.00518715
0
0.000817953
0.000669248
0.00149957
0
0
0.00234501
0.00137052
0.00012885
0
0
0.0169763
0.0117085
0.00036009
0.000527969
0
-0.00461534
0.0284166
-0.0157765
-0.00828378
0.0190394
-0.00120402
-0.000948302
0.00658494
-0.00595185
0.00554671
-0.002548
-0.000148084
0.0215699
-0.000260959
-0.000523421
0.00608413
-0.001111
0.0112141
-0.00376351
0.00566461
-0.0130594
0.0077177
-0.0055299
0.0123041
-0.00616575
-0.00113516
-0.00532375
-0.00518393
0.00901033
-0.0143336
0.0109744
-0.0117205
0.0100041
0.00575178
0.0139259
0.0181076
-0.00455161
0.00344479
0.00550029
0.0119627
0.00638362
-0.000805267
0.00490131
0.00424613
0.00704904
-0.0128024
0.00101537
-0.00141129
0.00592712
-0.00270086
0.012457
-0.011539
0.0255665
0.0298251
0.00350529
0.00306253
-0.0212802
-0.00135358
0.00971016
0.00786424
0.00613035
0.0100791
0.00350805
0
0.00160437
0.00245479
0.00587263
0.0020558
0
0.001005
0.00182735
0.00438086
0.00183614
0
0.0156419
0.0101146
0.000585601
0.000621065
0
-0.00828073
-0.00187304
-0.0108123
-0.00811121
0.0110609
-0.00448238
-0.0129863
-0.0196713
-0.00341427
0.0284719
0.0184058
0.0103212
0.00284432
-0.00557885
0.00173488
0.011622
0.00692336
0.00158976
-0.00663715
0.000184711
0.0142469
-0.00682144
0.00607332
0.0138017
-0.00932334
-0.000410389
0.00605505
0.0250979
-0.0181522
0.00441868
-0.00190065
-0.00481218
-0.0068335
0.00730557
0.0223842
0.015669
0.00146011
-0.0175156
-0.00833452
-0.0009526
0.0172675
-0.00810787
-0.0372658
0.00363408
0.0104603
-0.020326
0.00441334
-0.00825865
0.00282464
-0.00101714
0.00385046
0.0128482
-0.00799315
