# 1 157 (number of hyperplane, dimensionality of hyperplane)
# 0 (added bias feature? 0:no 1:yes)
-1.28771e-05
0.000676897
-0.000471811
-0.000192009
-0.00152894
-0.000458022
0.000431607
-0.00155418
0.000992587
0.000513378
0.00173823
-0.0030235
-0.00261042
0.00207152
0.000469145
-0.00113318
-0.000368126
-0.00578377
-0.000369699
-4.57499e-05
-0.00137362
-0.00076845
-0.0104889
-0.00787858
0.000156042
6.92586e-05
0.000605624
-0.00148473
0.00136471
0.00412188
0.000105756
0.0005551
-0.000123791
-0.000430493
4.90029e-05
0.000592964
0.000369006
-0.000692211
0.000164149
0.00241611
0.00125812
2.13879e-05
-0.000377057
0.000518148
0.00108261
0.00156019
0.000611821
-0.000234269
0.000576026
0.000432955
0.00137313
-0.000631555
0.000343331
0.000114739
0.00160717
0.000159245
2.93288e-05
3.06853e-05
-4.59071e-05
0.00169345
0.000428039
0.00015171
0.000132306
0.000100925
-0.000288578
0.000744464
0.000133732
0.00134911
0.000294141
-0.000267419
0.000986733
4.11616e-05
-0.000329891
0.000186926
0.000278283
7.80433e-05
-0.000234526
3.01282e-05
-0.00117976
0.000519712
0.000626738
-2.16586e-05
-0.000261536
7.54217e-05
0.00083794
0.000486384
-0.000472046
0.00130428
0.000655776
0.00313044
-0.00247255
-0.00184676
0.00182848
0.00114621
-0.000425141
-0.00047573
-0.00304278
-0.0026723
-4.97745e-05
-0.000534323
0.000716675
-0.0107055
-0.00711295
0.000611099
0.00190258
0.000452793
-0.00122472
0.00130661
0.00301443
0.0015418
-0.000216923
0.000470067
-0.000331026
-0.000413565
0.00226015
0.000667358
0.000155089
0.00029268
-3.81667e-05
0.00279776
-0.000491471
0.000243341
0.000861349
0.00114352
0.00238517
-0.000118902
0.00110811
-0.000205271
0.00210982
0.00199685
-0.000293677
0.000826257
0.000118824
0.00191687
0.0012773
0.000577762
3.60132e-05
2.23268e-05
0.00233624
6.53681e-05
-0.000228232
-7.68309e-05
0.000281961
-0.000565928
0.000655828
-0.000165099
0.000289977
0.00136603
0.000647775
0.000331841
-0.000658591
-0.00097552
-0.000640899
-0.000681723
0.000414225
0.000116358
0.000570677
