# 1 157 (number of hyperplane, dimensionality of hyperplane)
# 0 (added bias feature? 0:no 1:yes)
0.00300967
-0.00189523
0.000709325
0.0114284
0.129266
0.00120523
-0.0268304
0.00997672
-0.0208093
0.0354871
0.0073495
-0.000580794
0.0819834
-0.0893144
-0.0233013
0.0307573
-0.0183511
-0.0447484
0.0887733
0.00650415
0.0265965
0.0132933
-0.0665566
0.0102238
-0.0511485
0.00255414
-0.00148147
0.00147359
-0.00616171
0.0233458
0.00608164
-0.00103451
0.00419488
-0.00197575
-0.000276667
0.000504778
-0.000974121
0.00120672
0.0119989
-0.0250818
0.00548493
0.00452499
0.00278367
-0.00239978
0.00111951
-0.00303392
0.00473307
-0.000105005
-0.000829288
-0.00162156
0.00738574
0.000953046
0.000600504
-0.00033356
-0.00398028
0.00680448
-0.00482228
-0.000574385
0.00225144
0.0263575
-0.000725759
0.00114367
0.000451136
0.00244572
-0.00269369
0.0020444
0.00115743
-0.00630022
-0.0032263
0.00753554
-0.000165467
0.00181016
0.000915389
0.00126014
-0.000790376
0.0196155
0.00863885
-0.00194703
0.00413509
0.00629702
0.000499407
-0.00392239
0.00731294
0.102519
0.0119263
-0.0259504
0.00845366
-0.00879747
0.00689541
0.0204599
0.0303218
0.033529
0.00411935
0
0.0339407
-0.0141298
-0.0416489
0.0829039
0.00675524
0.0448977
0.00977621
-0.065649
0.00332228
0.000312084
0.00198634
0.00148152
-0.00146774
-0.0117909
0.0315357
0.00173667
-0.00472709
-0.00110086
-0.00850767
-0.0137087
2.39931e-05
-0.00414818
-0.00650167
0.00903218
-0.036359
0.00149485
0.00859011
-0.00770601
-0.00639319
-0.0142436
-0.00294875
0.00598779
-0.00571099
-0.0061085
-0.0118824
0.00393408
0.000877565
-0.00336424
-0.00471336
-0.0190807
0.00188451
-0.00124151
-0.00235517
-0.00452845
0.00897152
-0.00171354
-0.00604672
0.00359138
0.000954795
-0.00820161
0.00674019
0.00351208
0.00380798
0.00335213
0.00526671
0.00114102
-0.00266373
-0.00283703
-0.00215535
-0.00320224
0.004387
-0.000333002
0.00425183
