# 1 157 (number of hyperplane, dimensionality of hyperplane)
# 0 (added bias feature? 0:no 1:yes)
-0.000880388
-0.000623024
-0.00219759
-0.00196563
0.0006131
-0.0130502
0.00592486
-0.00709516
0.0041151
0.000703771
-0.00322678
0.005057
0.00668968
0.000912712
0
0.00408909
0.00512646
0.00186638
-0.00120171
0
0.013367
-0.00135553
-0.0168228
-0.00213113
0
0.0112718
-9.54971e-05
0.00800298
-0.00600909
-0.00133217
-0.00501712
0.000503192
0.0105368
-0.00818222
0.0018431
-0.0141868
0.00338223
0.00758105
0.00797671
-0.0014314
-0.000181942
0.00543419
0.0175175
-0.0111304
0.00622485
0.00203912
0.000262873
-0.00647865
0.00212594
0.000380782
0.0101304
-0.00662306
0.00234038
0.00736084
-0.00551991
-0.000297722
0.00284006
0.00508164
-0.00344865
0.00920922
0.00362398
0.00330802
0.00201442
0.00802655
0.00158831
0.00211477
0.000274
0.00843899
0.00810971
0.00786143
0.0123445
0.000864051
0.00198053
0.00514199
-0.00211923
0.00968192
0.0100351
-0.00736867
0.0171021
-0.00863792
-0.00425477
0.00616031
-0.000653138
-0.000283504
-0.00170677
-0.0113107
-0.0104445
-0.00404218
0
0.00809585
0.00893774
0.00234278
-0.000185823
0
0.00205592
0.00412111
0.00258411
0.000584568
0
0.00422077
0.00965051
-0.00175093
0.0013154
0
0.00168884
-0.00913743
0.00187056
0.0109021
7.39883e-06
-0.00943446
-0.00698881
0.0043791
0.00258316
0.00242751
-0.0030246
-0.00173099
0.0079023
-0.00510645
-0.0043842
-0.012428
0.00158734
-0.00542661
0.009305
-0.000649651
0.0149452
-0.00463337
-0.00409704
-0.00160813
0.0105326
0.00402055
0.00989405
0.00371021
0.00931164
-0.00584121
-0.000926219
-0.00388716
-0.0042542
0.00542405
-0.000224317
0.00205002
-0.00112356
-0.00324581
-0.0112047
-0.000843645
0.00300611
0.00447623
0.0112049
0.00283964
-0.00434176
-0.00477522
-0.000292483
-0.00265765
0.00516868
0.0021358
0.00359804
-0.00703786
0.00150011
