# 1 157 (number of hyperplane, dimensionality of hyperplane)
# 0 (added bias feature? 0:no 1:yes)
2.12414e-05
-1.18111e-05
9.39876e-06
7.41795e-05
7.00666e-05
-3.8973e-05
-6.29907e-05
4.79471e-08
7.93668e-06
9.24911e-06
4.45442e-05
2.55613e-06
4.24364e-05
-3.89133e-05
-3.06254e-06
5.29774e-05
1.16584e-05
1.3042e-05
7.38751e-05
6.17165e-06
6.85316e-05
3.79909e-06
-0.000140603
-4.21505e-05
-1.72022e-05
8.98051e-06
2.93889e-05
-1.90851e-05
-3.47055e-05
1.78559e-05
3.74084e-05
-3.1444e-06
2.46115e-05
-8.39925e-06
3.0803e-05
2.88034e-05
4.02765e-06
2.42126e-05
7.23803e-05
-2.35207e-05
4.10077e-05
2.87824e-05
1.34259e-05
-2.40034e-06
-1.52917e-05
-5.67335e-06
4.13799e-05
-2.30872e-06
-8.75074e-06
-1.40838e-05
4.84697e-05
2.2933e-07
2.83367e-05
-5.84308e-06
2.62124e-05
4.1977e-05
-1.84276e-05
-1.02305e-05
2.41444e-05
8.78672e-05
7.53353e-06
8.19898e-06
2.16215e-05
4.22835e-06
-1.01974e-05
1.842e-05
3.82594e-06
-2.22869e-05
-8.47761e-06
5.62078e-05
-1.16936e-05
9.85179e-06
4.6645e-06
1.16298e-05
-7.89738e-06
0.000111943
5.56316e-05
2.33057e-05
-2.15967e-06
3.59532e-05
1.89888e-05
-1.157e-05
7.38154e-05
2.99404e-05
-8.62937e-06
-2.17181e-05
1.95515e-05
2.90487e-05
3.50201e-06
4.12327e-05
4.3807e-05
2.46209e-05
1.71738e-05
4.54225e-07
5.18385e-05
9.16553e-06
9.64426e-06
3.03102e-05
9.05821e-07
6.61504e-05
1.18302e-05
-8.48158e-05
-4.25491e-05
1.13339e-06
-6.82033e-06
2.83393e-05
-2.15223e-05
-4.99195e-05
6.39955e-05
-3.79084e-06
-1.25984e-05
-5.07338e-06
-2.96537e-05
-8.35787e-06
2.16922e-06
-1.33648e-05
-1.05542e-05
7.76891e-05
-4.82465e-05
1.87367e-05
4.48428e-05
-2.81544e-05
-1.62224e-06
-4.24831e-05
-2.23587e-07
2.8855e-05
-1.09029e-05
-4.7011e-06
-5.75941e-05
3.05459e-05
-6.31112e-07
-2.64464e-06
-1.25366e-05
-4.70851e-05
2.61038e-05
2.08209e-06
-1.37769e-05
9.32052e-06
1.71975e-05
3.54624e-06
-2.33193e-05
4.12997e-07
1.19551e-05
-2.65126e-05
3.12269e-05
3.83447e-05
-9.41352e-06
2.05587e-05
3.68868e-05
1.17687e-05
-2.43401e-05
-2.67294e-05
-3.20862e-06
-1.78541e-05
5.40721e-05
2.24466e-05
4.29356e-05
