# 1 157 (number of hyperplane, dimensionality of hyperplane)
# 0 (added bias feature? 0:no 1:yes)
-0.000136572
0.000584763
0.000256579
0.000743549
0.000526887
0.000341185
9.99612e-05
2.05727e-05
8.78944e-06
0
3.09256e-05
2.53033e-05
1.0824e-05
0
0
0
0
0
0
0
0.000197386
6.01156e-05
-0.000443099
-4.98257e-05
9.89614e-05
-0.000264126
0.00128311
0.00041821
0.000295954
-0.000146686
0.000824174
-0.000150195
0.00129635
0.000650622
0.00143117
-0.000308565
-0.000207095
0.000163543
0.00174692
-0.000613172
0.000288092
0.00142702
0.00439308
0.00622422
-0.00140555
0.000375194
0.00162513
0.00338392
0.0028704
0.000514259
0.000801906
0.000710261
0.00170343
-0.000130372
-0.00147934
0.000428077
-0.00147474
0.00125873
0.00142646
0.000550325
-0.000417974
0.000410669
0.00114634
0.00226517
0.000428945
-0.000879828
0.000151669
0.00237271
0.00132023
0.000752098
0.000807535
0.000920839
0.00095413
0.00137137
0.00171672
0.00472661
0.000486597
0.00268802
0.00263926
-3.78969e-05
0.000380903
0.000216762
0.000497658
0.000180504
-0.000227961
1.92654e-05
7.26082e-06
0
0
0
0
0
0
0
0
0
0
0
0
-0.000498799
-0.000592544
-0.000341521
0
0
0.000405647
-8.4312e-06
7.11042e-05
-0.000333576
2.00191e-06
-0.00121015
-0.000652073
0.000678996
0.000588696
0.000332128
-0.000368897
0.000181698
-0.000278412
0.00130548
0.000140414
-0.000336918
0.000693619
0.00159503
-0.000724266
0.000914167
0.000144961
0.000406677
0.00039139
9.229e-05
0.000678683
0.000107899
-0.00118951
-0.000279719
-0.00169916
0.000257524
-0.000280576
0.000512714
0.000941878
0.000498899
0.000117023
0.000317404
0.00022689
0.000305356
0.000535389
-0.000394321
0.000739383
-4.77954e-05
2.60571e-05
0.000640848
-0.000739717
-0.000468911
0.000273065
0.000457952
0.000511183
0.000121735
0.00187402
-0.000966156
0.00388732
