# 1 157 (number of hyperplane, dimensionality of hyperplane)
# 0 (added bias feature? 0:no 1:yes)
0.000396787
-0.00232097
-0.000540701
0.00444668
0.0038531
0.00035501
-6.90015e-05
-0.000106488
-0.00028077
-0.000994331
-0.000547315
-0.00182524
-0.00144802
-0.00185667
-0.00304685
-0.000828432
-0.00126046
-0.000948066
-0.000977667
-0.00231086
-0.00120847
0.000740854
0.00059477
0.000740246
0.000912375
-0.00486108
-0.00257805
0.00250099
0.00316512
0.00479377
0.00302765
0.00481374
-0.00171334
0.00452174
0.00176858
0.000144759
0.00531381
0.00700061
-0.00199728
0.00129894
-0.00554439
-0.00329958
-0.000657232
-0.000687118
-0.00506481
-0.00625257
-0.00263098
0.000402785
0.00154535
-0.00294338
0.00533314
-0.000203966
0.00526848
-0.000726615
-0.00120391
0.00646506
0.00359291
-0.000238472
0.000732177
0.00410846
0.00332225
-0.00105844
-0.00067846
0.000911191
0.00543068
-0.00219036
0.00462186
0.00209294
0.00398984
0.00528242
0.00605002
0.00318476
0.00318859
0.00330168
0.00360557
-0.0011918
-0.00164608
0.00294259
0.00796698
-0.00243262
0.000749579
0.00191303
0.000710736
0.000238197
-0.000863445
0.000893369
0.000345405
-2.56982e-06
-0.000145899
0.00095586
0.000312705
0.000270725
0.000299677
0.000573297
0.00100831
0.000482388
0.000259269
0.000241566
0.000570977
-0.00110793
-0.000263639
-0.000438499
-0.000858252
-0.00177628
-0.001964
-0.00210843
-0.00021026
6.66442e-05
-0.00272679
0.00224433
0.00261337
0.00169652
0.000901071
-0.000480078
0.00255474
0.00192941
0.00129459
0.000628027
0.00209702
0.000286658
0.000517751
0.000791644
0.00151642
-0.000936489
0.000690902
0.00165028
0.00033204
0.000333888
-0.000718921
0.000867104
-0.00127683
-7.11487e-05
-0.00111668
-0.00128369
0.00147229
0.00270128
0.00182764
0.000748573
0.000707746
-0.000883473
-0.000965155
-0.0029201
-0.00348071
-0.00101215
0.000133682
0.0020378
0.000655415
0.00106283
0.0013267
0.00173435
0.000964335
0.0015588
0.00170704
0.00181278
-0.000937826
0.00113158
0.000713258
