# 1 157 (number of hyperplane, dimensionality of hyperplane)
# 0 (added bias feature? 0:no 1:yes)
-0.00113946
0.000919187
0.000634873
0.00116175
0.00170986
0.000166073
-2.18795e-05
-0.000133443
-0.000249259
-0.000522613
6.66659e-05
0
0
0
0
5.41049e-06
4.42695e-06
6.65943e-06
7.80403e-06
6.49269e-06
0.000181252
9.26538e-05
8.39661e-05
3.73316e-05
6.76348e-06
-0.000175033
0.00115715
0.000883486
0.00148043
0.000270656
0.000758
-4.52781e-05
0.00332906
0.00321969
-0.000792863
-0.00195329
0.00438599
0.00174552
0.0020798
-0.000464059
-0.000889803
-0.000683848
0.00266939
0.000767955
0.000127015
-0.00206525
-0.000964892
0.00286242
0.00126285
0.00151168
-0.000575775
0.00507441
0.0021776
0.0024679
-0.000462369
-0.00135661
0.00196027
0.00415157
0.00345425
0.000876657
0.000504989
0.00217994
0.00318515
0.00456828
0.000466935
3.95328e-05
0.000598698
0.000481807
0.000804993
0.000384212
0.00187342
0.000963958
0.000463471
2.12437e-05
0.00133274
0.00350528
0.00369573
0.00354302
0.00413521
0.000515316
0.000392335
0.000198784
0.000214445
9.82682e-05
2.00506e-05
-8.88651e-06
-2.70649e-05
-3.4499e-05
-8.47975e-05
0
0
0
0
0
0.000159992
0.00016364
5.12819e-05
0
0
4.56441e-05
5.14446e-05
6.83777e-05
2.44574e-06
0
0.000319116
0.000361563
0.000241083
0.000240091
0.000193712
0.000544544
0.000720168
0.000463468
0.000418802
0.000117888
0.000111998
0.000327144
0.000290715
0.000304544
-3.94761e-05
0.000397664
0.000654806
0.000170986
0.000247939
-9.149e-05
0.000482323
0.000300325
0.000390578
4.38604e-05
-0.000194495
0.00067661
0.000536602
0.000471403
0.000259832
-0.000272842
0.000503913
0.000519753
0.000163588
6.10175e-05
5.9205e-05
0.000755257
0.00106927
0.000961974
0.000637533
0.000254851
0.000519852
0.000834306
0.00096227
-5.59705e-05
0.000201674
0.00142198
-0.000507604
-0.000760196
-0.000386554
-0.00069179
0.00102887
0.000818202
0.000549195
