# 1 157 (number of hyperplane, dimensionality of hyperplane)
# 0 (added bias feature? 0:no 1:yes)
-0.000215843
-0.00627368
0.0754512
-0.0413511
0.210283
0.0191207
-0.152646
0.370873
-0.596155
2.18094
0.703023
0.2576
0.0366814
0
0
0.394233
0.177609
0.218654
0.213192
0
-0.100926
0.144498
0.0593675
-0.253336
0.0255271
0.00245953
0.0193592
0.0132915
-0.0180036
1.3136
-0.00279992
-0.005966
0.00315107
0.00548243
0.0320901
-0.00448215
0.00617956
0.0120832
-0.00496524
0.0227267
0.0272049
0.00236031
0.00417968
-0.00134847
-0.00853211
0.00748482
-0.00411773
0.00052472
-0.00692094
-0.013209
-0.00345174
-0.000356951
-0.00456548
0.00244521
0.016027
-0.00549937
0.00270354
0.000804636
0.00115542
0.0845416
0.00334726
-0.00791185
0.00148366
0.00210183
0.000844165
0.00260036
0.00136075
-0.00914954
0.0140139
-0.00996372
0.000255405
0.00321203
0.0103388
-0.00632124
-0.000831558
0.00848775
-0.00458738
-0.00320522
0.132784
-0.0214904
-0.0487345
-0.0309243
-0.11418
0.0965202
0.0124369
-0.278979
0.583763
0
0
0.712938
0.262796
0.0352868
0
0
0.40905
0.156571
0.252621
0.246311
0
-0.169997
0.110409
0.0499167
-0.144022
0
-0.0322073
-0.0319373
-0.0412914
-0.112405
1.23622
-0.0251549
-0.0528396
-0.0736649
-0.0805253
-0.00894807
-0.031643
-0.0269459
-0.0818248
-0.101184
-0.0434895
0.00585197
-0.0327279
-0.0699162
-0.0821291
-0.0865225
-0.00467012
-0.0428854
-0.0540429
-0.0907551
-0.0853157
-0.0158085
-0.0385531
-0.0750759
-0.0935423
-0.0506771
-0.0340601
-0.0377652
-0.0673508
-0.0880413
-0.0128506
0.0107724
0.00258258
-0.0157836
0.00772236
0.0102567
0.00053575
-0.0022458
0.0116669
0.00493033
0.00955203
-0.00532686
-0.00283193
-0.00436797
-0.00433561
0.0104769
-0.00567855
-0.000143857
-0.00330842
