# 1 157 (number of hyperplane, dimensionality of hyperplane)
# 0 (added bias feature? 0:no 1:yes)
-0.000914812
0.00406116
0.00577285
0.0255618
-0.0649084
0.317207
-0.0807826
-0.267224
0.16965
0
0.0288688
0.0259036
0.0257158
0.00860762
0
0.0432008
0.0538687
0.0512243
0.0235815
0
-0.0170706
-0.324653
0.256207
0.0435238
0
0.00876773
0.00498774
-0.00117413
0.0110578
1.11433
-0.0133878
-0.000279583
0.00072638
-0.000299416
0.000918577
-0.00532814
0.00867259
-0.00606736
0.0084893
0.00795578
-0.0192474
0.0117765
-0.00647597
0.0138516
-0.00291269
0.00575401
-0.00895922
0.00451981
-0.00957386
0.0013174
-0.00612479
0.00472905
-0.00448376
-0.00797409
0.00344937
0.0134283
-0.0169227
-0.00524055
0.025258
0.00503844
-0.000450584
0.00448736
-0.017921
0.0277412
-0.00133202
0.000915689
0.0105208
0.143833
-0.00316615
0.00205122
0.0153686
-0.000686177
0.00552923
-0.00161572
0.000840643
0.0280989
0.0262293
-0.000428765
0.0459927
0.0314796
-0.0107349
-0.0272412
0.0342189
0.00210975
0.160616
0.0108707
0.00149506
0.00219043
0
0.0338281
0.00630376
0.00802837
0.00268726
0
0.0414445
0.0459657
0.0272761
0.021912
0
0.0714099
0.00926738
0.0191724
0.000752455
0
0.029555
-0.0206607
-0.034029
0.0224414
0.338707
0.0213869
-0.0318
-0.0115869
-0.0390724
-0.0239408
0.00590512
-0.0112782
-0.0124402
-0.0214971
-0.0329804
0.0165004
-0.0138599
-0.00403996
-0.0190363
-0.0127035
0.024522
-0.0158082
-0.0153886
-0.0414378
-0.00459049
0.012976
-0.0160612
-0.0185208
-0.0263963
0.00906619
0.0409049
-0.0214012
-0.0283681
-0.0152921
-0.00831529
-0.0104639
-0.000801696
0.000472214
0.00377707
-0.0174728
0.00728133
0.0192104
-0.0538631
-0.004677
-0.00032001
-0.00691285
-0.00425987
0.0104027
-0.00816607
-0.00306731
-0.000492104
-0.020498
0.0246795
