# 1 157 (number of hyperplane, dimensionality of hyperplane)
# 0 (added bias feature? 0:no 1:yes)
0.00871258
-0.000320389
-0.0101356
-0.00282064
0.00253193
-0.00528516
-0.00533997
-0.0221584
0.0154715
0.016051
-0.00240909
0.0299078
-0.0118715
-0.0160887
0.000307965
0.022418
0.0139753
0.00154092
-0.00254802
2.06784e-05
0.000955547
0.0126686
-0.0448263
-0.0330423
0.00545951
-0.000114679
-0.00118892
0.00290166
-0.0096422
0.0177849
0.00757602
0.0228177
0.00337879
-0.0032717
-0.00234369
0.00388909
-0.00788143
-0.000618292
0.026541
-0.034228
-0.0322458
-0.00591228
-0.0055293
0.0105957
0.00296935
0.000384736
0.00622651
0.0297216
0.00680398
0.0184642
0.000814929
0.0155007
-0.00636205
0.0146853
0.00265812
0.00275853
-0.00491877
0.00771236
-0.00330861
-0.0146796
0.00393036
-2.34574e-05
0.0210594
-0.00963359
0.0183186
-0.0149474
0.0105971
0.0590627
0.0132827
0.0189867
-0.0284659
0.00524949
-0.00189628
-0.00165354
-0.00504256
0.0614838
0.0223001
0.0238473
0.0110198
-0.00810435
0.00695196
-0.0230829
0.00729445
0.0177904
-0.00890755
-0.00118958
0.00589985
0.00179181
0
0.00782102
0.00873858
0.0086982
0.00345958
0
0.0117861
0.00805509
-0.0208117
-0.0108086
0.00021821
0.00807883
0.0104072
-0.00880144
-0.0144826
0
-0.000661766
-0.00347672
0.00554767
0.000692084
-0.00396313
-0.00394591
-0.00377972
7.55088e-05
0.00718753
-0.029003
0.00363705
-0.0035752
0.0212873
0.0161166
-0.0586634
-0.0245698
0.00222299
0.0053966
0.0140618
-0.00466896
-0.00319927
0.023738
0.00645603
0.0160327
0.0148956
0.00135828
0.015172
-0.00879035
0.0252585
0.00355836
-0.00420432
0.00614321
0.00478731
-0.0116118
-0.00888543
0.00584858
0.00616896
0.00126796
-2.93682e-07
0.00271414
0.00325624
-9.40935e-05
-0.00402972
0.00864289
0.007617
-0.0135956
-0.000803997
-0.00419694
-0.0178382
-0.0101965
-0.00285297
0.00446659
0.0242693
