# 1 157 (number of hyperplane, dimensionality of hyperplane)
# 0 (added bias feature? 0:no 1:yes)
-0.00241026
0.000352004
0.000296379
0.00120044
0.000630928
0.000123066
3.13974e-05
0.000120456
9.91532e-05
-3.66753e-06
0
0
0
0
0
0
0
0
0
0
8.68024e-05
-0.000341017
-0.00018172
-0.000202804
-0.00010644
0.00206903
0.00258668
0.00084058
0.00132166
-0.000353263
0.00529585
0.000837449
0.00154312
0.00294594
0.00114478
0.00183572
0.00212986
0.00302476
0.00317303
0.00084377
0.00521639
0.00462839
0.000492617
-0.000306027
-0.00146035
0.00302578
0.00577624
0.000435079
0.000601202
-0.000487416
0.00298747
0.00331845
0.00324651
0.00365078
0.00161929
-0.00255829
0.00114835
0.00216765
0.00232639
-0.000376177
0.00205052
0.00230513
0.00271963
0.00330542
0.00227496
-0.000233162
0.00214307
0.000952886
0.000338881
0.000183428
0.00080591
0.000667066
-0.000457567
0.000483919
-7.26878e-05
-0.0012029
-0.00268662
0.00198032
0.00561378
0.000666356
-8.96731e-05
0.000142333
-0.000124923
-0.000145599
0.000235725
0.000185054
0.00014979
0.000174223
0.000166238
0
0
0
0
0
0
0
0
0
0
0.000205184
9.51913e-05
5.59833e-05
6.21054e-05
2.16199e-05
-0.000500101
0.0006789
0.000453005
6.29802e-05
0.000191921
0.00213371
0.000519887
0.00128925
0.000168816
0.000342159
0.000197031
0.00109822
0.0010277
0.000813707
0.000630245
0.00106666
0.000786189
0.000249553
0.000894311
0.000987275
0.000310794
-4.08935e-05
-0.000542991
0.000326874
0.00115536
0.000940566
-0.000656087
-4.38988e-05
8.89587e-05
0.000272179
0.000262159
-0.00247597
-0.000900578
0.000157877
-4.61212e-05
0.000748451
0.000782973
0.000629287
0.000681943
0.000235189
0.000533207
-6.80513e-06
0.00316468
0.000856018
0.000703188
0.000904219
-0.00019503
0.000496359
-6.33349e-05
0.000449908
-0.00153172
0.00194434
0.00289999
