# 1 157 (number of hyperplane, dimensionality of hyperplane)
# 0 (added bias feature? 0:no 1:yes)
-0.0023323
0.000425301
0.0027338
-0.00211515
0.00160969
0.000597287
-0.000470082
-0.00178408
-0.000434551
0
-0.00217663
-0.00167558
-0.00100094
-3.70159e-05
0
-0.00297267
-0.00127417
0.000181451
0.000905343
0
-0.00432713
-0.00289435
-0.00102311
-0.000677719
0
0.00131183
-0.00315139
0.00295218
0.000451626
0.00185393
0.00529449
0.00419214
-0.00511885
0.0197931
0.00618573
0.000834802
0.00074576
0.00584372
0.000655413
0.00236499
0.0079301
-0.00030518
0.00509034
-0.00187748
0.00575312
0.0025808
0.00253155
0.00856403
-0.00621554
0.00625442
0.0028849
-0.000349998
0.000944017
-0.000294214
0.00464034
0.00284527
-0.000681364
-0.00137401
0.0047079
0.00308805
0.00475404
0.00288241
-9.47117e-05
-0.0011238
0.0068711
-0.00219933
0.00215204
-0.000445987
0.0116303
0.00495959
0.00662051
0.00378392
0.000470534
0.000764142
-0.00119118
0.00409853
-0.00373305
0.00181981
0.00553208
-0.00194506
-0.00466412
-0.00137795
-0.000803971
6.53074e-05
-0.00114121
-0.000978289
-0.000890693
-0.0010741
0
0.0011663
0.000863351
0.000184021
2.64162e-05
0
-0.000400263
0.000346227
-0.000312224
-0.00250025
0
0.00222753
-0.000427702
0.00133561
0.00240524
0
0.00303136
-0.000564237
0.00227
0.000669164
0.000306534
-0.00245711
0.000866675
0.00570497
0.0135581
0.0018536
-0.000995622
-0.00183202
-0.00208062
-0.00303215
0.00152554
-0.00113
0.00114027
0.00285081
-0.00649121
-0.00074597
-0.00529246
0.000665847
0.00487787
-0.00641356
0.00227194
0.00139799
0.00333558
-0.00275418
-0.00253984
0.000837477
-0.00380182
-0.00471891
-6.00175e-06
0.00445413
0.00297781
0.00271252
-0.000867708
-0.000743989
-0.000723484
0.00143759
0.00132448
0.00465122
0.00622964
0.00239661
3.3307e-06
0.0046697
0.0101369
0.00143176
-0.00105245
-0.00293062
0.00604091
0.0016162
-0.00744096
