# 1 157 (number of hyperplane, dimensionality of hyperplane)
# 0 (added bias feature? 0:no 1:yes)
0.00920005
-0.00418988
-0.00692819
0.0236232
-0.00317904
0.0321753
0.0131401
0.00416672
0.00798608
0.00702234
0
0
0
0
0
0
0
0
0
0
0.00808438
-0.00192808
-0.0363449
-0.006669
0
7.17899e-05
0.00556264
-0.000231695
-0.00022276
0.017321
0.0126557
0.000334952
-0.00876342
-0.00572114
0.0164417
-0.00694851
-0.0013866
-0.00116236
0.000189909
-0.00777593
-0.00945715
-0.0074781
0.0403242
0.0246448
-0.0212441
0.0132396
-0.004774
0.00457366
0.00664524
0.00827263
-0.00429491
0.000913022
-0.00275833
-0.00476796
-0.000385377
-0.0087822
-0.0124006
0.00141756
0.00685174
-0.000475884
-0.000613444
-0.00186066
0.00928616
-0.00259103
0.00339544
-0.00416466
0.01105
0.0432564
0.00681295
0.00227456
-0.00248638
0.00162494
-0.0233219
0.0342619
0.0109036
0.0422998
-0.0445973
0.0133393
0.0226313
-0.0288733
-0.00961881
-0.000304447
0.0335843
0.0039695
-0.0133662
0.0036618
0.00240245
0.00460463
0.00404896
0
0
0
0
0
0
0
0
0
0
-0.0219406
-0.0138648
-0.0117249
0
0
-0.013358
0.00309295
0.00488768
-0.0143382
0.0139849
-0.0203149
-0.0124446
0.0223145
-0.0107802
0.00763445
-0.0103858
0.00443537
0.000803907
0.00579915
0.00229941
-0.0259785
0.00753888
0.0183617
0.000858505
0.0155317
-0.00899794
-0.00922356
0.00760275
-0.010724
0.0235472
-0.0162916
-0.0101647
0.0122952
-0.0170824
0.00584236
-0.028694
-0.00957914
0.0185444
-0.00713257
0.00669306
0.00112916
0.000508946
0.00802148
-0.0100726
0.00334834
-0.00230542
-0.00759803
0.00689789
0.0251768
-0.0248619
-0.0193739
-0.0031194
0.00952515
0.04212
-0.00349595
0.0153176
-0.00249225
0.0328974
