# 1 157 (number of hyperplane, dimensionality of hyperplane)
# 0 (added bias feature? 0:no 1:yes)
0.0024854
0.0008257
-0.00454156
0.00223462
0.00229934
-0.000849141
-0.000207711
-4.52069e-06
0.000102349
0
8.22786e-05
0.00013464
0.000226264
7.57352e-05
0
0
0
0
0
0
0.00189245
-0.00135496
-0.000429691
-0.00120386
0
-0.000634658
0.00819403
-0.000409661
0.000338376
0.000424486
0.000797346
0.00327014
0.000814572
0.00692224
0.0050169
0.00406482
0.000786718
-0.00116813
0.00014871
0.00391726
0.00351967
-0.00443194
0.00319263
-0.0020724
-0.00171394
-0.00355911
-0.00243713
0.00734407
-0.00206215
0.00199772
-0.00137891
0.000669871
-0.00611803
0.00379606
0.000810015
0.00751403
0.000678275
0.00405171
-0.00339739
0.00345051
0.00219324
0.00333308
0.00149278
0.0026344
0.00381554
-0.00168535
0.00485666
0.00173803
-0.000773447
-0.00163765
0.00282058
0.00150061
-0.000784744
0.00016967
-0.000518037
0.0140417
0.00168875
-0.00168441
0.00496466
0.000996718
0.00419343
0.000525133
-0.00452633
0.000403035
0.000857413
0.000484647
0.000253617
6.64881e-05
0
0
0
0
0
0
0
0
0
0
0
0.00129372
0.00105884
0.00026158
0.000218386
0
-0.000377272
0.00228294
0.000842281
0.00330841
9.66935e-06
-0.000754452
0.0011086
0.000106908
0.00219839
9.82475e-05
0.00367115
0.0034627
0.00236925
0.00230862
7.36363e-05
-0.0028087
-0.000823354
-0.000666114
-0.00222784
-0.00103648
-0.0070358
-0.00159336
-0.000892774
0.00113792
0.00214197
-0.00100852
0.000814896
-0.000658083
-0.00175131
-0.000493517
0.00336659
0.00491079
-0.00266551
-0.000870486
1.94458e-05
0.00167427
0.000316599
-0.000821518
-0.00109396
0.000802351
0.000905805
0.00184259
-0.000555362
0.0015624
0.00114309
0.00318389
-0.000252652
-0.00436435
0.000608692
-0.000384512
-0.00222361
0.00316087
0.00278439
