# 1 157 (number of hyperplane, dimensionality of hyperplane)
# 0 (added bias feature? 0:no 1:yes)
0.00186668
0.00139564
0.00107629
0.000390026
0
6.4377e-05
-1.94665e-05
-0.000175437
1.63498e-05
0
-0.000206358
-0.000168842
-0.000395515
0
0
0
0
0
0
0
0.000151018
-0.000115643
2.35616e-05
2.74922e-05
0
0.000872788
-0.000430472
-0.000646436
0.000184116
1.2631e-05
-0.000418544
0.000142182
0.000655733
0.00340832
0.000895834
0.000581441
0.00380206
0.000465749
0.000829966
0.00117532
-0.00020745
0.0024491
0.000903101
0.004096
-0.00105549
0.000104741
0.00246101
0.00174362
0.00219671
-0.00157421
0.000569036
0.00336342
-0.000413405
0.000798361
0.0021701
0.00212647
0.0018954
0.00183924
0.00161024
0.000503978
0.00323859
0.00193484
0.0024416
0.00325346
0.00162103
0.00168041
0.00189077
0.000184392
0.00221199
0.00190776
0.00165116
0.000447417
0.000999794
0.000478915
0.00053591
0.000329667
0.000541292
0.00224483
0.00579807
0.000792483
0.000276487
7.59193e-05
1.31119e-05
0
7.21788e-05
4.81192e-05
0.000145977
1.15227e-05
0
0
0
0
0
0
0
0
0
0
0
3.58355e-05
6.96879e-06
0
0
0
0.00140043
0.000738196
0.000758481
8.83759e-05
0
9.54727e-05
0.000217515
0.000463828
0.000440818
0
0.000188857
-1.95024e-05
0.000876595
0.00167502
0
0.000333429
0.000305077
0.000905992
0.000304296
0
3.6784e-05
-1.39771e-05
0.000496324
0.000355358
-0.000252961
-0.000225405
0.000925148
-0.000209358
0.000543989
0
0.00133439
0.000546978
-0.000640696
0.000375474
0
0.000191208
-0.000242768
-0.000276633
-0.00021195
0.000334652
-0.000149018
0.000111794
0.00185523
0.00198977
0.00204952
0.0016661
6.83086e-05
-0.00034479
-0.000135035
-0.000102876
0.00170807
0.00166846
0.00151936
