# 1 157 (number of hyperplane, dimensionality of hyperplane)
# 0 (added bias feature? 0:no 1:yes)
-0.000194542
-0.000810638
0.00139256
0.000644267
0.00082632
0.000597787
0.000472108
0.000644403
5.79925e-05
0
0
0
0
0
0
8.46427e-06
1.15428e-05
8.87881e-06
1.48723e-05
2.30851e-06
0.000150176
1.27367e-05
2.88563e-06
5.48748e-06
3.20623e-06
0.000268379
0.00130344
0.000478165
0.00132142
-0.00297706
-0.000319436
-0.000570754
-0.00165961
0.00513188
-0.000789595
-0.00471736
0.00158969
0.00467564
0.0126162
-0.00086695
0.00143524
0.000429601
0.00402183
0.00589639
0.0042132
-0.00306008
0.00140014
0.00216036
-0.000618424
-0.00449958
0.000606758
-0.00123679
0.0007601
0.00192513
0.00222113
0.000297403
0.000264217
0.00300958
-0.00325105
0.00310067
0.00407337
0.000547355
-0.000152106
0.00110588
0.00266445
0.00146367
-0.0013892
0.00128607
0.000879094
-0.000459879
0.00366091
3.49566e-05
0.000962369
-0.00146452
0.00129246
0.00383853
0.00239737
0.00623973
0.00433378
0.00135815
0.00167634
0.000639587
0.0017578
5.44115e-05
2.7894e-05
4.67664e-05
7.69276e-05
2.86524e-05
0
0
0
0
0
0
0
0
0
0
0
2.43e-06
0
0
0
0
-0.000200132
-0.000755818
-0.000835986
-0.00164921
-0.00227615
0.000352553
-0.00152553
-0.00198267
-0.00324054
-0.00264322
0.000445928
0.00147065
0.0014451
0.000895947
-0.000160603
0.00121791
-0.00047922
-0.00103168
0.00114046
3.74878e-05
-4.18746e-06
0.00138628
0.00217806
0.00126055
0.000559415
0.0011312
0.0015189
0.000363025
0.00119241
0.00297282
0.000657695
-0.000883487
0.00228765
0.00167471
-4.34126e-05
8.00122e-05
-0.000391465
9.03927e-05
0.000304567
2.2337e-05
5.99164e-05
-0.000943049
0.00104234
0.00240609
0.00231692
0.00242722
0.00149977
-0.000210769
-0.00114636
-0.00109132
0.00136947
-0.0014879
-0.00102704
