# 1 157 (number of hyperplane, dimensionality of hyperplane)
# 0 (added bias feature? 0:no 1:yes)
-0.0378295
0.0663933
0.0103971
-0.0548325
0.0851948
0.0185982
0.283116
-0.220613
0.523877
0.105308
0.219017
0.196696
1.13635
-0.155298
-0.556321
-0.0449408
0.322637
0.0284297
0.149779
0.426178
-0.133924
0.293725
0.434067
-0.338581
-0.00761054
0.0143658
0.0121498
0.0191118
-0.0422702
0.0402118
-0.033816
0.0309637
0.0235193
-0.0168448
-0.018938
0.0539145
0.0273125
-0.00152881
0.0159503
0.0648773
0.0187716
0.0582628
-0.00525598
-0.0160965
0.715289
0.0124418
-0.0243992
-0.0377713
0.0507349
-0.171886
-0.0431118
-0.012503
-0.0411755
0.0261261
-0.0342814
0.00807865
0.000432565
-0.0416855
0.0351398
0.0556665
0.0123333
0.0160511
0.0442026
-0.00431075
-0.031232
0.0452582
0.070459
0.185275
0.124543
0.0726575
-0.0492167
0.00181459
-0.00351754
0.00854592
-0.0080887
0.123758
-0.00551427
-0.0449071
0.150995
-0.0187747
0.0702222
0.0028942
-0.208714
0.0756391
-0.147304
0.45095
0.197847
0.283352
0.0191394
0.352083
-0.0930803
0.411003
0.336296
0
0.0198829
0.334476
-0.00840198
0.000316493
0.424949
-0.0653413
0.299029
0.240586
-0.405816
-0.0016843
-0.0645802
-0.0423609
-0.125517
-0.0630588
-0.0420879
-0.0691486
0.0371845
-0.149226
-0.130686
0.0374737
0.0189725
0.0299343
-0.0266429
-0.150917
-0.0699136
0.0630101
0.0647107
0.0227553
-0.14814
0.706644
0.0815939
0.0151212
-0.0252636
-0.209561
-0.0961393
0.0154221
0.0175073
-0.0759957
-0.130129
-0.0251098
0.0198778
-0.00501245
0.00240158
-0.156436
-0.0307616
-0.0131996
-0.0500528
0.0478226
-0.0379647
-0.0462796
0.0343655
-0.0159509
0.129795
0.118122
0.0433165
0.0358715
-0.0309327
-0.0210379
-0.000806113
-0.0443566
0.0115089
-0.0592962
-0.00699177
