# 1 157 (number of hyperplane, dimensionality of hyperplane)
# 0 (added bias feature? 0:no 1:yes)
0.00621533
0.00646228
-0.00769541
-0.0137789
0.00226227
-9.41999e-05
-0.00114277
-0.00371617
-0.00122093
-0.000677244
0.00343917
0.00307956
0.00271829
0.00224403
0
-0.000326642
0.00184897
0.000559149
0.000151519
0
0.00336591
0.00344617
0.00248653
0.00138412
0
0.00595454
-0.0023232
0.00207517
-5.28865e-05
0.0017562
0.00257443
0.00263499
0.00126957
0.00107477
0.00648284
0.00139041
0.0081806
0.00566672
-0.00704335
0.0086543
-0.000680077
-0.00093396
0.0153699
-0.00303689
0.000193934
0.00277702
-0.00392948
0.0163258
-0.00210121
0.0043262
0.00100876
0.00255974
0.0113247
-0.00127891
0.00688615
0.00275702
0.00464175
0.00377628
0.0122788
0.00802642
-0.000384944
-0.00506881
0.00473992
0.00234797
0.000980148
-0.00141814
0.00921543
0.00950053
0.00662912
0.00550533
0.00596106
0.00634278
0.00106292
0.00373203
-0.00109171
0.0135135
0.0200016
0.0160409
0.0108555
-0.000532243
-0.00395431
-0.0109981
0.000689549
0.000648239
0.00103445
-0.000133633
-0.00305487
-0.000225332
3.95851e-05
-0.000575521
0.000125359
0.00227162
0.00142032
0
-8.47445e-05
-0.00299526
-0.000855069
0.00022256
0
0.000363412
0.002693
0.00211812
0.000497669
0
0.00241533
-0.00439763
0.00236704
0.000898729
0
0.000159259
0.00146754
0.00295659
0.0016643
0.000300504
-0.00198716
0.00295235
0.00324208
0.00251454
0.000430967
-0.00209837
-0.00138152
0.00193083
0.00047186
0.000300617
0.00150999
-0.00271029
-0.000136918
-0.00215316
-0.000633281
0.00218464
-0.0040373
0.000617476
0.00261349
0.000314339
1.36755e-05
-0.00241981
0.000345012
0.0104089
0.00068483
-0.000686971
0.000913743
-0.00160434
-0.00375739
-0.00159297
0.000941209
0.000919107
0.00949472
0.000444402
-0.00227325
0.00122668
0.000365963
0.00131832
0.00326262
0.00363271
0.00826569
0.00610422
0.0103634
