# 1 157 (number of hyperplane, dimensionality of hyperplane)
# 0 (added bias feature? 0:no 1:yes)
-0.0023641
0.000437325
0.000330405
0.00120394
0.000695854
0.000109906
9.50323e-06
0.000105865
8.40112e-05
-1.53148e-05
0
0
0
0
0
0
0
0
0
0
5.00178e-05
-0.000381208
-0.000202344
-0.000226189
-0.000115486
0.00198159
0.00258917
0.000817948
0.00133287
-0.000327956
0.00528632
0.000833884
0.00148606
0.00290962
0.00118461
0.00179133
0.00210989
0.00303123
0.00323894
0.000880158
0.00515951
0.00466908
0.000553456
-0.000209141
-0.00130692
0.00297143
0.00570948
0.000508995
0.000579444
-0.000464852
0.00296765
0.00331959
0.00321606
0.00365723
0.00154512
-0.00257593
0.00113867
0.0022533
0.00238294
-0.000365279
0.00203911
0.00233363
0.00278089
0.00340506
0.00224666
-0.00021562
0.002095
0.00094708
0.000377656
0.000190864
0.000802492
0.000686205
-0.000433694
0.000518278
-8.47354e-05
-0.00116466
-0.00256542
0.00203564
0.00568678
0.000650506
-9.70956e-05
0.000134036
-0.000158798
-0.000148749
0.000250133
0.000206138
0.000164369
0.000189383
0.000177897
0
0
0
0
0
0
0
0
0
0
0.000235827
0.000132397
7.54265e-05
8.37864e-05
2.95696e-05
-0.000537433
0.000593698
0.000420903
8.9191e-06
0.000145619
0.0021559
0.000561368
0.00128706
0.000209806
0.000391963
0.000209844
0.00106187
0.00100796
0.000793382
0.000604263
0.00101789
0.000759331
0.000227776
0.000862369
0.000906257
0.000292732
9.66976e-07
-0.000578723
0.000335169
0.00121674
0.000898838
-0.000610854
-3.01367e-05
8.49838e-05
0.000292697
0.000314106
-0.00240977
-0.000834032
0.000241881
2.63729e-05
0.000754236
0.000780826
0.000646632
0.000715616
0.000248083
0.000525822
-6.72087e-06
0.00317857
0.00087456
0.000701567
0.000882255
-0.000188908
0.000500154
-5.99874e-05
0.000506585
-0.00154941
0.00193984
0.00292073
