# 1 157 (number of hyperplane, dimensionality of hyperplane)
# 0 (added bias feature? 0:no 1:yes)
0.000149924
0.000427447
0.00048066
1.71053e-05
-4.41133e-05
2.71902e-05
-2.42916e-05
0.000236647
-2.53383e-05
-6.51162e-05
8.81662e-05
0.000265024
0.000260911
9.42558e-05
-4.56099e-05
0.000134628
0.000244794
0.000110377
-3.37931e-05
-6.28215e-06
6.00968e-05
2.12456e-05
0.000160829
5.04453e-05
-3.03532e-05
0.000270349
0.000183744
0.000385709
0.000454583
5.78647e-06
0.000275887
0.000565125
0.00123288
0.000764
3.06216e-05
-4.57831e-05
0.000187205
0.00108681
0.00075699
0.000103769
-0.000384976
0.00063761
0.00105245
0.000760278
6.84812e-05
-0.000159004
-1.03086e-05
0.000409386
0.000354319
7.15893e-05
0.000230316
0.000376141
0.00120191
0.000932085
0.00010109
0.000488621
0.000713534
0.0012986
0.00114891
0.000218309
0.00264628
0.00181776
0.00237448
0.00291871
0.00114098
0.0015638
0.00222263
0.000731318
0.00121041
0.00140518
0.00150647
0.000852893
0.000949437
0.00141146
0.00160112
-0.000911443
-0.00114356
-0.00109773
0.00413274
0.00031004
0.000101381
0.000226232
0.000312501
7.13914e-06
-8.57506e-06
7.46763e-05
3.84268e-05
0.000200217
7.34266e-05
0.000102083
9.86033e-05
3.65027e-05
1.82208e-05
2.02402e-05
2.53373e-05
1.83035e-05
1.58002e-05
3.80975e-06
0
0.000120283
2.74109e-05
9.50193e-05
3.55878e-05
-5.23507e-06
0.000332042
0.000438248
0.000234248
0.000395956
6.93808e-05
0.000408328
0.000309872
0.000336174
0.000340268
1.8291e-05
0.000249347
0.000283402
0.000159617
0.000191439
-4.00792e-05
0.000237908
0.000292474
0.000246193
0.000347077
2.73694e-05
0.000280054
0.000273511
8.12795e-05
6.92768e-05
-9.37575e-05
0.000360314
0.000293007
0.000400016
0.000299702
-3.04254e-05
0.000284904
0.000337859
0.00047034
0.000385184
-3.72523e-05
0.000775851
0.000748957
0.000629279
0.00060519
0.000476531
0.000310951
0.00126692
0.00157754
0.000629978
0.000469301
0.00076759
0.000350728
0.000288572
0.000259975
0.000219156
0.00128192
0.000948673
0.00171416
