# 1 157 (number of hyperplane, dimensionality of hyperplane)
# 0 (added bias feature? 0:no 1:yes)
0.000155612
0.000428472
0.000509975
7.75922e-05
-4.16693e-05
3.09938e-05
-1.15909e-05
0.000234667
-3.46368e-05
-6.70607e-05
8.20832e-05
0.000262206
0.000238305
7.75225e-05
-4.89461e-05
0.000121425
0.000235356
0.000107744
-3.40639e-05
-6.29646e-06
4.80291e-05
1.55612e-05
0.000139986
4.06525e-05
-3.06908e-05
0.00027634
0.000175896
0.000402291
0.000488273
1.26571e-05
0.000284677
0.000547308
0.00119302
0.000711884
4.09469e-05
-4.71378e-05
0.000196478
0.00107215
0.000738854
0.000104675
-0.000417753
0.000616252
0.000987008
0.000729076
7.10308e-05
-0.000168036
8.78875e-06
0.000402308
0.000366039
5.55628e-05
0.000208697
0.000387706
0.0011961
0.000954605
0.000115582
0.000498168
0.000734834
0.00133177
0.00119853
0.000229785
0.00258306
0.00182198
0.00240137
0.00298279
0.00113716
0.00150209
0.00218284
0.000753473
0.00116849
0.00138492
0.00146321
0.000816035
0.000920849
0.00140302
0.00158293
-0.000875291
-0.0011409
-0.0010915
0.00403009
0.000312885
9.69252e-05
0.000231537
0.00031824
4.37297e-06
-7.18861e-06
7.34885e-05
4.0449e-05
0.000207645
7.59379e-05
9.85069e-05
9.38482e-05
3.697e-05
2.06259e-05
2.35185e-05
2.1266e-05
1.79933e-05
1.56597e-05
3.63259e-06
0
0.000120719
3.20022e-05
0.000104476
4.09409e-05
-5.24699e-06
0.00032998
0.000421863
0.000227663
0.000393478
7.07374e-05
0.000394774
0.00031285
0.000339879
0.000332783
1.62001e-05
0.000238409
0.000286712
0.000155543
0.000190217
-2.81693e-05
0.000227162
0.000281852
0.000225936
0.000345993
2.29045e-05
0.000291394
0.000284632
8.6539e-05
7.96579e-05
-8.68874e-05
0.000353402
0.000277027
0.00035444
0.000288935
-2.90893e-05
0.000266875
0.000322525
0.000422366
0.000328657
-4.3233e-05
0.000760555
0.000745357
0.000602381
0.000559096
0.000450685
0.000321911
0.00125544
0.00154721
0.000628758
0.000461402
0.00076298
0.000357113
0.000284909
0.000249324
0.000212411
0.00123866
0.00089315
0.00167581
