# 1 157 (number of hyperplane, dimensionality of hyperplane)
# 0 (added bias feature? 0:no 1:yes)
0.00105039
-0.000477346
-0.000397221
-0.000523273
-0.00111959
1.42717e-05
1.9029e-05
0
0
0
0
0
0
0
0
0
0
0
0
0
1.77961e-05
2.16534e-05
0.000124281
0.000211033
0
0.000554965
0.00145799
0.000688294
-0.000561742
-0.000586288
-0.000110552
0.00298767
0.00312477
0.00409737
0.000285
0.00297342
0.00563983
0.00441178
0.00681291
0.00340952
0.00250106
0.00574054
0.00104358
0.00186259
0.00114671
-0.000967283
0.00442554
0.00134132
0.00186791
0.00229766
0.0026447
0.00495982
0.00446051
0.00877034
0.0032245
0.000351413
0.00231735
0.00272262
0.00331435
0.000402307
0.00115824
0.00273365
0.0047514
0.0066095
0.000367847
0.000821102
0.00118644
0.00166496
0.00358191
0.0032951
0.00273459
0.00160143
0.000434932
0.000215183
0.0012022
0.00047357
0.00114392
-0.000282164
0.00722627
0.000580696
0.000412805
0.000179307
-3.15405e-05
1.73184e-05
1.38872e-06
1.19729e-05
1.14521e-05
1.38629e-05
0
0.000104657
8.56304e-05
0.00019187
0
0
0
0
0
0
0
8.68944e-05
7.85843e-05
3.29244e-05
1.2954e-05
0
0.00150195
0.000424942
0.000413936
0.000775618
0.000207578
-0.000175437
-0.000217699
0.00077068
0.00162011
0.000390282
0.00167668
0.000872836
0.000914447
-0.000597556
-0.000509932
-0.000130191
0.00175398
0.000536792
-0.000117297
-0.000426385
-0.000591525
-0.00011544
0.000442122
0.00106192
0.000343568
8.08371e-05
0.00110499
0.000362474
0.00115226
6.05269e-06
0.0020253
-3.48196e-05
0.00079146
0.000339077
-0.000243346
0.000719599
0.000798988
0.000721758
0.000819816
0.000138456
0.000603726
0.000652272
0.0020966
0.00238002
0.00152937
0.00140034
0.00114753
-0.000416227
0.000198186
-0.00191938
0.00355663
0.000580598
0.000895649
