# 1 157 (number of hyperplane, dimensionality of hyperplane)
# 0 (added bias feature? 0:no 1:yes)
0.00343321
0.0031979
0.000732453
0.00458733
0.000694373
0.00246033
-0.00123659
-0.00367082
-0.000490481
0
0
0
0
0
0
0
0
0
0
0
-0.00010953
-0.000124654
0.000212761
0.000243484
3.22258e-05
-0.00248159
0.00449217
-0.00150493
-0.000315219
0.00104655
0.00368947
0.00103438
0.00049991
-0.0018819
-0.00105182
0.00438484
0.00925867
0.000180306
0.00492577
-0.00372502
0.000685367
0.00233463
-0.00189106
-1.66098e-05
-0.00159562
-0.00216855
-0.00506472
0.00412805
0.013588
0.0100862
0.000402057
-0.000892703
-0.000737309
0.000552936
0.00247923
0.00819659
-0.0017856
-0.00579377
0.00784071
0.00442435
-0.00123442
-0.00210643
-0.000859078
0.0035906
-0.000444565
-0.000820547
0.00673185
0.00263966
0.00768769
0.0075404
0.0066051
0.00322093
-0.00262075
9.35683e-05
0.00329881
0.00362955
0.0107645
0.00927091
0.00952323
0.000438287
-0.00581067
0.00220007
-0.000805458
0.00177255
0.000920363
0.000725743
0.000281902
2.57547e-05
0
3.47945e-05
2.84688e-05
6.66885e-05
0
0
0
0
0
0
0
0.00048057
0.000720051
0
0
0
-0.00333386
-0.000141627
-0.00228166
-0.000295341
0.000224133
0.002574
-0.00194051
-0.0025938
-0.00198711
0.000732817
0.00298449
0.00543619
0.00401038
0.00437439
-0.00101313
0.00240404
-0.000586156
0.00794926
-0.00981107
0.00594338
0.00599922
-0.00424501
0.00378879
-0.00167949
0.00611714
-0.000274687
-0.000429159
0.00440619
0.00090886
0.00191441
0.000798991
-4.37567e-05
0.00105322
-0.00322893
0.00154875
-0.00179034
-0.00275621
-0.000214076
0.000998111
-0.000836911
-0.00099048
-0.00226426
0.00282269
0.00264948
-0.000823872
-0.0068006
0.00572339
0.00128334
-9.99117e-05
0.0019056
0.0187884
-0.00387556
0.000911821
