# 1 157 (number of hyperplane, dimensionality of hyperplane)
# 0 (added bias feature? 0:no 1:yes)
0.000691477
-0.000608918
-0.000356206
-0.000960406
-0.000976876
0.000113759
6.45686e-05
6.18575e-05
9.33247e-05
0.000110327
0
0
0
0
0
-0.000313988
-0.000161453
-0.000121433
-0.000147994
-0.00019733
-5.27607e-05
2.21117e-07
4.02607e-05
-2.57511e-06
-4.32863e-05
0.00146053
0.00179574
0.000696743
0.000549741
1.91239e-05
0.00144676
-0.000174097
0.000681275
0.000895507
-0.000771279
0.00049218
0.0024077
0.00124835
0.00290591
0.000328678
0.00288257
0.00338484
-0.00103499
0.00137091
0.000126258
0.00278735
0.00534504
0.00177375
0.00268948
0.0014964
0.000354832
0.00166715
0.00104068
0.00503679
0.000723614
-0.000216767
6.60004e-05
0.000586763
0.000717243
-0.00014297
1.89408e-05
0.00397219
0.00608494
0.00826243
0.000162945
-0.0001496
0.000984697
0.00330471
0.00649763
0.00759836
0.00646203
0.00120976
0.00153867
0.00240102
0.0021138
-0.00345274
-0.00482534
-0.00662337
0.00546917
0.000113591
-0.000221021
-0.000330656
4.07428e-05
0.000297305
-8.90487e-06
0
0
0
0
0
0
0
0
0
-7.27797e-06
1.54167e-05
1.15954e-05
1.41316e-05
1.88425e-05
-0.000106287
-6.09319e-05
-4.7331e-05
-5.3796e-05
-7.71307e-05
0.000388613
3.07126e-06
-0.00024083
0.000285632
2.09024e-05
4.93833e-05
-0.000847833
-0.000610684
0.000650868
0.000211488
-9.66166e-05
0.000723851
0.00105522
0.000437289
0.000170846
-0.000176669
0.000167381
0.000577147
0.000435098
0.000758481
-5.47597e-07
0.000410207
0.000838913
0.000347543
0.000739905
-8.99235e-05
0.00052199
0.000572002
0.000665267
0.000659632
0.000513989
0.000590722
0.000953661
0.000331984
0.000233338
0.000394773
0.000424881
0.000519769
0.000832863
-0.000160031
0.000576363
-0.000199513
0.0047566
0.00260122
0.00243204
0.00211259
0.000692193
0.000126547
-0.000117054
-0.000865693
0.00288182
0.00207444
0.00393931
