# 1 157 (number of hyperplane, dimensionality of hyperplane)
# 0 (added bias feature? 0:no 1:yes)
0.000153247
0.000424837
0.000507252
7.32175e-05
-4.29269e-05
3.02817e-05
-1.31556e-05
0.000234821
-3.46095e-05
-6.71779e-05
8.39331e-05
0.000263957
0.00024035
7.99692e-05
-4.65756e-05
0.000122155
0.000236051
0.000108115
-3.3986e-05
-6.30257e-06
4.62183e-05
1.15443e-05
0.000137652
4.01513e-05
-3.07206e-05
0.000275902
0.000176117
0.000401249
0.000487629
1.1838e-05
0.000283985
0.000548896
0.00120201
0.000724997
4.12481e-05
-4.60826e-05
0.000197367
0.0010699
0.000737677
0.000104188
-0.000417203
0.000620597
0.00099272
0.000731735
7.15271e-05
-0.00016621
6.35671e-06
0.000401398
0.000370414
5.67143e-05
0.000210464
0.000386809
0.00119618
0.000956106
0.000115169
0.000496994
0.000735066
0.00133396
0.00119626
0.000229323
0.0025926
0.00182241
0.00240141
0.00298359
0.00113708
0.00151208
0.00218715
0.000754275
0.00117245
0.00138886
0.00146635
0.000822162
0.000926043
0.00140649
0.00158801
-0.000875436
-0.00114299
-0.00109055
0.00402934
0.00031311
0.000100664
0.000232509
0.000319999
4.76451e-06
-6.67635e-06
7.46334e-05
4.04778e-05
0.000207862
7.60429e-05
9.70379e-05
9.27785e-05
3.62418e-05
1.90859e-05
2.11234e-05
2.13335e-05
1.7949e-05
1.56439e-05
3.63611e-06
0
0.000121225
3.2722e-05
0.000105718
4.15482e-05
-5.25209e-06
0.000329586
0.000422786
0.000228144
0.000392961
7.07539e-05
0.000394314
0.000312866
0.000340765
0.000334457
1.63858e-05
0.000238482
0.000285035
0.000155788
0.000190279
-2.84526e-05
0.000226966
0.000282024
0.00022665
0.000344739
2.24662e-05
0.000288394
0.000283256
8.38582e-05
7.62347e-05
-8.79645e-05
0.00035415
0.000277522
0.00035473
0.000285368
-3.00978e-05
0.000267633
0.000323391
0.000424811
0.000330863
-4.30447e-05
0.000758048
0.000741389
0.000602608
0.00055983
0.000451097
0.000318879
0.00125082
0.00154408
0.000627574
0.000461394
0.00076164
0.000353649
0.000284481
0.000248972
0.000212757
0.00124147
0.000891912
0.00167527
