# 1 157 (number of hyperplane, dimensionality of hyperplane)
# 0 (added bias feature? 0:no 1:yes)
0.000687941
-0.000951681
-0.000288633
-0.000132606
0.000428533
-0.000111222
-9.43326e-05
-0.000123885
-0.00022229
-0.000422506
0
0
0
0
0
0
0
0
0
0
8.16405e-05
4.11451e-05
2.48585e-06
0
0
0.00163483
-0.000240575
0.000834125
0.000531194
1.88894e-05
0.0017196
-0.000283339
0.000816497
0.000372082
0.000118504
0.000522706
0.00239526
-7.38554e-05
0.000170454
-0.000965888
5.74017e-05
0.00662441
0.00157302
0.000249705
-0.00105791
0.000143247
0.00431821
0.000533107
-0.000717716
-0.00229952
0.000217604
0.00204395
0.00152267
0.00144208
0.000990686
0.000705292
0.00105678
0.00127766
0.000550008
0.000970552
0.0013573
-0.000347019
0.000574559
0.00245384
0.000852372
0.000524546
-0.000421572
0.000596071
0.00146302
0.00220787
9.73022e-06
0.00185255
0.000649529
0.00101917
0.00188879
0.0015556
0.00127576
0.000869363
0.0028612
0.000440115
-0.000118619
4.25098e-05
0.000153792
-0.000951685
3.79662e-05
3.25425e-05
7.78176e-06
0
0
0
0
0
0
0
0
0
0
0
0
3.76802e-05
2.46871e-05
4.9717e-06
0
0
0.00022802
0.00140044
4.70819e-07
0.000245886
0.000485336
6.88607e-05
0.00148411
0.000681
-0.000160287
-0.000417023
0.00101803
0.000780006
0.00074376
-7.31791e-05
0.000981638
-0.000252043
-0.00120154
-0.000879622
-0.00081191
-0.00141531
-0.000854167
-0.000316293
0.000139753
-0.00111717
-0.00199081
0.00165966
-2.37255e-05
0.0013077
0.00172149
0.000367028
0.00104133
-0.000361628
0.000751126
0.00159745
0.000717818
0.00057036
-1.22911e-05
-0.0010914
-0.00181727
0.000221829
0.000362074
0.000649371
0.00015785
0.00127099
0.00163056
0.00188022
-0.000883082
-0.000253639
3.30066e-05
0.00110688
0.000441511
0.000511424
0.000389487
