# 1 157 (number of hyperplane, dimensionality of hyperplane)
# 0 (added bias feature? 0:no 1:yes)
5.27937e-05
0.00377154
0.0280151
-0.012854
0.0239834
-0.00538717
-0.0622191
0.0773632
-0.137974
0.0233695
0.0783185
0.0597269
0.0772336
0.0105696
0
0.0780068
0.0457504
0.0458745
0.0376504
0
-0.0878555
0.0493213
0.0562379
-0.0647164
0.000103654
-9.1016e-06
0.00663721
0.0340403
-0.0229657
0.0578602
-0.00131134
-0.00136024
0.00235342
0.00288691
0.0671292
-0.0024048
0.000955771
0.00401442
-0.00249186
0.0181401
0.0233576
-0.00694609
0.00862363
0.000658479
-0.0183291
0.0150503
-0.00396178
0.00415826
-0.000739938
-0.0208311
0.00198541
0.00178932
0.000116122
0.000366719
0.00579102
-0.00196252
0.00134984
-0.000876324
0.00128015
0.066339
0.000584796
-0.00512565
-0.001809
0.00158912
-0.00212715
0.00281733
0.00167756
0.0128587
0.00323512
0.0018938
-0.0032627
0.000193956
-0.000608866
0.00491489
0.0018987
0.00222963
0.00374718
-0.00238786
0.0208852
-0.00290069
-0.00285263
0.0209862
-0.0329396
0.0184256
-0.0138577
-0.0580933
0.0500507
0
0
0.0749851
0.0580156
0.0746526
0.0212489
0
0.068645
0.0368231
0.0374096
0.0367309
0
-0.0972261
0.0511274
0.039981
9.62436e-05
0
-0.00770935
-0.00150246
0.0254118
-0.0358033
0.0215472
-0.00691358
-0.0106811
-0.01027
-0.0127702
0.0515082
-0.0046504
-0.00380026
-0.014542
-0.0189187
-0.000787594
0.0187085
-0.00967187
-0.00679815
-0.0164032
-0.0388936
0.0128536
-0.0106882
-0.00612167
-0.0165054
-0.0358311
0.00356826
-0.00674534
-0.0122326
-0.0197389
-0.012462
-0.00318792
-0.00537517
-0.00934781
-0.0186138
0.0424254
0.00149476
-0.0048187
-0.0106232
0.0090842
-0.00147478
0.00308493
0.000995218
0.0144359
-0.000717742
-0.00260614
0.00746103
-0.000532318
-0.00116552
0.00180115
0.00438939
-0.00420247
-0.00114039
-0.00307867
