# 1 157 (number of hyperplane, dimensionality of hyperplane)
# 0 (added bias feature? 0:no 1:yes)
-0.000655702
0.000921459
-0.000440053
0.000497362
0.000761415
-0.000536482
0.000374614
-0.000315719
-0.00108931
-8.76601e-05
0.000771422
0.00213663
0.00121852
0.000177027
0
6.35075e-05
0.000801268
0.000769792
-0.000158031
0
-0.000351776
0.000151482
3.06839e-05
-0.000635115
3.63504e-05
0.000368583
0.00094117
0.000352983
-0.00043192
0.000539003
-1.09937e-05
-0.000204466
0.000741506
-0.00038907
0.00134613
2.34294e-05
-0.000533529
0.000852202
-0.000558895
0.000365014
0.000238706
0.00156802
0.00155042
0.000821385
0.000649059
-9.88757e-05
0.00078302
0.000707878
0.00019899
-7.57981e-06
-0.000390657
5.2789e-05
0.000623163
-0.000665755
0.000722239
-0.000124068
0.000664621
0.000376982
-0.000416376
0.00159479
0.00037968
-0.000251234
0.000540129
0.000182688
0.00056942
-0.000197113
0.000424394
0.00171618
0.00204548
0.00140113
0.00204416
0.000118797
5.55343e-05
0.000511589
-0.000468365
0.000578844
0.000300626
0.000967567
0.00086065
-0.00050425
-0.000691951
-0.000437941
0.000338816
-1.81187e-06
-0.000208778
-0.000773989
-0.000345974
-0.00119626
2.51151e-06
0.000747217
0.00116526
0.00117587
0.000294358
0
4.46885e-05
0.000557897
0.00059544
0.000156678
0
-0.000214497
0.000136889
-0.000194616
8.99228e-05
0
0.00021375
0.000482098
0.000496425
-0.00117983
-0.000420109
-0.000611022
-0.000159118
0.000128313
-0.000608178
0.000182964
-4.12393e-05
-0.000698342
0.00011034
-0.000556552
-9.89543e-05
-0.00019015
0.00145833
0.000355095
0.00107986
0.000362373
0.00104679
0.000367554
8.36957e-05
0.000358813
0.000248728
0.000786609
7.26509e-05
-0.000401598
-2.88891e-05
0.000366038
0.000370654
-2.44071e-06
-0.000355095
5.42702e-05
0.00055647
-0.000265772
0.00035951
-0.000189282
3.50594e-05
5.86027e-05
-0.00033698
0.000134374
-0.000118689
0.000655287
0.000440809
0.000987605
-0.000157571
0.000355854
1.13784e-06
-0.00103502
0.00128444
0.000774146
-0.000285757
