# 1 157 (number of hyperplane, dimensionality of hyperplane)
# 0 (added bias feature? 0:no 1:yes)
0.000174481
-5.73018e-05
0.00021336
0.000440838
6.15618e-05
-0.000203951
-3.72367e-05
-1.00794e-05
-2.28795e-05
2.07615e-05
-5.16363e-05
-0.000118838
-7.33367e-05
-1.50677e-05
3.46803e-06
6.68062e-05
0.000191921
-1.32776e-05
-3.6035e-05
4.92624e-05
-0.000162352
-0.000107681
5.14703e-05
-0.000250245
4.56124e-06
0.000523232
0.000112066
0.000371165
0.000398935
0.000137825
0.000733072
0.000737212
0.00137419
0.00171059
0.000553948
0.00124981
0.00102369
0.00141261
0.00133811
0.000433992
0.0014854
0.00264414
0.00136804
0.00183347
0.00070245
0.00140886
0.00178554
0.00151292
0.0021957
0.00104319
0.00130113
0.0013972
0.000646189
0.000620516
0.000254708
0.000287055
0.000697606
0.0014217
0.00121242
0.000460073
0.0016592
0.0024131
0.00360051
0.00456566
0.00119522
0.00048201
0.00135828
0.000731862
0.00267796
0.00239739
0.00205097
0.00191707
0.0019204
0.00177166
0.0017504
0.0014504
0.00136498
0.00155067
0.00411836
0.000531223
0.00025167
0.000137008
-6.04404e-05
-3.3619e-06
0.000120697
5.35397e-05
4.43987e-05
1.80701e-05
0
3.03952e-05
3.99535e-05
2.73677e-05
1.49277e-05
0
4.59041e-05
5.25637e-05
6.68081e-05
4.58161e-05
0
6.44234e-05
3.74418e-05
-2.29835e-05
4.65958e-05
3.04082e-06
0.000387424
0.000211566
3.67148e-05
7.64191e-05
-0.000241214
0.000773204
0.000385823
0.000335016
0.000587072
-0.000199716
0.000210678
0.000611755
0.000407978
0.000272604
7.85438e-05
0.000154398
0.000251225
-5.45711e-05
-0.000400976
-0.000362224
0.000189397
0.000546282
0.000362624
0.000625676
7.49782e-05
0.000519173
0.000615485
0.000522764
0.000679323
7.11656e-05
0.000705627
0.000479313
0.000460332
0.000413244
-4.69327e-05
0.000440231
0.000698227
0.00065038
0.000371576
0.000338221
0.000105974
0.000617462
0.000988603
0.000922683
0.00109228
0.000878502
0.000624126
0.000261681
0.000775002
0.000551194
0.00125177
0.000298068
0.000798674
