# 1 157 (number of hyperplane, dimensionality of hyperplane)
# 0 (added bias feature? 0:no 1:yes)
-0.00325894
0.0108443
-0.000938321
-0.00648045
0.427831
0.0234894
-0.0373487
-0.000277855
0.00530148
0.0881384
-0.031339
-0.025472
0.130441
-0.21564
1.57132e-05
-0.0293983
0.117457
-0.0449104
-0.0205319
0
0.0085515
-0.025748
0.0356697
-0.0172341
0.0364632
0.00528287
-0.000453348
-0.0010304
-0.00459219
-0.124477
0.00555267
-0.0019763
-0.00208588
-0.00242499
-0.0154174
0.00711341
-0.00333274
-0.00994578
0.0148144
-0.0162111
0.00616457
0.00288032
0.00490044
-0.0085926
0.0937899
0.00418952
-0.00813681
0.00325824
-0.00202223
-0.00391141
0.0160646
-0.000317157
-0.00259363
-0.00285092
0.119651
-0.0107507
0.0105164
-0.00793765
0.0056547
-0.0101115
0.00556858
-0.0021048
0.00459556
-0.00255579
0.0143416
-0.00911392
0.00469876
0.0182104
0.0143126
0.0106285
0.00433906
0.00242887
-0.00900655
0.00731046
-0.00569398
-0.00463257
-0.0192089
0.0187887
0.0183252
-0.0042015
0.00213802
-0.0165834
-0.00281633
0.408949
0.0279328
-0.0344698
-0.0270851
-0.00401043
0.0310167
0.0180198
-0.0299994
0.169077
-0.314748
0
0.0431342
0.0588233
0.00414765
0
0
0.0456065
-0.0536479
0.0210262
-0.0392115
0.0505105
-0.00124648
0.00385382
-0.0213758
-0.00270747
-0.128043
-0.0063904
-0.00097166
-0.00784547
-0.00610928
-0.00382155
0.0046003
-0.00705834
-0.00342254
-0.00308713
-0.034867
-0.0103506
0.00542042
0.0110836
-0.0220277
0.0700736
0.0116286
0.00116922
-0.00138859
-0.025254
0.0155882
0.0170142
0.00972281
-0.0164244
-0.0146196
0.130488
0.00722215
-0.0071876
-0.0120678
-0.0081892
0.0098106
0.00431699
0.0059045
-0.0109883
0.00446985
0.00669616
-0.00247163
-0.00208624
0.0211134
0.000939241
0.00360091
0.00406435
0.0112865
-0.00430468
0.00334685
-0.00116703
-0.0184626
-0.00896093
-0.00544136
