# 1 157 (number of hyperplane, dimensionality of hyperplane)
# 0 (added bias feature? 0:no 1:yes)
0.000240615
0.000354557
0.000183888
0.000263987
2.21552e-05
2.80911e-05
-2.12126e-05
1.06415e-05
2.70179e-05
0
1.88887e-05
1.36365e-05
7.22214e-06
1.04545e-05
0
3.46653e-05
1.54547e-05
8.71793e-06
1.84616e-05
0
1.44297e-05
4.89061e-06
1.2737e-05
3.71219e-05
0
8.39672e-05
0.000238051
0.000102424
0.00022735
2.82372e-05
0.000482244
0.000539351
0.000578628
0.00084159
4.52787e-05
0.000451392
0.000906435
0.00120236
0.00124096
0.000194622
0.000862616
0.00114589
0.00151616
0.00209586
0.000203859
0.00075019
0.00091226
0.00166286
0.00204372
0.000266255
0.000198026
0.000856242
0.0013299
0.00111223
0.000155406
0.000446229
0.000929814
0.000723684
0.000903163
5.47814e-05
0.00071546
0.00133698
0.00174009
0.00195961
0.000403889
0.000323678
0.00107912
0.000240009
0.00151046
0.00148188
0.00133965
0.000610745
0.000516117
0.000405939
0.000485535
0.000939643
0.00090539
0.000713626
0.00220841
7.18232e-05
-0.000151659
-3.42476e-05
0.000112811
8.70142e-06
1.68264e-05
0
0
0
0
0
0
0
0
0
0
0
0
0
0
2.50231e-05
0
0
0
0
0.000114273
-8.31431e-05
-1.05925e-05
-1.77755e-05
2.26326e-06
0.000446271
0.000141042
3.42387e-05
0.000102908
1.6194e-05
0.000177443
0.000262049
0.00011151
0.000176142
-1.17209e-05
0.000221114
0.000281552
6.95848e-05
0.000403495
-1.00067e-05
0.000234842
0.000252128
0.000116322
0.000381305
8.62513e-06
0.000204436
0.000277788
0.000210988
0.000307712
2.18356e-05
0.000464321
0.000242434
0.000130021
0.000294284
1.9166e-06
0.000239577
0.000328442
0.000389328
0.000383277
2.45678e-06
0.000246334
0.000362751
0.000989877
0.000583362
0.000415264
0.000496772
0.000212032
1.08024e-05
1.14326e-05
8.54764e-05
0.000522237
0.00060503
0.000405536
