# 1 157 (number of hyperplane, dimensionality of hyperplane)
# 0 (added bias feature? 0:no 1:yes)
0.00398694
0.00561747
0.00926935
0.00583133
-0.00492928
-0.000224525
-0.000201306
0.000879754
0.000216296
0
4.10872e-05
3.36175e-05
7.87495e-05
0
0
0
0
0
0
0
5.89493e-05
0.0012758
0.00070874
0.000605195
0.000438384
-0.00223895
0.00245294
-0.00218976
0.000608633
0.000158541
0.00403745
0.00301857
0.00738361
-0.0182382
-0.00513656
0.00655524
-0.00424631
0.00402705
0.00588758
0.0240266
0.0133565
-0.00742821
-0.0019357
0.0136289
-0.0073882
0.00817819
-0.000184357
0.0092454
0.00908545
-0.00992712
-0.00942362
0.0159082
0.00473954
0.00861165
0.00682592
0.00306388
0.00909275
-0.00704068
-0.00899178
-0.00294605
0.00405382
0.00791109
0.00226441
-0.000892742
0.0056192
-0.00162621
0.00453504
-0.0110345
0.00513165
0.00275916
0.0138128
0.000975282
0.000652315
0.00243157
0.000547119
0.0211666
0.00893325
-0.0218614
0.0189227
0.00341994
0.00276964
0.00147892
0.00290877
0.000638632
-0.0007691
-0.000453252
8.32248e-05
1.9663e-05
0
0
0
0
0
0
0
0
0
0
0
-0.00344349
-0.000175974
0.000242109
0.000245992
7.81211e-05
0.00445983
0.00168558
0.000882025
0.000762435
-0.00134763
-0.000921601
-0.0099515
0.00116375
-0.00171391
-0.00847823
0.00223853
-9.17973e-05
-0.000989918
0.00445958
0.00458888
0.00122767
0.00592489
0.00556035
-0.00109399
0.0014192
0.000206464
0.00406662
0.00295683
-0.00142616
-0.00306536
0.000462066
0.00176294
0.00486052
0.0025148
0.00151514
0.00738371
0.00342944
0.00154214
0.00406484
0.000570928
0.000417965
-0.00102164
-0.00302742
-0.00538321
-0.00105709
0.00153237
-5.76086e-06
0.00489537
-0.00194371
-0.00186522
-0.00121457
0.00403799
0.00111339
0.00236601
-0.000742671
0.00514623
0.000487372
-0.00595589
