# 1 157 (number of hyperplane, dimensionality of hyperplane)
# 0 (added bias feature? 0:no 1:yes)
0.0109685
0.0044626
0.00188025
-0.023948
0.112183
-0.0448957
-0.0154576
0.0580074
0.0679863
0
0.00798967
0.0157338
0.0234917
0.00327084
0
0.0119711
0.0133099
0.0108634
0.000691905
0
0.402565
-0.305275
0.148792
0.0585415
0
-0.0067549
0.0257386
-0.0195633
0.0253942
-0.0193621
-0.00288942
-0.0110537
-0.0104785
-0.00189832
0.0132676
0.00107012
0.00709053
0.0199822
0.00906452
-0.0273963
0.00903292
0.015
0.00832122
0.0142486
-0.014796
0.00207871
0.0194017
0.0124796
0.00193876
-0.010732
0.00733147
-0.0108918
-0.0350461
0.0301759
0.0160801
-0.00470945
0.00165251
-0.0159517
0.00379189
0.0101672
0.00487084
-0.00927202
0.0138839
-0.000257308
-0.00411967
0.00933987
0.000901977
-0.00990151
0.01506
-0.00438192
0.0164904
0.00250612
0.00571063
-0.00156758
0.00247291
0.0399458
0.00743787
-0.00660045
-0.0118282
0.0265371
0.0288715
0.0350431
-0.0689099
0.0756019
0.0436821
0.0188457
0.019426
0.0197538
0
0.0105901
0.0166397
0.00987077
0.000817711
0
0.00721705
0.0112212
0.00389715
0
0
0.402582
0.061149
0.0498465
0.0196118
0
0.035535
0.0280656
-0.022889
-0.0390971
0.00277174
0.0343147
0.0155353
-0.00761168
-0.0290741
-0.0328648
0.0425232
0.0140981
0.0105134
-0.0606415
-0.0355689
0.0328166
0.0226535
-0.0199364
-0.0394414
-0.0336663
-0.00796925
0.0158163
0.0120676
-0.0451128
-0.0277397
0.035871
0.0198958
0.00679464
-0.000230685
-0.043253
0.0162829
0.0244892
0.011943
-0.017808
-0.0307219
0.00343538
-0.00306917
0.0146957
-0.0100932
-0.0218373
0.0262548
-0.00690709
0.0813536
-0.00171564
-0.00766735
0.0133554
0.0031995
0.00791042
-1.97936e-05
0.00871025
0.00822683
-0.0350737
-0.0210164
