# 1 157 (number of hyperplane, dimensionality of hyperplane)
# 0 (added bias feature? 0:no 1:yes)
0.000811824
0.000362837
2.81856e-05
-0.000105347
5.52882e-05
-4.14479e-05
-4.45447e-05
-5.88919e-05
-0.000101564
-0.000214444
0
0
0
0
0
0
0
0
0
0
5.39831e-05
2.72064e-05
1.64372e-06
0
0
0.00121418
0.000338828
0.00037397
0.000316498
7.1942e-05
0.00119896
0.000378596
0.000599738
0.000971272
0.000773896
0.000597027
0.00203659
0.000839971
0.000938516
0.000417019
0.000710951
0.00346226
0.00152583
0.000836119
0.000303986
0.000835441
0.00299616
0.00119611
0.000430384
-0.000274477
0.000734196
0.0017051
0.000920988
0.00095387
0.000147162
0.00106633
0.000965718
0.000666848
0.00108677
0.000413963
0.000947597
0.00132514
0.00181773
0.00204889
0.000440991
0.000526292
0.00086086
0.000278826
0.00103052
0.00117551
0.000709834
0.000821335
0.000640642
0.00138101
0.00116055
0.000943741
0.000846388
0.000716787
0.00276367
0.000438072
0.00025239
9.70684e-05
1.83667e-05
-4.94413e-05
2.51044e-05
2.1518e-05
5.14553e-06
0
0
0
0
0
0
0
0
0
0
0
0
2.49153e-05
1.63238e-05
3.28744e-06
0
0
0.000523796
0.00039335
0.000132841
0.000255072
0.000172365
0.000242605
0.000376168
0.000268857
0.000151511
-1.3446e-05
6.95258e-05
0.000341535
0.000146601
1.95358e-05
-5.02229e-06
0.000176214
5.3948e-05
-0.000236952
-0.000139982
-0.000232929
-0.000211626
0.000317092
-0.000146962
-0.000383283
-0.000487897
0.000264546
0.000762533
0.000690967
0.000600309
0.000366973
0.000595126
0.000431359
0.000335857
0.000689049
0.000306492
0.000120051
1.71249e-05
-0.000191627
-0.000393434
0.000115183
5.05715e-06
2.44837e-05
0.000841159
0.000478055
0.000754578
0.000635735
-0.000302015
-4.28926e-05
-0.000232803
-8.93794e-05
0.000238781
0.000371555
0.000490529
