# 1 157 (number of hyperplane, dimensionality of hyperplane)
# 0 (added bias feature? 0:no 1:yes)
0.000831985
0.00132061
0.00280455
0.00190616
-0.000419073
-0.000192549
-0.000158556
0.00048676
0.000124914
-3.02486e-05
-0.000413389
-0.000470701
8.60685e-06
2.99053e-05
0
-0.000747788
-0.00031502
9.97981e-05
4.72348e-05
0
0.000220267
0.000483792
0.000260405
-4.76261e-05
-5.11702e-05
0.00114051
0.00243414
0.00109999
0.00101127
0.000147863
0.00207315
0.00289189
0.00435687
0.00631009
0.00371663
0.00435897
0.00377196
0.0036884
0.00453162
-0.000225507
0.00135157
0.00584715
0.000952542
0.00337713
-0.000248198
0.00236367
0.00509037
0.00171133
0.00291532
0.000304445
0.00424229
0.00431007
0.00511134
0.00514145
0.000831205
0.00133824
0.0019829
0.00596248
0.00579909
0.00358186
0.00398175
0.00550244
0.0083576
0.0120331
0.00204395
0.0020131
0.00413638
0.00596712
0.00490721
0.00366201
0.00456078
0.00389765
0.00345374
0.000913448
0.000759555
0.00140907
5.00748e-05
-0.00020177
0.0224567
0.00112283
-2.70025e-05
0.000794025
0.0014022
0.000295738
-5.18358e-05
3.4563e-05
-8.58082e-05
-7.69771e-06
6.04973e-06
0.0001462
0.000195382
7.31013e-05
5.98106e-06
0
0.000315787
0.000315005
0.000119211
0
0
0.000337033
0.000423486
0.000197371
0.000106417
1.46201e-05
0.00145894
0.000230675
0.00018797
0.000403518
8.77229e-05
0.00238307
0.00232463
0.00285466
0.00232003
-0.00134231
0.00181285
0.00277423
0.00240232
0.00227335
0.000489389
0.00123543
0.000626572
0.000782994
0.00122552
-7.75983e-05
0.00198632
0.00164385
0.00131033
0.00135548
0.000191766
0.00176607
0.00223159
0.00218555
0.00213111
0.000455478
0.00293863
0.00262873
0.00258943
0.00170928
5.84796e-05
0.00315743
0.00414575
0.00457676
0.00500463
0.00109835
0.00213909
0.00325176
0.00861077
0.00375789
0.00360016
0.00351115
0.00165266
0.00176885
0.00211791
0.00135317
0.00421207
0.00486896
0.00541105
