# 1 157 (number of hyperplane, dimensionality of hyperplane)
# 0 (added bias feature? 0:no 1:yes)
6.1215e-05
-1.21207e-05
-0.000150174
3.79345e-05
7.51009e-05
-8.38731e-05
-6.7986e-05
-0.000103122
-3.43965e-05
0
-9.94858e-05
-0.000103216
-5.09368e-05
-3.76054e-05
0
3.62784e-05
6.45717e-05
4.71256e-05
9.32984e-06
0
-0.000114999
-0.000135884
-0.000106362
-3.73991e-05
-1.55554e-05
-0.000104483
3.64165e-05
-9.98095e-05
0.00015898
-2.81239e-05
0.000159851
0.000370289
0.000151455
0.00015245
7.27693e-05
0.000208524
0.000124508
0.000189662
-4.83933e-05
2.36771e-05
8.30954e-05
0.000176801
5.26734e-05
5.44104e-05
0.000111123
3.17217e-06
0.000133202
3.83704e-05
0.000260707
7.61645e-05
0.000217499
0.000103747
-2.15236e-05
6.94222e-06
0.000119625
1.55916e-05
2.48832e-05
-2.43474e-05
0.000220591
0.00017807
1.34143e-05
0.000120173
0.000236563
0.000167522
8.73241e-05
-7.67819e-05
0.000142648
0.00018883
0.000176993
0.000201671
0.000147804
-4.08018e-05
4.6231e-05
6.93123e-06
-1.65051e-05
0.000324025
0.000108935
0.000267942
0.000120396
-8.21221e-06
-1.6688e-05
-6.83098e-05
4.82504e-05
1.59097e-05
3.17342e-06
-1.22678e-05
-6.61845e-06
-1.88491e-05
0
1.71779e-05
4.04055e-06
1.79316e-05
5.92127e-06
0
1.43703e-05
1.86525e-05
1.80104e-05
7.77858e-06
0
6.93498e-06
5.09296e-07
3.58602e-05
1.89725e-05
3.04376e-06
-3.71335e-05
-6.66734e-05
-8.54325e-07
7.77158e-05
1.22892e-05
-1.72761e-05
4.14823e-06
-8.7872e-05
-2.16693e-05
2.62751e-05
7.66415e-05
0.000118697
5.2919e-05
-0.000168924
-2.28156e-06
4.19046e-05
0.000154722
3.22531e-05
-7.26349e-05
7.06339e-05
1.75851e-05
0.000134562
-4.9016e-05
5.27777e-05
1.87486e-05
-1.49831e-06
2.82531e-05
-6.27479e-05
5.93804e-05
-4.85544e-05
-1.60072e-05
-5.3384e-05
3.03784e-05
8.96701e-05
1.58669e-05
1.61747e-05
8.13627e-05
0.000109483
3.54676e-05
3.08706e-05
-1.5267e-05
0.000164155
0.000251027
4.66473e-05
7.6371e-05
-7.53186e-06
1.19602e-05
-1.86659e-05
-4.45765e-05
3.08329e-06
5.21941e-05
0.000102758
0.000163783
