# 1 157 (number of hyperplane, dimensionality of hyperplane)
# 0 (added bias feature? 0:no 1:yes)
-0.00211316
0.00151781
0.00413116
0.0067436
0.00434365
-0.00096458
0.000473946
0.00198631
0.000824746
0
-0.000134275
0.00247744
0.00175902
0.000598283
0
0.000601029
-0.00304997
-0.00335267
-0.0026677
-0.000717487
0.00450717
0.0034996
0.00162132
-0.0022
0.00018851
-9.22595e-05
-0.00829454
0.00253135
0.00396547
0.00232199
-0.00104322
0.00637729
0.000624895
0.00738572
-0.000516164
0.00683813
0.00534868
0.00146037
0.00751017
0.00709795
-0.0126081
-0.00170025
0.0108651
-0.00347952
0.0078227
-0.00270342
-0.00209526
-0.00195484
0.000622454
-0.000854582
0.00645638
-0.00444108
0.00424634
0.00620934
0.00388223
-0.00375261
0.00130116
-0.00135671
0.0219769
-0.0145202
0.00763918
0.0045737
-0.000601313
-0.00386125
0.00675839
0.00091501
-0.00752813
0.00414271
-0.00572634
-0.0010552
0.00608075
-0.00176587
0.00254657
-0.000820739
-0.000906852
0.00717353
-0.0031445
-0.00177023
0.00204477
0.00309087
0.00117256
0.00331141
0.00316499
0.0010403
0.00158203
0.000269914
0.000323218
0.00150993
0
-0.0015028
9.22275e-06
0.000599008
0.000671392
0
-0.00066768
-0.00232895
-0.00248117
-0.00100977
-0.00034918
0.00198596
0.00121317
5.29577e-05
-0.000638951
7.36393e-05
0.00137763
-0.00249907
-0.000186485
-0.00277827
0.000706115
-0.000722056
0.00386444
-0.00317438
-0.00200576
-0.012386
0.00600413
0.00336322
-0.000340397
-0.00257831
-0.00364207
-0.00464605
0.00172165
0.00495693
-0.00489014
-0.00332238
-0.00492184
0.00398467
0.00279845
-0.00207179
0.00268391
0.00234637
-0.00182271
0.00304008
0.000809506
0.00131716
-4.0753e-05
0.003561
0.0043679
0.0072219
0.000826614
0.0053181
0.000792546
0.000110573
-0.00706754
0.0022292
0.00320893
0.00130815
0.00612668
-0.00171771
-0.00147848
0.000386773
0.00424417
0.00102247
0.000942167
-0.00067295
-0.00161616
0.000516168
0.00869791
