# 1 157 (number of hyperplane, dimensionality of hyperplane)
# 0 (added bias feature? 0:no 1:yes)
-0.00239752
-0.00112286
0.00108709
-0.000959111
-0.00176774
6.18163e-05
5.60789e-05
0
0
0
0
0
0
0
0
0
0
0
0
0
-0.00071557
-0.00126087
-0.000772081
-0.00108012
-0.000898733
-0.000309834
-7.30412e-05
0.000624876
-0.00159932
-0.00354837
-0.000666943
-0.00218717
0.00229429
0.00292679
0.00271841
0.00287172
0.00315445
0.000966898
-0.00228383
-0.00189612
-0.00340973
0.00578796
0.00249727
-0.000833529
-4.18012e-06
0.00508655
0.00707853
-0.00216364
-0.00168382
-0.000485394
0.00255031
0.00292228
-0.00129719
-0.0024875
-0.00551086
0.00311927
-0.00136692
0.00181103
0.00049669
0.00141523
0.00173796
-0.00116567
0.00144967
-0.000238368
0.0023826
-0.000669685
0.00457907
0.00246268
0.00378527
0.00570833
0.00357373
0.00176609
0.00274281
0.00218115
-0.000256944
0.00547144
0.00359261
0.0060143
0.00309564
-0.00229482
-0.00331552
0.000291964
-0.00208485
0.000454411
-2.53596e-05
2.10847e-05
0
0
0
0
0
0
0
0
0
0
0
0
0
-0.00020523
-5.76263e-05
0
0
0
0.000457869
-0.000150483
-0.00086417
-0.000915709
-0.00409752
-0.00209588
-0.00145012
0.000413062
0.00104704
-0.00195374
-0.000258666
0.00413832
0.00264113
0.00252334
0.00127727
0.00162501
-0.00139334
0.00185217
0.0013031
0.00192641
-0.00206439
0.00057086
0.000943051
0.00131746
0.00217477
-0.00480653
-0.00296362
0.00141823
-0.000769426
-0.00154698
-0.00419485
-0.0014855
0.00294647
0.000309753
0.00131832
0.00237439
-0.00211038
-0.00273426
-0.000186163
0.00174511
0.000653741
-0.000602942
0.00279723
-0.000785438
-0.000971152
-0.000303084
0.0034585
-0.000324951
-0.00191288
-0.00414446
0.00247687
0.00238784
0.0045446
