# 1 157 (number of hyperplane, dimensionality of hyperplane)
# 0 (added bias feature? 0:no 1:yes)
-0.00403672
0.0020236
-0.00525392
0.000126155
-0.0129239
0.00330644
0.000936681
-0.00189334
0
0
0
0
0
0
0
0
0
0
0
0
-0.00308685
0.000899134
0.00379709
0.00131969
0.000160722
0.00686813
-0.00160998
-0.000435852
0.000354085
0.00971457
-0.0034872
-0.000627332
0.00138659
-0.00162869
0.0104213
-0.005031
0.0075781
-0.00609345
0.0122504
-0.000874103
-0.0105677
0.0110094
0.00291249
0.0186833
0.00129711
0.00741839
-0.00443473
-0.00293888
-6.91452e-05
0.0018812
-0.00603773
0.00614037
0.00119893
-0.0113632
0.0060245
0.0108617
-0.0094733
-0.00265182
0.0186171
0.0110506
0.0015176
0.00082659
-0.0132879
0.0289598
0.00158185
-6.67424e-05
0.00817118
0.00460304
0.00222034
0.000873756
0.0102492
-0.00152863
0.00271647
-0.00220199
0.00119918
0.0159503
0.016099
0.0119461
0.0120037
0.000853039
0.00319696
0.00199042
0.00169373
0
0.00526046
0.00177178
0.00193031
1.70657e-05
0
0
0
0
0
0
0
0
0
0
0
0.00434935
0.00298117
0
0
0
0.00916
-0.00567493
-0.00207875
0.00607547
0
0.0044799
-0.0137172
0.00759523
-0.00707796
-0.0062774
-0.00124885
-0.0011936
0.0084227
0.00101858
-0.0133587
0.00713536
-0.00330895
0.00869779
-0.000770846
0.00455195
0.0102576
-0.00489675
-0.000247797
-0.0132747
0.00379466
-0.000170398
-0.00227065
0.00171054
-0.00820993
0.019172
0.0093338
0.00368792
0.00164885
0.00235455
0.00455222
-0.00546764
0.00166804
0.00420897
-0.00833388
-0.00270927
-0.00286556
0.0114975
-0.0105818
-0.00340304
-0.00298393
-0.00339661
-0.00388233
0.00525762
-0.00629554
-0.00362182
0.00102558
-0.00900093
0.0132171
