# 1 157 (number of hyperplane, dimensionality of hyperplane)
# 0 (added bias feature? 0:no 1:yes)
-0.00630678
0.00169483
-0.00505233
0.00535736
0.0030332
0.00206241
-0.00688673
0.0247148
-0.0822226
0.273114
-0.0366189
0.0530352
0.0314325
0.017572
0.020756
-0.00612707
0.00377061
0.154841
-0.0964449
0.517525
-0.00314206
0.0103866
-0.0369879
0.0287849
0.276961
0.00281013
0.0067491
-0.00368745
-0.000955244
-0.0268432
0.00416931
-0.00344064
0.00430259
-0.0013012
-0.00311318
0.00255826
-0.00906154
0.00597461
-0.00241259
0.00664088
-0.000292477
0.0100615
0.00781232
0.0090128
0.183552
-0.00429687
0.0071709
0.00342241
0.000715503
-0.0263749
-0.00895911
-0.00130965
0.0046715
-0.00383663
0.0287609
-0.00105383
0.0050768
0.00453553
-0.00651158
0.0286792
0.00310306
-0.000409599
0.00396551
-0.000358266
0.00203974
0.00110465
-8.24006e-05
0.00993081
0.0119656
0.0053087
0.00759081
0.000857487
-0.00192107
0.000831308
-0.00404592
-0.00801399
-0.00138924
-0.00092285
0.0690273
-0.0179503
-0.0246162
-0.0399376
-0.0332187
-0.0242685
-0.00883467
-0.0425933
0.00233871
-0.124444
0.411617
-0.0630359
0.121434
0.0167597
0.0274245
0
-0.00509261
-0.0205438
0.255763
0.0103853
0
-0.00747016
0.011734
-0.0881752
0.0179109
0.166876
-0.00310045
-0.0105386
-0.0460502
-0.0422085
-0.0705412
-0.0140638
-0.0213864
-0.0409521
-0.0431365
-0.0469502
-0.0104114
-0.0299889
-0.0269551
-0.0486713
-0.0306583
-0.0148567
0.00401961
-0.0383519
-0.0309339
0.322353
-0.00411524
-0.0156436
-0.0340778
-0.0352789
-0.0438519
-0.00878716
-0.0147268
-0.0351061
-0.0412946
0.41032
-0.00407636
-0.0182416
-0.0376189
-0.04525
0.0387062
0.0011094
-0.000202993
-0.0010351
-0.000313578
-0.00120076
0.00239993
0.00158743
-0.012371
0.00509311
0.00773707
-0.00223363
-0.00573479
-0.000585132
-0.00231152
-0.00707991
0.0107396
0.0076859
-0.000221255
