# 1 157 (number of hyperplane, dimensionality of hyperplane)
# 0 (added bias feature? 0:no 1:yes)
-0.000110586
-6.06324e-05
-0.000515527
-0.00100116
-0.000963454
0.000169448
0.000128488
0.000177943
0.000166513
0.000241375
0
0
0
0
0
0
0
0
0
0
6.66999e-05
-2.71951e-05
-2.63099e-05
-2.32612e-05
1.07747e-07
0.000527058
0.000466311
-0.000504032
-0.000172367
-0.00033581
0.000775298
0.00259693
-0.000241029
-0.0010769
-0.00372659
0.00417163
-0.00411074
0.00486888
0.0015757
-0.00181352
0.00444084
0.00128856
-0.00306409
0.0023205
0.00117944
0.00473074
0.00171636
-0.00132487
0.00241323
0.000459797
0.00368473
-0.00279464
0.00545571
0.00164288
-0.00264176
0.00046356
0.00360366
0.0011259
-7.04206e-05
-0.00228563
0.00142391
0.00266896
0.00339684
0.00383628
0.000389091
0.00107503
0.00200862
0.00182118
0.00103089
0.000612638
0.001077
0.00206288
0.00165366
0.00244528
0.00168023
0.00280153
0.00308014
0.00125931
0.0042441
0.000844415
0.000629701
0.000221868
0.000136454
4.25622e-05
-7.19789e-05
-4.47392e-05
0
0
0
0
0
0
0
0
0
0
0
0
0
-1.11096e-06
-9.04292e-06
1.24415e-06
1.90666e-05
6.29644e-05
0.000716112
0.000252329
0.000178568
0.000214471
0.000109805
3.22433e-05
0.000222807
0.000298618
0.000285553
-0.000171432
0.000538846
0.000316365
-0.000184132
-0.000569984
-0.00124728
0.000716726
0.000218649
2.83857e-05
-6.48323e-05
-0.000346956
0.000102929
0.00111595
0.00028377
0.000137202
0.000207318
0.000421997
0.000841715
0.000857265
0.000875823
0.00110372
0.0008803
0.000837922
0.000585855
0.000646644
0.000578999
0.000561999
0.000645281
0.00076238
0.00082989
0.000320259
0.000251134
0.000587404
0.000949157
0.000987169
0.000862673
0.000357724
0.000380159
0.000796627
-0.000108712
-0.000300668
0.00129519
0.00156201
0.00154084
