# 1 157 (number of hyperplane, dimensionality of hyperplane)
# 0 (added bias feature? 0:no 1:yes)
0.00413797
0.00571085
0.00928223
0.00590673
-0.00482949
-0.000250806
-0.00023232
0.000871567
0.000208905
0
4.41187e-05
3.60979e-05
8.45598e-05
0
0
0
0
0
0
0
-1.28925e-05
0.00125411
0.000701568
0.000611357
0.000445036
-0.00211068
0.00251379
-0.00225575
0.000490581
0.000156953
0.00400684
0.00324938
0.00739441
-0.0182929
-0.0051204
0.00648617
-0.00422866
0.00403009
0.00574944
0.0237454
0.0134463
-0.00733575
-0.00199474
0.0138025
-0.00754845
0.00822273
-0.000227396
0.00943029
0.00913811
-0.00992935
-0.00924671
0.0160384
0.00472429
0.00857819
0.00655616
0.00306894
0.00864791
-0.00726594
-0.00883754
-0.00306401
0.00399523
0.00797343
0.00245544
-0.000883489
0.00567668
-0.00174678
0.00434907
-0.0110086
0.00507899
0.0026493
0.0136474
0.000705087
0.000786283
0.0024551
0.000593247
0.0210914
0.00901304
-0.0218233
0.0189956
0.00337732
0.0027192
0.00156571
0.00297042
0.000800725
-0.000733688
-0.000438355
8.17388e-05
2.02969e-05
0
0
0
0
0
0
0
0
0
0
0
-0.0033451
-0.000173423
0.000238934
0.000241741
7.84746e-05
0.004361
0.0016878
0.000919964
0.000724016
-0.00135877
-0.000926089
-0.00997113
0.00112048
-0.00175306
-0.00863032
0.00228755
-0.000322442
-0.000998691
0.00471738
0.00476573
0.00129778
0.00585008
0.00570126
-0.00113329
0.00138842
-0.000112184
0.00410972
0.00306426
-0.0016173
-0.00330022
0.000480286
0.00179031
0.0046948
0.00255849
0.00164616
0.00762086
0.00352674
0.00163848
0.00390254
0.000580323
0.00041347
-0.00101303
-0.00296662
-0.00530405
-0.001026
0.00149541
9.64821e-06
0.00485285
-0.00217497
-0.00155957
-0.00126527
0.00385691
0.00111616
0.00238914
-0.000556449
0.00533238
0.000400426
-0.00613279
