# 1 157 (number of hyperplane, dimensionality of hyperplane)
# 0 (added bias feature? 0:no 1:yes)
2.77393e-05
-2.3547e-05
-2.75191e-06
-1.62535e-05
-7.07328e-05
-4.06501e-05
-1.43126e-05
-5.28734e-05
-3.83721e-06
1.29429e-05
1.38679e-05
6.78503e-05
-2.27798e-05
-4.06156e-05
0
5.0059e-05
6.15767e-05
3.25442e-05
1.04318e-05
7.50582e-07
-1.34557e-05
2.67605e-05
-7.10365e-05
-5.91278e-05
2.99881e-06
-4.66886e-06
1.18522e-05
2.28564e-05
-2.82124e-05
2.48553e-05
6.16341e-05
9.94828e-05
2.78837e-05
3.54535e-05
5.1948e-06
-5.96647e-06
-1.41429e-05
1.23711e-05
0.000125567
-6.08037e-05
-0.000117136
-4.07754e-05
-2.5433e-05
7.42984e-05
-3.68018e-06
2.43481e-05
9.9631e-06
0.00010707
6.26124e-05
2.85027e-05
-3.78674e-05
8.34704e-05
3.9567e-07
0.000100062
-1.02722e-06
1.4173e-05
-1.77894e-05
2.74975e-05
3.73211e-05
-1.14832e-05
7.54853e-06
4.94646e-05
7.19971e-05
-3.44175e-05
6.32116e-05
-5.78261e-05
9.975e-05
0.000141965
4.88994e-05
9.478e-05
-9.71021e-05
-5.93013e-07
-2.35007e-05
2.32223e-05
-5.07311e-05
0.000231675
0.000135534
0.000158536
6.54839e-05
-5.08718e-05
-1.70345e-06
-5.45819e-05
1.27703e-05
8.82048e-06
-1.47591e-05
-5.44443e-06
1.6794e-05
1.3621e-06
0
1.70868e-05
1.96733e-05
2.83257e-05
1.62896e-05
0
1.09507e-05
-3.23432e-07
-3.31905e-05
-1.69008e-05
0
2.06389e-05
3.08184e-05
1.69549e-05
7.17658e-06
0
-2.46091e-05
9.90218e-06
2.63151e-05
2.47621e-05
-2.53097e-05
4.21782e-07
2.51772e-06
-5.50361e-06
1.5535e-05
-9.79305e-05
3.85054e-05
-2.8846e-05
7.06781e-05
3.34369e-05
-0.000161363
-8.98866e-05
-3.25497e-05
9.05567e-06
5.30246e-05
-3.39592e-05
-1.40755e-06
6.77194e-05
1.86474e-05
5.99414e-05
2.00146e-05
1.95988e-05
6.7312e-05
-8.40566e-05
0.000116171
6.00612e-06
-6.49057e-06
1.54233e-05
1.49519e-05
-3.25558e-05
-3.6247e-05
4.39118e-05
2.02995e-05
7.93438e-06
2.56218e-05
2.00724e-05
2.47658e-05
1.26694e-05
-6.03046e-05
3.28321e-05
1.95402e-05
-2.69292e-05
-2.5398e-05
-4.06372e-05
-8.68018e-05
-8.10503e-05
4.69003e-05
0.000109842
0.000150425
