# 1 157 (number of hyperplane, dimensionality of hyperplane)
# 0 (added bias feature? 0:no 1:yes)
0.0117572
0.00247908
-0.0214445
-0.00658962
0.00651911
-0.00246019
-0.00842295
-0.0533494
0.0388601
0.0313313
-0.0146819
0.0620926
-0.0303002
-0.0349322
0.000653714
0.0440514
0.0341036
0.00463191
-0.00752547
0
0.000783022
0.0291192
-0.0908147
-0.0720775
0.00901808
0.00251712
-0.00234639
0.00605568
-0.0170712
0.0338301
0.0128429
0.0436067
0.00287063
-0.00501157
-0.00573748
0.00774691
-0.0135937
-0.00175429
0.0437442
-0.0656978
-0.0590282
-0.00925682
-0.00741839
0.0179538
0.00596179
0.00103994
0.00872486
0.05972
0.0115296
0.0348207
0.00356186
0.0267683
-0.0131435
0.023781
0.0123675
0.0089215
-0.00953389
0.0127541
-0.00317507
-0.0307493
0.00556274
0.00256676
0.0383112
-0.0180121
0.0300438
-0.0254324
0.0163564
0.108647
0.0268994
0.0325742
-0.0483338
0.0102094
-0.00419331
-0.00270669
-0.00900398
0.123714
0.040376
0.0427054
0.0203572
-0.0132518
0.0140735
-0.0451258
0.0147203
0.0312695
-0.0198778
-0.00678586
0.0128165
0.0115658
0.00176196
0.0127469
0.0149467
0.0165436
0.0025344
0
0.0215646
0.0225396
-0.0292042
-0.0172409
0
0.0124817
0.0165626
-0.0286802
-0.0341664
0
-0.00326504
-0.0072261
0.0097457
0.00271011
-0.00749686
-0.0122944
-0.00666871
0.00532689
0.0152475
-0.0526764
0.0114348
-0.00171897
0.0415428
0.0269075
-0.114247
-0.0451441
0.00813996
0.00980537
0.0243484
-0.0131469
-0.00549444
0.04612
0.0122249
0.0304796
0.0248386
-0.000633966
0.0271857
-0.0112258
0.0448152
0.0218821
-0.00801209
0.010631
0.0098919
-0.0198218
-0.0259212
0.0108781
0.00953982
0.00532818
-0.000908387
0.00267569
0.00852111
-0.00228321
-0.00200897
0.0151467
0.0144692
-0.0261834
0.00107204
-0.00616303
-0.0339301
-0.0184111
-0.00477066
0.00445036
0.0383597
