# 1 157 (number of hyperplane, dimensionality of hyperplane)
# 0 (added bias feature? 0:no 1:yes)
1.13734e-06
6.40446e-05
0.00029428
0.000209612
0.000148114
3.46826e-05
8.10464e-05
9.26365e-05
-3.47267e-05
-7.08161e-07
3.18859e-05
7.34703e-05
3.15598e-05
-7.81835e-05
1.21049e-05
3.89333e-05
3.11285e-05
-2.86251e-05
-2.86482e-05
2e-06
2.38054e-05
1.1464e-05
-7.16464e-06
-0.000104491
6.97495e-06
5.60572e-07
9.83522e-05
3.24947e-05
-0.000140626
3.96788e-05
0.000191861
-2.2854e-05
0.000205226
-5.18765e-05
0.00017495
0.000303722
0.000100617
0.000236079
7.20502e-05
1.90375e-05
0.000418821
0.000313179
-0.000173623
8.43696e-05
7.23168e-05
0.000415001
0.000312619
-6.21369e-05
0.000148676
0.000140628
0.000267891
0.000317042
7.0358e-05
0.000236744
6.26226e-05
0.000260937
-4.19341e-06
0.00011503
9.53055e-05
9.96555e-05
0.000138796
9.73983e-06
7.77033e-05
0.000195979
0.000138756
4.19836e-08
0.000416233
0.000187155
0.000185532
0.000289806
0.000287177
0.000268224
0.000237774
0.000163027
0.000166404
0.000141691
2.62641e-05
4.3539e-05
0.000484689
-2.91956e-05
-3.86504e-05
-0.000142599
1.3193e-05
-1.81858e-05
1.62274e-05
-3.81966e-06
-1.53323e-05
1.61275e-05
1.45751e-05
5.82099e-05
6.2225e-05
1.55278e-05
2.97261e-05
0
1.64257e-05
2.42269e-05
2.22955e-05
8.05105e-06
0
-1.57643e-05
-4.476e-05
-2.53711e-05
-4.90507e-06
4.25328e-06
-6.28648e-05
-4.89472e-05
7.21972e-05
8.45363e-06
2.98502e-05
0.000113875
0.000141066
4.52592e-05
7.51851e-05
-1.69885e-05
9.67605e-06
1.73356e-05
0.000160093
0.00013286
6.12289e-05
0.000134479
0.000123283
0.000113618
4.73893e-05
6.10612e-05
9.42437e-05
0.000103649
2.53202e-05
-3.01326e-05
7.89575e-05
2.90308e-05
-5.81746e-05
5.82467e-05
-6.43804e-05
6.6901e-05
0.000135451
-9.91276e-05
-5.71644e-06
-0.000101683
-4.28681e-05
0.000131024
5.56767e-05
5.3775e-05
1.46257e-05
0.00010578
2.62243e-05
0.000197246
0.000208335
0.000101906
9.04712e-05
0.000148168
0.000116194
8.40613e-05
0.000123607
7.76951e-05
0.000145591
0.000153952
-0.00013872
