# 1 157 (number of hyperplane, dimensionality of hyperplane)
# 0 (added bias feature? 0:no 1:yes)
-0.00647044
0.00636452
-0.01043
-0.00858638
0.00155583
-0.00443068
-0.00174927
-0.00228553
-0.00113084
0
0.00145105
0.00149274
0.00348357
0
0
-0.00268825
-0.00152748
-0.00206792
0
0
0.000912494
0.000494041
-0.0020254
-0.000796884
0
0.000166808
-0.007435
0.00900748
0.00341601
0.00315802
0.00355932
0.00619305
-0.0175737
-0.00707448
-0.0211981
0.00664909
-0.00709391
0.00134781
0.00564271
-0.0154729
0.00090864
0.0268558
0.00947303
0.00958548
-0.0191559
-0.00693883
0.00124251
0.00407751
0.00855431
-0.00398038
0.0118083
0.00874539
0.0018239
0.00866309
0.00432415
0.0094751
0.00384965
0.00126194
-0.0026114
0.00318399
0.00375159
-0.000344148
-0.00449469
0.0146128
0.00526555
-0.00157279
0.0045792
0.000655139
0.00570439
-0.00208635
0.00773672
-0.0013046
-0.000954329
0.00164928
0.00102306
0.00904797
-0.00394372
0.00366103
0.015793
6.42338e-05
0.00365295
0.00315694
0.0027039
0.000512436
0.000119391
0
0
0
0
0.000139897
0
0
0
0
0.00100724
0.000572318
0.000774809
0
0
3.42319e-05
2.24278e-05
5.41997e-05
2.13246e-05
0
0.00419511
0.00191217
0.00236916
-0.000843566
8.87495e-06
0.000362512
0.00357105
0.00303072
0.00627383
0.00212311
0.00612552
-0.00218299
-0.00285576
-0.00704089
-0.00347845
-0.000955864
0.00683861
0.00316075
0.00367508
-0.0149778
0.00260448
0.00454737
-0.00276898
0.00275869
-0.00158916
0.00289547
0.000240681
0.000207795
0.00823257
-0.000917817
0.00119338
-0.000631212
0.0013247
0.00191759
0.00169592
0.00034098
0.00536557
0.00303113
0.00426412
-0.000340591
0.000708056
0.00458848
0.00091932
-0.00245288
-0.00122347
-0.00387457
-0.00093446
-0.00348858
9.82442e-06
-0.00410246
-0.00251351
-0.00424904
-0.00271524
