# 1 157 (number of hyperplane, dimensionality of hyperplane)
# 0 (added bias feature? 0:no 1:yes)
-0.000432619
0.00425347
0.010745
-0.00436122
0.0100168
-0.0182446
-0.0110301
0.00663133
-0.04438
0.00584231
0.00948171
0.00748034
0.00811537
0.00293832
0
0.0137651
0.00665607
0.00716781
0.00519652
0
-0.0242465
-0.00140434
0.013622
-0.00542617
3.62046e-05
0.000424865
0.0056727
0.0185021
-0.0119032
0.0154581
-0.00112172
-0.00108724
0.00165389
0.00250562
0.0203385
-0.00186159
0.000421336
0.00237229
-0.00162107
0.0116038
0.0152331
-0.00387908
0.00567342
0.00103818
-0.0124771
0.00860335
-0.00339793
0.00324026
9.25951e-05
-0.0126955
0.000854495
0.00163995
-0.000420197
-0.000461815
0.00539775
-0.0019892
0.00114403
-0.00087655
0.00203036
0.0204376
0.000630078
-0.00297076
-0.00221764
0.00165028
-0.00067116
0.0013518
0.00066276
0.00914969
0.00262539
0.00166654
-0.00295788
-0.000174163
-9.75144e-05
0.00162843
0.00147361
0.00150728
0.0017278
-0.00110783
0.00173636
4.52041e-06
0.00338613
0.00955129
-0.0096112
0.0101998
-0.0212461
-0.00623462
0.00346252
0
0
0.0101631
0.00750473
0.0103054
0
0
0.0111057
0.0043607
0.00436916
0.00976314
0
-0.0279587
0.00307728
0.00799933
0.00137068
0
-0.00269322
0.00497511
0.016524
-0.011037
0.00434066
-0.00235734
-0.00113497
-0.000840131
-0.0013571
0.0136162
-0.00184444
0.000130382
-0.00346321
-0.00526553
0.00554
0.0150386
-0.00281006
0.00130677
-0.00398374
-0.0194218
0.00946251
-0.00414594
0.00129576
-0.00377321
-0.0173024
0.00366106
-0.00064283
-0.00290923
-0.00625757
0.000805744
-0.000104536
0.00150026
-0.000648149
-0.0040705
0.0109526
0.00124129
-0.00256371
-0.00610013
0.0050749
-0.000300424
0.00160162
0.000315083
0.00893015
-2.20003e-05
-0.00108081
0.00360734
-0.000619551
-0.000948667
0.000667739
0.00294305
-0.00102913
0.000806047
-0.00171644
