# 1 157 (number of hyperplane, dimensionality of hyperplane)
# 0 (added bias feature? 0:no 1:yes)
-0.000310706
-0.000161814
0.00025694
0.000611804
0.000405226
1.73468e-05
1.53376e-05
-5.82602e-06
-4.22201e-05
-0.000191965
-0.000107053
-0.000123266
-0.000100626
-0.000131281
-0.000215022
-9.93637e-05
-6.04541e-05
-5.17723e-05
-5.6969e-05
-0.000134655
-3.77484e-05
-3.75575e-05
-3.01217e-05
-6.88096e-05
-0.000198371
-0.000360942
7.79436e-06
0.000235571
0.000147965
0.000347917
0.000781828
0.000806979
0.000457438
0.000913788
0.000737134
0.000505366
0.000932867
0.000901401
0.000330327
-3.67103e-05
-0.00103946
-0.000176387
0.000164334
8.23594e-05
-0.000490059
-0.000998772
-0.00036196
7.84168e-05
-1.17269e-05
-0.000820357
0.000784872
0.000640103
0.000947836
0.00014825
-0.000177133
0.000915083
0.000888752
0.000387437
0.000517608
0.000754254
0.000256724
-1.82325e-05
-0.000235585
0.000107698
0.000494164
-0.000246666
0.000986132
0.000323333
0.000609978
0.000674138
0.000801667
0.000577889
0.000580632
0.000500674
0.000552687
-0.000261535
-0.00031613
0.000463765
0.00118234
-0.000369347
0.000104358
0.000159689
8.73791e-05
-9.48382e-05
-9.80057e-05
4.17532e-05
2.07802e-05
-3.64098e-06
-2.01447e-05
9.46824e-05
4.91429e-05
3.56087e-05
4.22248e-05
7.34847e-05
0.00012109
6.40895e-05
3.61367e-05
3.74162e-05
5.46546e-05
-6.42999e-05
-1.00469e-05
-2.30503e-05
-5.33005e-05
-0.000110439
-0.000372075
-0.00010911
-7.22882e-05
-0.000167154
-0.000445646
0.000213839
0.000306129
0.000261255
0.000243376
0.000236218
0.000232169
0.000323659
0.000176465
0.000134698
0.000127641
0.0001473
4.9382e-05
3.39595e-05
2.07422e-05
-5.49687e-05
0.000157482
0.000131336
5.39172e-05
1.79722e-05
-4.34494e-05
6.7453e-05
3.60765e-05
5.15188e-05
1.60224e-05
-0.000103098
0.00018878
0.000284401
0.000177862
0.000176677
0.000140519
-4.79481e-05
-0.000227892
-0.00041965
-0.000480613
-8.55368e-05
3.90493e-05
0.000224582
0.000370453
0.000264869
0.000259171
0.000298738
0.00016009
0.000157429
0.000194951
0.000189099
0.000112795
0.000210314
1.70584e-06
