# 1 157 (number of hyperplane, dimensionality of hyperplane)
# 0 (added bias feature? 0:no 1:yes)
-0.00350567
-0.00480277
0.00207505
-0.00255254
-0.00269183
0.00209633
0.00173813
0.00129753
0.000599593
0.000453114
-0.00114279
-0.00312561
-0.00426815
-0.00292763
0
0
0
0
0
0
-0.00106861
-0.00318277
-0.00110696
0.000459796
0.000326765
0.00218205
-0.00222961
0.00566784
0.00961563
0.00361112
-0.00258146
0.0102199
0.0118991
0.00482558
-0.0061348
0.00811492
0.0120497
-0.00326953
0.0171413
0.00626764
-0.0167046
-0.00276608
0.00524397
0.00394489
0.00696518
-0.0140085
0.00409305
-0.000188928
-0.00558987
0.00069208
0.00118482
-0.000818277
0.00591024
0.0154814
-0.00428163
0.0016299
-0.00187266
-0.0102133
0.0107393
-0.004504
0.0132561
0.00810024
0.00333803
-0.00607982
0.00412639
0.00948446
0.00360963
0.00273879
-0.00430742
-0.00158005
0.00973548
0.00480271
-0.000415725
0.00122314
0.00379296
0.0176004
0.012556
-0.0102197
0.00805241
-0.00132163
0.000883213
0.0021766
0.00257415
0.00095175
0.00191987
0.0011492
0.000776796
4.34031e-05
0
-0.00441269
-0.00299819
-0.00179438
-0.00195497
0
3.40468e-05
8.70581e-05
7.52972e-05
9.82156e-06
0
-0.00309342
-0.00200731
-0.0017269
-0.00284754
-0.00202952
0.00420338
0.000427057
0.000399442
0.00254094
-0.0031367
-0.00104492
-0.00262101
0.000559789
-0.00396867
-0.00252948
0.00789496
0.00325831
-0.000498511
-0.0055124
-0.00452111
-0.00962052
-0.00743629
-0.000455271
-0.00729568
0.00177981
-0.00513877
0.000559783
0.00278609
0.0094079
0.000950668
0.00457536
-0.00130015
0.00487254
0.00751185
0.0026389
-3.16266e-06
-0.00320086
0.00660478
0.00790978
0.00129045
0.00568501
-0.000881001
-0.00139739
-0.00137355
0.00050665
0.00537959
-0.00712301
0.000855098
0.000978674
0.00279189
0.00680697
-9.93626e-05
-0.00637768
-0.00364753
-0.00134262
0.0020048
0.0112767
0.00377859
