# 1 157 (number of hyperplane, dimensionality of hyperplane)
# 0 (added bias feature? 0:no 1:yes)
-0.00485489
0.00130143
-0.00022103
0.000359561
-0.000970782
-0.000624822
-0.000276864
-0.00102724
0.000104621
5.51144e-05
0
0
0
0
0
0
0
0
0
0
0.00271287
0.00337659
0.00102866
0.00027331
0
-0.00137891
0.00299946
-0.000773144
-0.00153956
0.00264586
0.000990599
0.00219822
0.00297941
-0.00178864
0.000980407
0.00216896
-0.00274421
0.0125548
0.00214226
0.00051578
0.00149798
0.00260592
0.000889891
-0.00222832
0.00252114
-0.0077486
0.00655761
-0.0018541
0.00682248
-0.00242761
0.00289149
-0.00224076
0.000290203
0.00286932
-0.000886987
0.000862302
-0.00517417
0.00702962
0.00405067
0.00268599
0.00712609
0.00157207
0.00181729
0.00443446
0.00405516
0.00319026
0.000390669
0.00380384
0.00101451
7.84675e-05
-0.00267629
0.00130384
0.00185841
0.00140413
-0.00369531
0.0100172
0.00183538
0.0117271
0.00641261
0.00222358
-0.00290047
-0.0024978
0.0036066
0.000599273
0.000968369
0.000737173
0.000987416
0.000306333
0
0.000383788
0.000314014
0.000703604
0
0
0.0002343
0
0
0
0
0.00180357
0.00112227
8.53603e-05
0.000104931
0
-0.00127513
-0.00122264
-0.00172246
-0.000685223
0.000533042
-0.0021761
-0.00155446
-0.00212741
-0.00425061
0.00242766
0.00677737
0.000821417
-0.000618358
-0.00346881
-0.00250149
0.00433137
-8.96787e-05
0.00267779
-0.00298444
0.00177063
-0.00233395
-0.0050456
0.00286238
0.00327829
0.00229703
9.11156e-05
-0.000122614
0.00366165
0.0028155
0.000780724
0.00285557
0.00110962
0.00168633
0.00182946
0.00133834
0.00318931
0.000978176
-0.00191063
-0.00303379
0.00160894
0.00164177
-0.000465495
-0.000482495
0.0017318
0.00309779
-0.00661143
0.00149368
-0.00177966
0.0024773
-0.0036934
0.00173189
0.0025474
-0.000707043
