# 1 157 (number of hyperplane, dimensionality of hyperplane)
# 0 (added bias feature? 0:no 1:yes)
0.000154476
-4.62219e-05
0.000127746
0.000363814
4.83018e-05
-0.000240179
-5.79974e-05
-2.38575e-05
-1.90707e-05
2.07211e-05
-7.15693e-05
-0.000123352
-7.84229e-05
-3.27622e-05
1.39278e-06
2.77145e-05
0.000145085
-3.44808e-05
-3.83291e-05
4.91667e-05
-0.0001991
-0.000136087
2.72648e-05
-0.000234718
4.55237e-06
0.000522939
4.85532e-05
0.000322305
0.000362267
0.000159474
0.000799255
0.000786765
0.00138843
0.00181533
0.000582641
0.00130205
0.0010755
0.00147262
0.00128627
0.000444973
0.00150342
0.0024799
0.00139504
0.00178451
0.000717884
0.00147386
0.00174022
0.00153971
0.00219728
0.00105375
0.00134698
0.00133642
0.00066353
0.000661128
0.000310148
0.000411381
0.000767709
0.00149801
0.00124768
0.000467184
0.00153768
0.00225648
0.00352513
0.00457996
0.00109065
0.000464402
0.0011925
0.000709144
0.0027776
0.00244366
0.00216804
0.00172391
0.00172366
0.00148181
0.0015494
0.00136688
0.00129544
0.00142577
0.00424354
0.00059096
0.000282528
0.000174489
-2.69737e-05
5.94345e-06
0.000149071
7.6548e-05
5.59145e-05
1.99318e-05
0
3.54302e-05
3.97315e-05
2.73145e-05
1.48987e-05
0
8.47769e-05
0.000106164
0.000100989
5.60697e-05
0
6.57547e-05
4.76534e-05
-2.85444e-05
2.48984e-05
3.03491e-06
0.000443959
0.000240102
6.89945e-05
0.000109299
-0.000248913
0.000748044
0.000341058
0.000275308
0.000571229
-0.000181391
0.000210327
0.00058327
0.000397314
0.000295695
9.16971e-05
0.000165947
0.000307882
6.96054e-06
-0.000361001
-0.000332705
0.000145729
0.000479427
0.000374439
0.000547066
9.09436e-05
0.000485997
0.000625362
0.000516333
0.000647491
7.72242e-05
0.000713121
0.000430913
0.000435658
0.000447578
-4.00634e-05
0.000567785
0.0009008
0.000887453
0.000615547
0.000465824
0.000105923
0.000705256
0.00105563
0.000988632
0.0011407
0.000949073
0.000574396
0.000241456
0.000776871
0.00045411
0.0012537
0.000435706
0.000852271
