# 1 157 (number of hyperplane, dimensionality of hyperplane)
# 0 (added bias feature? 0:no 1:yes)
-0.000184636
0.000676719
4.54835e-05
0.000252561
0
-0.000190419
7.27252e-05
4.22224e-05
9.17399e-05
0
0
0
0
0
0
-0.000435258
-0.000346242
-0.000334818
0
0
0.000454902
0.000135345
1.51293e-05
0
0
0.000921348
0.00219407
0.00125545
0.000615255
0
0.00196063
0.00180914
0.00240559
0.00144129
0.000364734
0.000785501
0.000861523
0.00158293
0.000912209
0.00120901
0.00113574
0.00251307
0.00250235
0.00253718
-0.000473155
0.0011948
0.00166954
0.00262164
0.00358595
-0.00112298
0.000673372
0.000995768
0.000824393
0.00153995
0.000374605
-2.72248e-05
0.00160502
0.000932054
0.00325219
0.000200671
0.00128574
0.00282082
0.00445719
0.00570475
0.000543666
0.000770915
0.0023699
0.000226469
0.00186925
0.0016982
0.000844322
0.00256745
0.00202078
0.000698964
0.00167365
0.00136136
0.00166021
0.00112366
0.00557431
0.000737758
0.000739661
0.000292624
0.000221761
0
-3.33118e-05
0.000126365
7.85645e-05
0.000170703
0
0
0
0
0
0
0.000222832
0.00017726
0.000171412
0
0
0.000303975
0.000129293
1.15833e-05
0
0
0.00053982
-0.000283817
4.5364e-05
0.000351817
0
0.000302378
-0.000413061
-3.3717e-05
0.000488506
2.99791e-05
0.00046381
0.00176957
0.000193327
-0.000308253
-0.000140184
6.12713e-05
0.00098058
0.00162562
-0.000186831
-0.00230625
0.000389952
0.000386035
-0.000790553
0.00166258
-0.000186778
3.3719e-05
-0.00128035
0.000521988
0.0024061
0.00117975
0.000969366
0.00123836
0.000861223
-0.000342276
0
0.000263188
0.000376728
0.000146993
-0.000164523
0.000330275
-6.96932e-05
0.000865803
0.00201085
0.00116762
-0.000138771
0.000769961
0.00048042
3.48758e-05
0.000137301
0.000414393
0.00175469
-0.000643083
0.0029548
