# 1 157 (number of hyperplane, dimensionality of hyperplane)
# 0 (added bias feature? 0:no 1:yes)
-0.0120712
0.00602864
-0.0167913
-0.0124851
0.00158092
0.0236162
0.00644824
0.0359125
0.0103077
0
0.000717497
0.000226612
0.000276965
0.000521202
0
0.00277294
0.0015756
0.00213306
0
0
0.0203979
0.00352187
-0.00604783
-0.0145556
0
0.0166579
0.0132095
-0.0354629
-0.0133065
0.0707569
-0.0181185
0.00652087
0.0133972
0.0262191
0.0688357
-0.000231566
0.00268762
-0.0163365
-0.0158276
0.0405395
-0.00330838
-0.00455058
-0.00379127
0.018838
0.0119998
-0.00108331
0.00269856
0.000217884
0.0157332
0.0227817
-0.0193818
0.00496675
-0.00290432
0.00921732
-0.0145466
0.0145726
-0.00461941
-0.00127955
-0.0277102
0.0521149
0.010612
-0.0139728
0.0152767
0.00607258
0.052847
-0.0438761
0.024116
0.00866231
0.0200535
0.00610524
-0.02211
0.00380979
0.0023238
0.0176545
-0.0156998
0.00392027
0.0246864
-0.039279
0.0348571
-0.0331115
-0.0344936
-0.0321182
-0.00131018
0.0295657
0.0321889
0.011205
0.00927356
0.00320699
0
0
0
0
0
0
0
0
0
0
0
0.0452792
0.0197523
0.0101733
0.00700886
0
0.0174921
0.0080491
-0.00469646
0.0185467
0.0160415
0.0174314
0.00959459
0.0298052
0.0106015
-0.0316295
0.016997
0.0256555
0.00679438
-0.0170305
0.000663131
0.00815463
-0.00208879
-0.00812057
0.0394044
-0.0281647
-0.00913392
-0.0199122
-0.0181723
0.0115303
-0.0102025
-0.0264507
0.00211002
-0.0201774
-0.00212898
-0.0333604
-0.0352028
-0.0315152
-0.0192185
-0.00433852
0.0851652
0.00764098
0.00927115
-0.0246871
0.0182185
0.0235304
-0.0165069
0.00618778
0.031378
-0.00879567
-0.0160946
0.011007
-0.00116877
0.0152301
0.0032216
-0.0175556
-0.00764668
-0.00147482
-0.039796
