# 1 157 (number of hyperplane, dimensionality of hyperplane)
# 0 (added bias feature? 0:no 1:yes)
-1.56187e-05
8.37374e-05
-3.9649e-05
-2.25504e-05
-0.000163465
-6.05016e-05
3.50736e-05
-0.000171208
0.000110085
4.5502e-05
0.000146046
-0.00034617
-0.000256143
0.000198083
5.50274e-05
-0.000117259
-5.98029e-05
-0.00063624
-4.1497e-05
-7.00478e-06
-0.000144163
-8.11113e-05
-0.00111732
-0.000828346
6.28436e-06
3.91807e-05
7.58022e-05
-0.0001806
0.000161554
0.000415271
1.85517e-05
6.4691e-05
-7.96354e-06
-3.33454e-05
-2.191e-05
7.42223e-05
4.47763e-05
-7.53198e-05
6.43147e-06
0.000290847
0.00013447
8.96753e-06
-3.66022e-05
5.40458e-05
0.000106318
0.000168399
7.69587e-05
-4.05653e-05
6.50846e-05
8.95808e-05
0.000162531
-6.79683e-05
3.86138e-05
2.54401e-06
0.000156127
1.27218e-05
-1.25296e-05
6.52492e-06
-2.5905e-06
0.000193843
4.24928e-05
1.54698e-05
2.44245e-05
-9.11269e-07
-4.01123e-05
8.5815e-05
1.31324e-05
0.000191191
5.07945e-05
-4.12165e-05
0.000101291
8.75854e-06
-3.68138e-05
3.08387e-05
3.2455e-05
1.68464e-05
-2.91284e-05
7.3663e-06
-0.000149745
4.39795e-05
6.61962e-05
8.86432e-06
-1.63336e-05
-1.37054e-06
6.69857e-05
6.77742e-05
-5.7488e-05
0.000117592
5.83025e-05
0.000321521
-0.000285831
-0.000206188
0.000174285
0.000105298
-7.54792e-05
-6.48417e-05
-0.000304427
-0.000301928
-6.42073e-06
-6.03474e-05
7.93229e-05
-0.00112441
-0.000758633
5.93524e-05
0.000221128
5.84026e-05
-0.000150363
0.000163675
0.000297111
0.000174031
-1.83707e-05
6.16031e-05
-3.70939e-05
-7.7364e-05
0.000255001
8.93975e-05
1.30728e-06
2.90502e-05
-1.7965e-05
0.000339487
-5.06477e-05
3.7112e-05
9.13029e-05
0.00013854
0.000284145
2.70721e-06
0.000117752
-2.97692e-05
0.000240195
0.000242672
-2.40882e-05
8.19426e-05
2.49947e-06
0.000230895
0.000121878
7.56085e-05
-9.59127e-06
1.57458e-05
0.000234682
1.58887e-05
-3.48907e-05
-9.15205e-06
3.93064e-05
-6.0865e-05
7.97363e-05
-1.6815e-05
6.23516e-05
0.000183943
6.16295e-05
3.86538e-05
-7.40388e-05
-0.000121651
-6.93284e-05
-6.7667e-05
3.80866e-05
8.79803e-06
6.11164e-05
