# 1 157 (number of hyperplane, dimensionality of hyperplane)
# 0 (added bias feature? 0:no 1:yes)
0.00149958
0.000707141
-0.000241828
3.00376e-05
0.000674164
0.000106466
1.69468e-05
4.32168e-05
9.77337e-06
0
1.59077e-05
0
0
0
0
0
0
0
0
0
0.000166122
0.000110434
4.86303e-05
2.62873e-05
1.11354e-05
-0.000108279
0.000929281
0.000422195
0.00144089
-3.64237e-05
-0.000742304
0.000677982
-0.000272389
0.00166748
0.000301557
-0.000308414
0.00209908
0.00229759
0.00169477
-0.000871687
0.00296496
0.00416232
0.00552709
0.000944795
-0.00132902
0.00190372
0.00570774
0.00497315
0.00135649
-1.04945e-05
0.000183957
0.000247355
0.00128352
0.0028658
0.00152176
0.00164917
0.000437563
-0.00135089
0.00320167
0.00199399
0.000136084
0.000155657
0.000323927
0.00236064
0.000135834
2.59781e-07
0.000169596
0.00102564
0.00442936
0.00348878
0.00402529
0.000779736
0.000464822
-0.00052446
-0.000308569
0.0033299
0.00138822
0.00155445
0.00337888
0.000971128
0.00104456
0.000400061
0.000302354
0.000526807
0
0
0
0
0
0
0
0
0
0
0
0
0
0
0
0
0
0
0
0
0.00118943
0.00070738
0.000231434
0.000261799
0.000190938
-0.000496173
0.00011674
-0.000210706
0.00151004
-0.000111453
0.00108906
0.000616053
-0.000271215
-0.00126446
-0.00184032
0.00163771
0.00171413
-0.00116466
-0.000705414
-0.000567772
0.000695644
0.00114999
-8.7106e-05
8.1127e-05
-0.000406583
0.000810449
0.000641714
0.000205727
0.000321568
-0.000160623
4.83035e-05
0.00107298
0.000963583
0.00168068
0.00111659
0.000361287
0.000225396
-0.000109289
-0.00015692
9.60981e-05
0.000275494
0.000560252
-7.9503e-05
0.00106149
0.000246849
0.000818288
0.000761013
-1.56207e-05
0.000227711
-0.000111851
0.000546608
-0.000210272
-0.000364079
