# 1 157 (number of hyperplane, dimensionality of hyperplane)
# 0 (added bias feature? 0:no 1:yes)
0.000251132
4.50262e-05
0.000180811
4.30349e-05
-3.86009e-05
-6.75252e-06
-8.46334e-06
1.71887e-05
5.89767e-06
0
0
0
0
0
0
0
0
0
0
0
-3.83117e-05
-1.41462e-06
1.21046e-06
1.71452e-06
0
0.000111446
-5.95742e-05
-3.04275e-05
-1.29842e-05
1.97583e-06
0.000288363
0.000204142
3.48441e-05
-0.000739683
-0.000193384
0.000284441
4.00518e-05
0.000177606
0.000238669
0.000384898
0.000339488
-0.000307995
5.0403e-05
0.000505111
-7.51404e-06
0.000153585
9.66958e-05
5.58801e-05
0.000162043
-0.000222329
4.96298e-06
0.000591151
0.000105137
0.000341683
0.000262337
0.000220421
0.000204035
-0.000266407
-9.87136e-05
6.69883e-05
0.000260285
0.00028538
0.000275141
0.000269522
0.000172708
9.09805e-05
0.000231357
-0.000574481
0.000256466
0.000316002
0.000433221
0.000191887
0.000202957
0.000270389
0.000305498
0.000463302
0.000281182
-0.000470287
0.000708068
0.000160405
0.000110193
4.90987e-05
3.52671e-05
1.87099e-05
-8.6278e-06
-6.64487e-06
0
0
0
0
0
0
0
0
0
0
0
0
0
-7.65853e-06
5.02419e-06
1.27132e-05
4.40884e-06
0
0.000132812
4.59362e-05
2.16693e-05
1.73991e-05
-1.39599e-05
1.86851e-06
-0.000176921
4.78566e-05
3.08641e-05
-0.000122609
5.84664e-05
-1.55226e-05
5.69453e-06
3.30728e-05
7.6217e-06
8.74149e-05
0.000137756
9.06682e-05
3.30438e-06
4.87215e-05
4.60889e-05
0.000119156
8.86187e-05
2.38368e-05
4.18099e-05
3.04944e-05
9.08496e-05
0.000113616
6.68078e-05
5.50625e-05
0.000126892
9.79503e-05
8.56528e-05
8.37764e-05
3.4328e-05
0.000106227
0.000111603
7.12971e-05
3.50412e-05
3.93845e-05
6.94395e-05
9.98023e-05
0.000234198
0.000116234
4.75129e-05
6.95904e-05
0.000193647
0.000134758
0.000132817
-2.37035e-05
0.000201133
0.000104488
1.98015e-05
