# 1 157 (number of hyperplane, dimensionality of hyperplane)
# 0 (added bias feature? 0:no 1:yes)
-0.00268917
0.004903
0.00664395
-0.00132913
0.0160595
-0.0146626
0.00733182
0.00846976
-0.0163617
-0.0010912
-0.0186202
-0.00583731
0.00108643
0.00131362
0.000859211
-0.0122249
0.00452103
-0.00435459
-0.0141158
-0.00375925
-0.00660529
-0.001703
0.00464967
-0.0211713
0.00113541
0.010363
-0.016518
-0.015475
-0.00650391
0.0153525
0.0107735
0.0166525
0.00783343
-0.0175305
0.0243595
0.000944739
0.00392682
-0.00127782
0.00428563
0.0176098
-0.00339469
0.0163072
-0.0035728
0.00335838
0.0242577
-0.00861886
-0.0244427
0.011915
0.00835356
-0.00159596
0.0115458
0.0072736
0.01926
-0.0193996
0.0169856
0.0138015
-0.0116356
0.0016681
0.0098295
0.0390185
0.0063405
0.00863584
-0.00906721
0.0223675
0.0127261
-0.00663371
0.00169578
0.0550277
0.0195078
0.002182
0.00640478
0.00533854
0.00485706
0.00518841
0.00670877
-0.00933107
-0.038961
-0.00892747
0.0173625
-0.0032701
-0.00661686
-0.00319456
0.00838814
0.00745349
0.00847046
0.00279795
0.00231898
0.00288018
0.000712716
-0.0194935
-0.0030258
-0.0013968
0.00078803
0
-0.000880648
0.00433245
-0.00208268
-0.0101044
-0.000465557
0.00567462
-0.00148467
-0.000820821
-0.0132773
-0.00154686
0.00620743
-0.0105669
-0.00901497
-0.0109011
0.00183628
-0.009601
0.0040252
0.00700143
-0.0163467
0.0031928
0.00185524
0.0141793
-0.00167396
-0.00274158
0.00473854
-0.00542712
0.0133576
0.00767801
0.00446101
0.00625862
-0.00886895
0.0104614
0.00268274
-0.000672514
0.00313443
-0.0107085
0.017324
-0.00591001
0.00455961
0.00718827
-0.00317081
0.00910272
0.00866606
0.0124901
0.00641676
0.00341247
-0.0029549
0.00171683
-0.000396861
-0.00680832
0.010618
-0.0100413
0.00166135
0.0162571
0.000809722
0.00211018
-0.00241337
-0.00967877
-0.00567442
-0.00791068
0.01181
-0.00330631
0.0101677
