# 1 157 (number of hyperplane, dimensionality of hyperplane)
# 0 (added bias feature? 0:no 1:yes)
-0.00110222
0.000998399
0.0011926
3.91045e-05
-0.000191833
-0.000327565
-0.000287597
-0.000306616
7.271e-05
3.93951e-05
0
0
0
0
0
0
0
0
0
0
0.000350728
0.000380857
0.000106883
0
0
-0.00022299
0.000777579
0.000590044
-1.7122e-05
0.000605015
0.000282349
0.00135908
0.0016417
0.000764739
0.000369694
0.00202613
-0.000325759
0.00373538
0.00145668
0.000212822
-0.00019873
0.000660054
0.000561873
0.00102794
0.000858473
-0.00293034
0.00151464
0.0007906
0.00300656
0.000217403
0.00109624
-2.7463e-05
0.000846587
0.00226983
-7.60635e-05
-3.35291e-05
7.33297e-05
0.00270094
0.000608442
0.00101992
0.00255833
0.00167
0.00182718
0.00353607
0.000960362
0.00166007
0.00130016
0.00123599
0.0016219
0.00106614
0.00103854
0.000501695
0.000877085
0.000764648
-0.000701737
0.00477706
0.00345656
0.00594512
0.00400739
0.000975762
-0.000459953
4.0255e-05
0.000985131
5.57771e-05
0.000289936
0.00024184
0.00046917
0.000180238
0
5.14821e-05
4.21225e-05
9.43829e-05
0
0
0
0
0
0
0
0.000503416
0.000321462
8.54991e-05
0
0
0.000250232
0.000263465
-0.000335308
-8.9937e-05
9.45805e-05
-0.000382248
-0.000622126
0.000147684
-0.00230324
0.000560723
0.00195434
0.000504582
0.000251404
-0.00133997
-0.000627019
0.00129502
-5.80137e-05
0.000484653
-0.000250728
0.000101376
-0.00126845
-0.000780011
0.000619101
0.000811397
0.000700883
-0.000399984
0.000873442
0.0012877
0.00101546
0.000236005
0.00177877
0.001146
0.00118229
0.000849187
0.000310409
0.000938371
3.25163e-05
-0.000609983
-0.000511204
0.00053101
0.00042319
9.61394e-05
0.000329925
0.000683433
0.00138003
-0.00086084
0.00045205
-0.000682251
0.000624786
-0.00149699
0.000190962
0.000338805
-0.000702559
