# 1 157 (number of hyperplane, dimensionality of hyperplane)
# 0 (added bias feature? 0:no 1:yes)
0.000103812
-8.78703e-06
1.35597e-05
9.08451e-05
6.40564e-05
-2.29626e-05
-5.32877e-05
-2.36261e-05
-4.49735e-05
1.82304e-06
8.74408e-07
3.77329e-05
0.000130627
-1.43496e-05
1.30853e-06
0.000104863
0.000161412
1.8886e-05
-5.81243e-05
4.69415e-06
1.87661e-05
-4.12408e-05
3.17026e-05
4.23785e-05
1.33331e-05
0.000168646
5.80261e-05
4.4391e-05
-4.521e-05
5.21261e-05
8.03729e-05
0.000127926
-1.93143e-05
-5.27049e-05
0.000133523
0.000225285
9.45633e-06
-0.000102055
0.000115648
0.000114062
0.000122402
-2.41995e-05
0.000101858
-0.000108172
0.000198948
-8.08721e-06
-9.25502e-05
2.50348e-05
2.86508e-05
0.00011475
0.000189709
0.000103771
6.35771e-05
-4.01104e-05
0.000165273
6.75487e-05
-1.45971e-05
-7.48297e-05
1.27991e-05
0.000139831
0.00012738
2.69189e-05
5.72816e-05
-2.25826e-06
0.000240169
-0.000117172
0.00011553
0.000301431
0.00033526
0.000189171
0.00016493
-5.18486e-06
-8.92573e-05
-0.000111202
-5.59442e-05
0.000174945
2.21098e-05
0.000377485
0.000142164
6.9592e-05
-5.87978e-06
-9.99349e-05
1.06642e-05
1.43474e-05
-8.21173e-05
-0.000109935
-0.000209661
-8.44459e-05
0
3.52688e-05
4.84708e-05
1.77459e-05
-3.4604e-05
0
0.000100854
8.87351e-05
3.94599e-05
1.33831e-05
1.83224e-08
5.2502e-05
2.49229e-05
4.39505e-05
3.01121e-05
6.61172e-07
6.38701e-05
9.04554e-05
2.49573e-05
1.52089e-05
1.79952e-05
-6.08448e-05
6.72067e-05
6.60176e-05
2.69064e-05
4.06804e-05
2.34432e-05
0.000127651
7.93264e-05
6.2232e-05
1.98648e-05
4.96721e-05
0.000102304
0.000341414
-0.000138231
5.22458e-05
6.80684e-05
-9.46413e-06
0.000129552
-0.000263629
5.748e-05
4.74981e-05
0.000208925
-7.5179e-05
-0.000124735
6.27812e-05
-5.66541e-07
-0.00012556
-9.77248e-05
2.44755e-05
2.41235e-05
0.000152515
-5.52383e-06
-2.93796e-05
-3.92866e-05
0.000104081
5.03161e-05
-1.28664e-05
0.00026585
-2.76328e-05
-0.000104349
0.000129831
0.000181879
5.08319e-05
1.37583e-05
6.25347e-05
-0.000133408
-7.42073e-06
-9.94215e-05
