# 1 157 (number of hyperplane, dimensionality of hyperplane)
# 0 (added bias feature? 0:no 1:yes)
-0.000144331
6.37199e-05
0.000130958
-0.000196294
2.44044e-05
9.02645e-05
9.57068e-05
4.1463e-05
1.50911e-06
6.89653e-07
-3.65713e-05
2.78645e-05
2.7037e-05
-2.14089e-06
-5.4288e-06
3.89592e-05
5.87934e-05
3.58264e-05
-1.39554e-05
1.01856e-05
5.35602e-05
6.71169e-05
0.000103303
-6.1186e-05
-1.34808e-05
-5.65906e-05
-6.86273e-05
0.00010616
-0.000327253
-6.38005e-05
-6.28387e-05
0.000160411
0.000106578
-3.50615e-05
5.2597e-05
0.000242012
0.000126658
0.000246125
0.00033684
0.00023079
0.000186468
0.000136571
0.000196402
0.000222298
0.000108945
7.0526e-05
-5.62228e-05
3.60699e-05
2.71104e-05
-5.00489e-05
6.23871e-05
-7.26575e-05
0.000131937
0.000183793
9.48688e-05
-5.36925e-06
1.42388e-05
0.000154505
7.55509e-05
5.94791e-05
0.000259559
0.000291821
0.000360185
0.000440057
0.000157598
0.000105923
0.000514186
0.000340181
0.000436957
0.000438656
0.00042375
-1.15471e-05
-5.47788e-05
0.000100482
0.000102798
0.000572966
0.00038343
7.13955e-05
0.000552982
7.89251e-05
0.000165219
0.000132692
6.36819e-05
-3.77906e-06
-9.26794e-06
2.84196e-05
3.44099e-05
3.08286e-05
1.37931e-06
6.8293e-06
-6.26739e-06
2.05632e-06
6.97027e-06
8.13484e-07
-3.51523e-05
-1.96384e-05
-3.10327e-05
-4.81419e-05
1.04817e-05
-3.4791e-07
8.1578e-06
-6.3021e-06
-7.63398e-06
-2.65308e-06
-1.73932e-05
-9.4628e-05
-9.48512e-05
-9.80023e-05
1.08594e-05
-4.38958e-06
6.05005e-05
-5.09164e-05
-6.72748e-05
2.93585e-05
-6.69745e-05
0.000155775
0.00013017
-2.65741e-05
-3.05926e-05
0.000141288
0.000251651
0.000185118
9.87256e-05
2.86353e-05
9.06604e-05
0.000145478
-2.44556e-05
-3.62749e-05
2.49985e-05
4.61145e-05
3.97937e-05
6.02512e-05
4.09257e-06
1.61871e-05
9.15053e-05
0.00012199
0.000117524
8.32286e-05
-5.62741e-07
0.000107459
5.20838e-05
9.1357e-05
6.04879e-05
-4.02271e-05
0.000153425
-2.36488e-05
5.28009e-05
0.000250595
0.000220985
0.000262692
-0.000109872
-5.21411e-05
1.94399e-05
-0.000101901
0.000213743
-0.000127948
0.000141483
