# 1 157 (number of hyperplane, dimensionality of hyperplane)
# 0 (added bias feature? 0:no 1:yes)
0.000544346
-0.000202484
-0.0102956
0.000656775
0.00256714
-0.00345637
0.000493444
-0.000591045
-0.00106319
1.78228e-05
-0.00860988
0.000782056
-0.00103496
-0.00383313
-0.000349494
-0.00272597
0.00348407
-0.000607644
0.0012063
0.00164311
-0.0102794
-0.000786964
0.00466665
0.0037544
0.000324679
0.00329807
-0.00203102
-0.00291878
-0.00859991
-0.00370324
0.00837505
0.00907266
-0.00628468
0.00298162
0.00872353
-0.00351827
0.00668752
0.00142016
0.00546041
0.0114464
0.00202328
0.00222229
-0.0107206
0.00754037
0.00651477
-0.00180341
-0.00274323
-0.0100824
0.00908972
0.00198906
0.000806646
0.00383209
0.0109413
0.00282724
0.00472877
-0.000602816
-0.00351772
-0.00476935
0.00261859
0.00355663
0.00565154
0.00211661
0.00717926
0.00998471
0.00193866
0.00385715
0.00271903
0.0111379
0.00749312
0.00161478
-0.00310755
0.00119624
0.000918104
0.00653199
0.00588196
0.00734716
-0.0029719
-0.0118178
0.012783
0.000540295
0.00221589
-0.000505084
-0.00148838
0.000212463
0.000110428
0.00123834
0.000122442
-9.86167e-06
0
0.0021225
0.000680737
0.000332433
0
0
-0.00442063
-0.000348448
-8.24434e-06
-0.00488741
-0.00419727
0.00333162
0.00526768
0.00255297
0.00134087
0
1.18377e-05
-0.000374156
-0.00744909
-0.00368568
-0.00584996
0.00486837
0.0055037
-0.00910741
0.00421968
-0.0039144
0.00170936
0.00794479
-0.00265459
0.000467295
0.000660669
0.00715208
0.0127638
0.00438695
0.00604011
0.00715316
-0.00173581
0.00206926
0.0132913
-0.00319241
0.00788166
0.000623293
0.00302137
0.0105975
-0.00467931
-0.00171479
0.00184485
-0.00125393
0.000577251
-0.00351273
0.00275487
0.00204191
-0.0054187
-0.00339876
0.00587138
-0.000362325
0.00249766
0.000704677
0.00299975
-0.00103929
-0.00427158
0.00527136
-0.0015793
-0.00184312
0.00253397
0.00250076
-0.00797676
-0.00826065
0.0045631
