# 1 157 (number of hyperplane, dimensionality of hyperplane)
# 0 (added bias feature? 0:no 1:yes)
0.00106102
-3.1068e-05
7.68209e-05
-0.000661239
-0.000944653
0.000129066
6.26845e-05
6.1999e-05
9.33013e-05
0.00011005
0
0
0
0
0
-0.000345787
-0.00018093
-0.000136082
-0.000165847
-0.000221134
-2.97888e-05
2.03897e-05
5.68301e-05
1.89787e-05
-3.48529e-05
0.00155893
0.00175966
0.00044172
0.000117509
-0.000104511
0.0015522
-0.00034467
0.000371738
0.000329107
-0.00117599
0.000860018
0.00176405
0.00108875
0.00284101
0.000296649
0.00244781
0.00439775
-0.000398687
0.0014165
0.000143082
0.00233632
0.00610269
0.00230538
0.00276128
0.0015104
0.00104633
0.00144416
0.00136351
0.00558148
0.000895568
0.000409428
0.000491548
0.000834796
0.00064004
-0.000317975
-0.000305224
0.00348096
0.00537101
0.00732323
4.59379e-05
-0.000364807
0.00114113
0.00295761
0.00615074
0.00711218
0.00618112
0.00126629
0.00145353
0.00217987
0.00203566
-0.00310658
-0.00443288
-0.00607869
0.00546479
0.000149639
-0.000221933
-0.000373548
-7.06612e-05
0.000220827
-6.69253e-06
0
0
0
0
0
0
0
0
0
2.1133e-05
3.33534e-05
2.5086e-05
3.05731e-05
4.07649e-05
-0.000113485
-6.50585e-05
-5.05365e-05
-5.74394e-05
-8.23545e-05
0.000351983
8.16477e-05
-0.000127872
0.000452544
6.71182e-05
3.4259e-05
-0.00104151
-0.000598984
0.00066501
0.000164568
8.80357e-05
0.000550021
0.000903632
0.000458137
0.000234529
-0.000200104
0.000201859
0.000610355
0.000526716
0.000808448
8.25949e-06
0.000529088
0.00093606
0.000309907
0.000736652
7.68969e-05
0.000479184
0.000487905
0.000639987
0.000713954
0.000547363
0.000553403
0.000813445
0.000248355
0.000229703
0.000809414
0.00100239
0.00112986
0.00142248
5.72264e-05
0.000781417
0.000106808
0.0048489
0.00264933
0.00248447
0.00209313
0.0010323
0.000587329
0.000288689
-0.000526684
0.00317151
0.00203509
0.00408242
