# 1 157 (number of hyperplane, dimensionality of hyperplane)
# 0 (added bias feature? 0:no 1:yes)
0.0116787
-0.00313892
0.00445493
0.00987345
0.20759
-0.000580069
-0.0338124
0.0152983
-0.0291013
0.554103
0.0257203
-0.0652383
0.1971
-0.161603
-0.235579
0.0471485
0.0297558
-0.21283
0.41986
0
0.0232439
0.0188845
-0.0589639
-0.0293605
-0.0340101
0.00170454
0.000166452
0.00057617
-0.00838328
0.0215317
-0.000874155
0.00316595
0.00407846
-0.000751643
-0.000810449
-0.000105771
-0.00116956
0.000173127
0.010229
-0.0350153
0.00466009
0.00693348
-0.00315576
-0.00255642
-0.000350916
-0.00155794
0.00854604
0.0027008
-0.00247733
-0.000477248
0.00303265
-0.00548486
-0.00213444
0.00286468
-0.0008258
0.00739466
-0.00584348
0.00327163
-0.0021165
0.0378754
-0.00112875
0.00217987
-0.00174461
0.00450871
-0.00208103
0.00098929
0.00281518
0.00127393
-0.00275301
0.00662
0.00492627
0.00227882
-0.00227835
0.00352362
0.000178077
0.0198846
0.00689711
-0.00852193
0.0326755
0.0023041
-0.00758721
-0.0186398
-0.0138552
0.206425
0.00702351
-0.0417662
-0.0100031
-0.0203564
0.281597
0.0674088
0.151788
0.00727926
0.000199132
0
0.0274016
0.0576054
-0.249168
0.415312
0
0.0495085
0.00159387
-0.0755277
-0.0469485
0.231147
-0.00165181
-0.00860489
-0.00876947
-0.0377664
0.0304866
-0.00487145
-0.0155198
-0.0133756
-0.0284575
-0.0371844
-0.00678028
-0.0117654
-0.0207965
-0.0140872
-0.0516425
-0.00599042
0.00876717
-0.0231691
-0.0241398
-0.0283791
-0.00452867
-0.00171881
-0.0192049
-0.0276096
-0.0230128
-0.0081296
-0.0065965
-0.0146527
-0.0216189
-0.0336222
-0.00738019
-0.0100263
-0.0151453
-0.0233276
0.000396533
-0.00192344
-0.00517688
-0.00351911
0.00351052
-0.00978611
0.00816821
0.00395444
0.00766941
0.00312287
0.00485918
0.00195873
-0.00520581
-0.00362211
-0.00587965
-0.00324403
0.00437476
-0.000152376
0.00542672
