# 1 157 (number of hyperplane, dimensionality of hyperplane)
# 0 (added bias feature? 0:no 1:yes)
0.00337606
0.0033307
0.000683089
0.00452935
0.000609451
0.00247813
-0.00125299
-0.00364423
-0.000486418
0
1.55808e-07
1.27482e-07
2.98628e-07
0
0
0
0
0
0
0
-9.61468e-05
-0.000111145
0.000215392
0.000246263
3.25524e-05
-0.00255966
0.00438846
-0.00122873
-0.000471456
0.000958662
0.00381007
0.00123316
0.000625502
-0.00189922
-0.00109654
0.00421275
0.00926837
0.000211189
0.00513347
-0.00387701
0.000803952
0.00228745
-0.00195928
-0.000117266
-0.00158988
-0.0023184
-0.0051922
0.00414059
0.0136089
0.0101066
0.000297256
-0.000873484
-0.000697773
0.00055013
0.00263107
0.00832514
-0.001866
-0.00580926
0.00775419
0.00435204
-0.00139317
-0.00188619
-0.000884242
0.00350222
-0.000501406
-0.000926419
0.0069036
0.00265129
0.00770509
0.00753119
0.00655436
0.00316711
-0.00273548
0.000326981
0.00321101
0.00358101
0.0108798
0.00910342
0.00950427
0.00056662
-0.00581528
0.00229521
-0.000876174
0.00182173
0.000884061
0.000712431
0.000289648
2.76361e-05
0
3.50249e-05
2.86573e-05
6.71303e-05
0
0
0
0
0
0
0
0.000453967
0.000673856
0
0
0
-0.00330557
2.76182e-05
-0.00225554
-0.000217073
0.000281605
0.00248941
-0.00209181
-0.00262003
-0.00197664
0.000697262
0.0030655
0.00557096
0.00403931
0.00423944
-0.000901076
0.00230106
-0.000777914
0.00788125
-0.00967961
0.00562949
0.00596075
-0.00427573
0.00379777
-0.00169359
0.00634054
-0.000222277
-0.000382564
0.00443291
0.000728323
0.00184932
0.000536559
-9.09943e-05
0.000896986
-0.0030143
0.00171057
-0.00187452
-0.00268089
-0.000231454
0.0007772
-0.00105206
-0.000854424
-0.00254413
0.00283465
0.00289513
-0.000822247
-0.0067649
0.00592627
0.00109698
-0.000230816
0.00204883
0.0187678
-0.00393446
0.00101834
