# 1 157 (number of hyperplane, dimensionality of hyperplane)
# 0 (added bias feature? 0:no 1:yes)
0.00114325
0.00150582
0.000824904
0.000441069
0.000273463
4.22325e-05
4.94287e-05
3.53426e-05
2.19069e-05
3.49856e-05
0
0
0
0
0
0
0
0
0
0
7.03699e-05
6.29663e-05
5.64856e-05
5.11845e-05
3.55002e-05
0.00103878
0.00139952
0.000980837
0.00152142
0.000299666
0.00130434
0.00126419
0.00153425
0.00101827
0.000359413
0.000578876
0.00211153
0.00263764
0.00175902
0.000850582
0.00161494
0.00240046
0.000987304
0.000600133
0.000540401
0.00136479
0.00191934
0.000803005
0.000249641
0.000631757
-0.000140397
0.00109826
0.00177299
0.00128161
0.00076723
0.00116512
0.00161601
0.0018102
0.00138053
0.00112308
0.000575399
0.00175364
0.00267391
0.0034478
0.000291081
0.000295366
0.000520313
0.00185405
0.00133077
0.00145921
0.00131134
0.000963355
0.000893502
0.000925723
0.00099819
-0.000423183
-0.000269634
0.000688833
0.00483392
0.000651297
0.000501621
0.000284804
0.000279219
0.000180998
1.95874e-05
2.04547e-05
2.37333e-05
1.42819e-05
1.22445e-05
0
0
0
0
0
0
0
0
0
0
2.51975e-05
8.22744e-06
5.96994e-07
0
0
0.000672158
0.000477423
0.00023324
0.000213405
0.000142661
0.00066858
0.000558465
0.000349691
0.000273227
-5.91891e-05
0.000366719
0.000481361
0.000343922
0.000304849
0.000167125
0.000719421
0.000318116
0.000124231
0.000139528
8.32717e-05
0.000626149
0.000253655
0.000194507
0.000149377
0.000197262
0.000568369
0.000437558
0.000286573
0.000176836
7.18444e-05
0.000824808
0.000723955
0.000410603
0.000266563
0.000164944
0.000312269
0.00044811
0.000516404
0.00059786
0.000226011
8.96097e-05
0.000289546
0.00153823
0.000746157
0.00070197
0.000631196
0.00017676
0.000170033
0.000242698
0.000193224
0.00128964
0.00128031
0.00150533
