# 1 157 (number of hyperplane, dimensionality of hyperplane)
# 0 (added bias feature? 0:no 1:yes)
-0.000403408
0.000120697
0.00166641
0.000181656
-0.00149495
-0.00028516
-0.000500212
-0.000168453
-5.28404e-05
-0.000298767
-7.25932e-05
0.000104423
4.80606e-05
5.12672e-06
0
-0.00158023
-0.000203222
-0.000168129
-0.000144261
-0.000254884
-0.000338388
-0.000234162
7.66871e-05
-0.000124081
6.62324e-05
-0.000212539
0.00124235
0.00101585
0.00026742
0.00026852
0.000279062
0.000628091
0.000904919
1.28044e-06
0.00116406
0.00218462
0.00220082
0.000149669
0.000192906
8.93919e-05
0.00171672
0.00181774
-0.00019936
-0.000544999
0.000735203
-0.00194565
0.00242799
0.000874823
0.000182553
-0.000803731
0.000901199
0.00199281
7.71719e-05
0.00160383
0.00194665
0.00114706
0.00134345
0.00177572
-0.000801633
-0.000116432
0.00142737
-0.000128826
0.000852477
0.00330435
0.000126462
0.00135146
0.000920268
0.00155147
0.00181194
0.00358691
0.00243896
0.00140099
0.000354829
0.00127712
0.00171402
0.00390086
-0.000970306
-0.000372609
0.00224836
0.000735805
-0.00261199
0.0011546
0.00139878
0.00011545
5.43393e-05
0.000293837
0.00021465
0.00026404
0
-0.000240044
6.35943e-05
4.04497e-05
2.54588e-05
0
0.000534275
0.000288606
0.000312581
0.000403885
7.81207e-05
-0.000563927
-0.000659962
-0.00164483
-0.00110267
-0.000556837
0.000843198
0.000760934
3.29538e-05
0.000502355
-2.97377e-05
0.0009741
0.000479154
-0.00031538
-0.00153971
-0.00108921
-0.000523172
0.000644152
-0.000389602
-0.00028569
-0.000849042
-0.000913972
0.00156253
5.22039e-05
4.91189e-05
0.000733679
-5.05804e-05
0.00231498
0.000312319
0.000235348
0.000573985
0.000136055
0.000787727
-0.00217131
0.00219221
0.000817944
0.00106029
-0.00120326
-2.74845e-05
0.00151285
0.000218425
0.000635483
0.000657192
-6.42327e-05
-0.00146334
0.00014677
0.000507703
8.65011e-05
0.0014101
0.00056612
0.00168007
0.00047659
0.000952742
0.000840665
0.000272256
0.000539379
-0.00146743
0.00269835
-0.000254676
