# 1 157 (number of hyperplane, dimensionality of hyperplane)
# 0 (added bias feature? 0:no 1:yes)
0.000126374
-0.000100714
0.000465917
-0.00235244
0.00169121
0.000281183
0.000600224
-0.00367002
-0.00374623
0.00120575
-0.00217397
-0.000293958
0.00176416
0.000699265
0.000397028
-0.00135981
0.00145629
-0.00212714
-0.00234437
1.95644e-05
-0.000142662
-0.00106003
0.00250101
0.0024965
0
0.000123092
-0.000231306
0.000801009
-0.000382758
0.00309728
0.0001904
-8.56875e-05
0.000221686
-0.00025552
-0.00134909
9.87463e-05
-5.06938e-05
-5.78296e-05
7.5634e-05
0.000336908
0.000221997
-7.62203e-05
3.00538e-05
4.27873e-05
0.00093336
0.000183207
2.94598e-05
3.30126e-06
-3.45723e-05
0.000220281
0.000175651
-0.000115512
0.000408745
0.0001697
-0.00204739
-7.80764e-05
-0.000130949
0.000225624
-3.84072e-07
0.000755618
0.000338991
-0.000102982
-3.48126e-05
6.448e-05
0.000242115
0.00010064
3.71037e-05
0.000644492
-5.00438e-05
-0.000126086
-2.41151e-05
0.000156814
5.03419e-05
-3.34357e-06
1.68736e-05
0.000132916
-2.23507e-05
7.65728e-05
-0.000219446
0.000296603
8.56628e-07
0.000434573
-0.00201795
0.00154978
0.000598451
0.000349665
-0.00367354
-0.00348461
0.00118497
-0.00247828
-0.000120658
0.0017477
0.00143517
0.000364403
-0.00119232
0.00145857
-0.00215898
-0.00205508
9.38464e-06
-0.000167754
-0.000923419
0.00224354
0.00232135
5.37661e-05
0.000622827
-0.000350593
0.000986643
-0.000302541
0.00258263
0.000143861
0.000152217
0.000282628
-7.48292e-05
-0.00146855
5.4678e-05
9.89708e-05
-5.75929e-05
0.000295711
-0.000253629
0.000308286
-0.000114672
0.000158461
0.000221603
0.000460259
0.000135679
0.000228595
9.8612e-05
3.28013e-05
-3.95323e-05
-0.000119521
-0.000150569
0.000792249
-7.74262e-06
-0.00146502
4.42077e-05
-7.54158e-05
0.000651499
0.000145895
0.00084789
0.000431452
-0.000122685
0.00011798
-0.000164997
0.000219667
0.000220015
-0.00021741
0.000344852
2.79352e-05
-0.000221559
2.11798e-05
0.000207157
0.000263003
-1.61475e-05
-1.0685e-05
-1.17742e-05
-9.59693e-05
7.16938e-05
