# 1 157 (number of hyperplane, dimensionality of hyperplane)
# 0 (added bias feature? 0:no 1:yes)
0.0121788
0.00183554
-0.0322918
0.0164045
0.00502727
-0.0156128
-0.0421505
-0.0543406
-0.00566443
0
-0.0206735
-0.0263045
0.00815378
-0.00183969
0
0.0150636
0.0154824
0.0116788
0.000921232
0
-0.000420511
-0.0271732
-0.0306485
-0.0129594
-0.0155554
-0.0120579
0.00746362
-0.0205457
0.0224283
-0.0235398
0.00380109
0.0213832
-0.00243173
0.00505187
-0.0150747
0.00900419
0.00172443
0.0118996
-0.00734829
-0.0114328
0.00343391
0.00705515
0.00078658
-0.00719237
-0.000249244
-0.00297676
0.00429229
-0.00086351
0.0103881
-0.00342083
0.00368124
0.00404371
-0.0021596
-0.00413438
-0.000437848
-0.00200908
-0.00479927
0.00122597
0.00263862
0.0192629
0.00313722
-0.00183164
0.0200435
-0.00586613
0.0118185
-0.00901861
0.00909916
0.0557968
0.00860158
0.0118499
-0.00343122
-0.00364418
-0.00013879
0.00233443
0.0011417
0.0179233
-0.00840141
0.0111868
-0.00341847
0.0049179
0.00498842
-0.0233868
0.011397
0.00253082
-0.0150984
-0.0129737
-0.0130267
-0.0206694
0
-0.00313584
-0.0136052
0.00445641
0.000531956
0
0.00973333
0.0098801
0.00735165
0.000907902
0
-0.00743315
-0.0184505
0.000907485
0.000923721
0
0.000495451
0.00227048
-0.000183174
0.0173634
0.00597004
0.000561302
0.011421
-0.00031646
-0.00355413
0.00768991
0.00521426
0.0123379
0.0114485
-0.0163031
0.004822
0.00438618
0.0190443
-0.00151885
-0.0109931
0.011242
-0.00265003
0.0190709
-0.00442366
0.00372158
-0.00201673
-0.00695934
0.00780198
-0.000137575
0.00401513
-0.019414
-0.00402054
0.00128541
0.0079243
-0.00142815
0.00397157
-0.000223289
0.00108391
0.0106746
0.000921732
0.00599575
-0.0064607
0.0112665
0.0284945
0.000599813
0.00648516
-0.00991711
-0.00348552
-0.0066691
0.00223496
-0.00188953
0.00209329
-0.000798137
0.00222661
