# 1 157 (number of hyperplane, dimensionality of hyperplane)
# 0 (added bias feature? 0:no 1:yes)
-1.09862e-05
2.1218e-05
3.06347e-05
-1.2146e-05
2.40284e-05
-2.75861e-05
-2.69288e-05
-4.14536e-06
-6.03322e-05
3.79894e-06
7.63317e-06
7.32184e-06
9.68403e-06
5.46594e-06
0
2.27833e-05
1.58999e-05
1.58766e-05
6.22093e-06
4.97565e-09
-2.90546e-05
-1.57403e-06
1.42276e-05
-1.57416e-05
0
5.04507e-06
2.06998e-05
4.13701e-05
-2.61153e-05
4.97977e-05
-1.76103e-06
-6.11863e-06
3.98962e-06
9.64368e-07
4.86439e-05
-1.14533e-05
-1.88775e-06
6.84211e-06
-4.63193e-06
4.14694e-05
4.97414e-05
-1.05413e-05
2.16052e-05
5.79577e-06
-3.3271e-05
2.9607e-05
-3.62722e-06
9.59359e-06
5.06458e-09
-4.22877e-05
2.06727e-06
5.07971e-06
-1.5346e-06
1.92232e-06
3.453e-05
-2.88808e-06
9.38826e-06
-3.98153e-06
8.83876e-06
4.94532e-05
-1.15462e-06
-1.2957e-05
-4.43652e-06
6.57543e-06
-7.91592e-06
7.02404e-06
5.40099e-06
4.56162e-05
1.11274e-05
8.90612e-07
-1.39239e-05
-8.76849e-07
1.92708e-06
6.04468e-06
-6.46647e-06
6.86898e-06
9.4808e-06
-8.77947e-06
6.49068e-06
-4.66615e-08
2.46865e-05
1.563e-05
-3.91069e-05
6.05268e-06
-3.31334e-05
-1.92507e-06
1.01032e-05
4.01907e-06
0
1.30107e-05
1.12445e-05
1.49404e-05
4.48802e-06
0
1.7738e-05
1.42921e-05
1.22555e-05
7.86294e-06
1.67789e-06
-3.62944e-05
-2.30578e-06
8.95908e-06
1.11657e-05
0
-3.6789e-06
2.99482e-05
3.48069e-05
-1.26286e-05
8.81398e-07
-2.89298e-06
-1.5155e-06
-6.71884e-07
-2.56752e-06
3.31717e-05
1.78242e-06
2.27097e-06
-1.51442e-05
-1.63081e-05
1.61247e-05
5.09765e-05
-9.20813e-06
7.51737e-06
-6.22506e-06
-5.45287e-05
3.5891e-05
1.71257e-06
9.20426e-06
-1.13575e-05
-4.18726e-05
1.9393e-05
-9.96524e-07
-9.76676e-06
-1.4703e-05
1.72286e-05
3.51032e-07
7.44996e-06
6.39047e-07
-1.61333e-05
2.06033e-05
6.60555e-06
-1.3177e-05
-1.795e-05
2.46498e-05
-4.82642e-06
1.18762e-05
1.28134e-05
3.27816e-05
-8.33788e-06
-1.47689e-05
1.86247e-05
-6.9466e-06
-1.1336e-05
2.99655e-06
8.78537e-06
-6.97901e-06
-4.08531e-07
-8.91826e-06
