# 1 157 (number of hyperplane, dimensionality of hyperplane)
# 0 (added bias feature? 0:no 1:yes)
-0.00227462
0.00347601
-1.81481e-05
0.00245281
0.0224312
0.0034723
0.0255499
0.0895846
0.0291146
0.00771852
0.0370697
0.0252364
0.0591165
0
0
0.100762
0.0254701
0.0344816
0
0
0.0410869
-0.0347012
-0.0357137
-0.067481
-0.0222618
-0.000696977
0.00253384
0.000351797
0.00156429
-0.0524488
0.000181208
-0.000699505
-0.0021263
0.000144639
0.000263409
-0.00291224
0.00143752
0.00313459
0.00244079
-0.00479701
0.0558891
0.0017408
-0.00257547
0.00139213
0.000335663
0.025746
-0.00143043
0.00320024
0.00623504
-0.00247299
-0.000629492
-0.00077255
0.00141853
0.00479808
-0.004431
0.000196814
-0.00033301
-0.000543137
-0.00170946
0.0022391
0.00086341
-0.00429631
0.00249239
-0.000765397
0.00018353
0.000706299
0.000546958
0.0121621
0.00247705
0.00167781
0.00213423
-0.00038854
-0.000101946
-0.000146451
0.000407055
0.00171119
0.0029634
-0.00182542
0.0128655
-0.00318466
0.00276986
-0.00359003
0.00138193
0.0100443
0.00394655
0.0343298
0.075613
0.0357888
0
0.0344193
0.0241648
0.0566065
0
0
0.104311
0.0199849
0.0270557
0
0
0.0392982
-0.0307384
-0.0462006
-0.0823907
-0.0221821
-0.00206496
-0.00170784
-0.00403256
-0.00108665
-0.0406068
-0.00309698
-0.00264833
-0.00311254
-0.00201636
0.00374972
-0.00110441
-0.00167039
-0.00608942
-0.00363348
0.00209973
0.0541124
-0.00428442
-0.00930868
0.00248612
-0.00336224
0.0300318
-0.00828567
-0.00610817
0.00488973
-7.75354e-05
0.00334663
-0.00197189
-0.00343433
-0.00534756
-0.00651795
6.84087e-05
0.000733816
-0.00338002
-0.00279975
-0.00114648
-0.00135973
0.00789901
3.08437e-06
-0.00320495
0.000689965
-0.00212934
-0.00571744
-0.00242823
0.00160422
0.00207703
-0.00264888
-0.00242427
-0.00395129
0.00206141
-0.00114838
-0.00542707
-0.00390558
-0.00163417
