# 1 157 (number of hyperplane, dimensionality of hyperplane)
# 0 (added bias feature? 0:no 1:yes)
-0.00231711
0.000437123
0.000329327
0.00124817
0.000803208
0.000134417
4.43659e-05
0.000134117
0.000128683
4.07758e-05
0
0
0
0
0
0
0
0
0
0
9.9567e-05
-0.000360362
-0.000190366
-0.000211698
-0.000108207
0.00208128
0.00258751
0.000834895
0.00134123
-0.00037083
0.00539004
0.000779862
0.00139368
0.00289841
0.00122557
0.00182922
0.00212555
0.00302451
0.00332581
0.000884534
0.00525
0.00458981
0.000565628
-0.000196491
-0.001395
0.00306433
0.00560366
0.000535335
0.000589201
-0.000414575
0.00296337
0.0033514
0.00325454
0.00371851
0.00154656
-0.00252472
0.00117103
0.00220144
0.00235223
-0.000357454
0.00214805
0.00238713
0.00279569
0.00334505
0.00226248
-0.000118884
0.00226135
0.000867812
0.000439568
0.000317922
0.000870288
0.000644338
-0.000458658
0.000516196
-2.43472e-05
-0.00107872
-0.00253819
0.00195362
0.00579256
0.000692074
-5.56729e-05
0.00016634
-0.000108654
-0.000177054
0.000236576
0.000180737
0.000140194
0.000149443
0.000124636
0
0
0
0
0
0
0
0
0
0
0.00020786
0.00011953
6.82653e-05
7.596e-05
2.72707e-05
-0.000457742
0.000704008
0.000482903
9.12603e-05
0.000212163
0.00220144
0.000621452
0.00137384
0.000218317
0.000372013
0.000175857
0.00116194
0.00104621
0.000851263
0.000666592
0.00103687
0.000795515
0.000268695
0.000911203
0.000970302
0.00031806
-1.7147e-05
-0.000593265
0.000257993
0.00109984
0.000984449
-0.000661344
-5.57584e-05
0.000116268
0.000317072
0.000247941
-0.00261188
-0.000914167
0.000144781
-7.97101e-05
0.000761488
0.000801162
0.000625495
0.000668446
0.000250572
0.000530769
-2.8275e-05
0.00316043
0.00088234
0.000671473
0.000910291
-0.000183443
0.000502651
-5.83671e-05
0.000451318
-0.00139042
0.0019509
0.00305926
