# 1 157 (number of hyperplane, dimensionality of hyperplane)
# 0 (added bias feature? 0:no 1:yes)
0.00178068
0.00193141
-0.00161013
-0.00516674
0.000796815
0.000167566
-0.000132552
-0.000621349
-0.000307937
-0.000142443
0.000734264
0.000994411
0.00100119
0.000492145
0
0.00043794
0.000829343
0.000595059
0.000125334
0
0.000857976
0.000868405
0.00071519
0.000476488
0
0.00080059
0.000242602
0.00112102
0.00164498
0.000679273
0.00197557
0.00181873
0.000484156
0.00109294
0.00239176
0.00135163
0.00147909
0.00177567
-0.00136563
0.00265264
-0.00030838
-5.82373e-05
0.00380689
-0.00153467
0.000412937
-1.67618e-05
0.000261229
0.00513313
-0.00048009
0.000675837
0.000907906
0.00211737
0.00448947
0.000183242
0.00223262
0.0022075
0.002273
0.00225058
0.0030925
0.00235057
-0.000100076
-0.000844917
0.00113195
0.000976215
0.000977722
-0.00111968
0.00239013
0.00269709
0.00220262
0.00151254
0.001983
0.00260445
0.00127502
0.00084716
0.00034138
0.00556259
0.00581245
0.00581534
0.00404265
4.66859e-05
-0.000900457
-0.00258824
-0.000387359
0.00019084
0.000126963
-3.8889e-05
-0.000491181
1.48308e-05
0
-0.000148214
-0.000182313
0.000141326
0.000180031
0
-0.000217473
-0.000494169
-0.000128007
8.02303e-05
0
-3.91223e-05
0.000236216
0.000207783
8.63698e-05
0
0.000279955
-0.000709005
0.000627521
0.000418322
0
0.000491918
0.000412435
0.000907373
0.000510994
3.21906e-05
-0.000137797
0.000334851
0.000690613
0.00084061
0.000222793
-0.000199932
-0.000222138
0.000258249
0.000404788
4.96022e-05
0.000533313
-0.000532922
0.000179661
0.000144342
2.59969e-05
0.000670275
-0.000891308
0.000895181
0.00115581
9.23274e-05
0.000561359
-0.0003324
0.000430264
0.00175506
0.00016009
2.03137e-05
0.000132038
-0.000491636
-0.00120922
-0.000425442
0.000463078
0.000175791
0.00284664
0.000653636
0.000192322
0.000676252
0.000388707
0.000504281
0.000495753
0.000875279
0.00241502
0.00267414
0.00336135
