# 1 157 (number of hyperplane, dimensionality of hyperplane)
# 0 (added bias feature? 0:no 1:yes)
-0.00567991
0.00561028
-0.0120327
0.00794689
-0.0110925
-0.00422627
-0.0079923
0.00604905
-0.00319435
-0.000483918
-0.00695723
-0.00806589
-0.0021792
0.0017595
0
0.000127422
0.00288213
-0.000762381
0.00318751
0.00331804
-0.00994083
0.00282062
0.000435939
-0.00183112
0.00129047
0.00579776
0.00686956
-0.000362635
-0.0020806
-0.00124302
0.00713882
0.0160983
-0.0109331
0.00248277
0.0101464
0.0139878
-0.00816374
-0.00778066
0.0135412
-0.0159627
-0.00487444
0.0149106
0.00666144
-0.000581575
-0.000239226
-0.00618139
0.00336955
0.00489192
0.00719111
0.0303686
-0.00257142
-0.0099984
-0.00128448
0.010325
-0.0019528
0.0026626
0.00849972
-0.0102859
0.0150752
0.0189728
0.00922989
-0.0111448
0.0058641
0.000614774
-0.00929629
0.0192461
0.0138513
0.0250468
-0.00142774
0.0111767
0.0136531
0.00960615
0.00174281
-0.00143903
0.00329578
0.00695008
-0.00808486
-0.0082281
0.0059147
0.0149647
0.0111027
0.00443022
-0.000540143
-0.00489137
0.000748892
0.00151592
0.00134745
0.00332685
0
0.000544665
-0.00491653
0.00198
0.00377836
0
0.00239596
0.00552948
0.00448637
0.000522831
0
-0.00873307
-0.0126207
-0.00673031
-0.000656287
0.000797641
-0.00243965
-0.010225
0.00519013
-0.0168041
-0.0049958
-0.00845069
-0.00333829
0.00178578
-0.0165102
-0.0064459
0.00428697
-0.00579119
0.0098348
0.00413714
-0.0229164
0.00610469
0.00444603
0.00065392
-0.0117895
0.0207751
0.0142534
-0.00655319
-0.0139202
0.0164043
0.0327939
0.006289
0.00345302
-0.0112599
0.00687477
-0.0059962
0.00734842
0.00517524
-0.0127717
0.0112111
0.014374
0.0103174
-0.00285375
-0.000612713
0.00374073
-0.00529621
0.0162204
-0.00484253
0.0102683
0.00106782
-0.00536076
0.0194205
0.00613604
-3.89075e-05
-0.00952169
-0.00757161
-0.00469439
0.00761677
0.00207296
