# 1 157 (number of hyperplane, dimensionality of hyperplane)
# 0 (added bias feature? 0:no 1:yes)
-0.00135467
-0.00179311
0.00514311
-0.00431307
-0.00739109
0.0112837
-0.0133232
0.0154622
0.00847809
0.134488
-0.0414741
0.0313767
-0.0236537
0.00526381
0.00209631
-0.0131931
0.0225242
0.0141311
0.0147937
0.012408
0.000830039
-0.00667501
-0.00581033
0.00490187
0.15444
-0.00301743
0.00139633
0.00749827
-0.00400514
0.0200722
0.00305069
-0.00781233
0.00531033
-0.000223715
-0.0072566
-0.0041371
0.00812398
-0.00829441
0.000799573
0.00291498
-0.00271377
0.00451603
-0.00156463
-0.00241818
0.00227645
-0.000751326
-0.000609931
-0.00137973
0.000102282
-0.00333518
0.00402182
-0.00088933
-0.00103271
0.00495863
-0.0111769
-0.00401471
0.00514322
0.00200695
-0.00132016
-0.00429007
-0.000679875
0.0197583
-0.0112359
0.00603547
-0.00121339
0.000554243
-0.0055221
0.0223523
0.0131521
0.00515605
-0.00299007
-0.000794358
0.00141547
0.00491727
-0.00102706
-0.0031933
0.0258209
0.00933876
0.0217294
0.000151366
-0.0135989
0.00230366
-0.013433
-0.0402946
0.0238049
-0.047229
0.0666265
0.0111922
0.0146987
0.00891573
0.016332
0
0
0
0.0199269
0.0164185
0.00134978
0.00142648
0.00119644
0.00728532
0.00625082
-0.055295
0.282138
0
0.00447736
-0.00687638
0.000964339
0.000761739
-0.026095
0.0126475
-0.0211079
-0.0045176
-0.0174754
-0.00704253
0.00685091
-0.00904211
-0.00714428
-0.0209813
-0.00283136
0.00421996
-0.00200551
-0.0148954
-0.00496157
-0.0214399
-0.00504334
-0.00774166
-0.00693327
-0.012364
-0.0123533
0.000519173
0.00611218
-0.0169341
-0.00212931
-0.032226
-0.00390755
-0.00643682
-0.0110483
-0.010049
-0.0188439
0.00191217
-0.0139959
0.0105685
-0.00452724
-0.00371512
0.00584596
0.00519966
0.00417198
-0.0017646
0.00246137
0.00179158
0.00132781
-0.00243732
-0.00111528
-0.000945224
-0.0060401
-0.0066169
0.00131994
