# 1 157 (number of hyperplane, dimensionality of hyperplane)
# 0 (added bias feature? 0:no 1:yes)
-0.000779705
-0.00113143
0.00111052
0.00274835
0.00267771
0.000293515
0.000154756
-1.69474e-05
-0.000206033
-0.00067386
-0.000991446
-0.00124285
-0.00096243
-0.00129112
-0.00201763
-0.000432948
-0.000414937
-0.000359744
-0.000394758
-0.000933069
-0.00025702
-4.83426e-06
3.9909e-05
-5.78721e-05
-0.000578676
-0.0023422
-0.00107114
0.00130644
0.0010122
0.00228334
0.00361008
0.0033013
0.00058959
0.00410568
0.00210652
0.00164982
0.00292761
0.00367983
0.000145652
0.000505917
-0.00495324
-0.00231262
-0.000512792
-0.000818747
-0.00349077
-0.00547762
-0.00242205
0.000823586
0.000656625
-0.00194192
0.00416145
0.000891816
0.00327092
-0.000409015
-0.0010242
0.00424083
0.0035321
0.000240877
0.000631956
0.00288406
0.00130397
-0.000477971
-0.000330133
0.000434743
0.00272329
-0.00147448
0.00457374
0.000734154
0.00233005
0.00325578
0.00358469
0.00232101
0.00223291
0.00231209
0.00270035
-0.00120566
-0.00106606
0.00188702
0.00529126
-0.00134779
0.000700629
0.000867666
0.00046285
0.000597485
-0.000433599
0.000508656
0.000221061
2.21354e-05
-9.36282e-05
0.000422926
0.000172549
0.000141189
0.000165927
0.000294843
0.000891431
0.000478306
0.000223651
0.000150307
0.000333069
-0.000517954
-6.04302e-05
-0.000124825
-0.000329401
-0.000652309
-0.00115083
-0.000980437
-0.000487224
-0.000571184
-0.00195015
0.00109684
0.0019373
0.00171495
0.00113687
0.000527516
0.0011392
0.00142345
0.000718014
0.000305015
0.000812675
0.000338111
0.000104118
0.000204365
0.000369555
-0.000661146
0.000373567
0.00106061
0.000391942
0.000108043
-0.000509748
-0.000204295
-8.39751e-05
-3.66248e-05
-0.000434746
-0.0012248
0.000994566
0.00174777
0.00106884
0.000792401
0.000311726
-9.26536e-05
-0.000959492
-0.00198785
-0.00221558
-0.000132009
4.08845e-05
0.00110307
0.00092671
0.000892283
0.000961444
0.00132968
0.000764777
0.000998646
0.00133163
0.00129108
-0.000156292
0.000126899
3.17247e-05
