# 1 157 (number of hyperplane, dimensionality of hyperplane)
# 0 (added bias feature? 0:no 1:yes)
-0.00502478
0.00220706
-0.000732312
-0.000654633
0.0303367
0.0222365
-0.0285718
0.00103835
-0.00997404
0
-0.0187761
0.0132187
0.0397692
-0.0732141
0
-0.0265958
0.103211
-0.0469207
-0.028373
0
-0.00177711
-0.0186894
0.0224011
0.00143855
0.00110758
0.00648031
0.00310908
-0.00528099
0.00116931
-0.0071414
0.000464564
0.00581966
0.00106892
-0.00373871
0.0128736
0.00889973
0.00198583
-0.00802824
0.00563153
0.0080245
0.00289486
0.00145625
0.00546312
-0.00884732
0.0705955
-0.00459027
-0.00697948
0.00556253
-0.0026229
5.15335e-05
0.0102388
0.00136358
-0.000399356
-0.000738126
0.0431457
0.00286459
0.000107021
-0.0052328
0.00509493
0.00818967
0.00580793
-0.0012122
0.00275907
-0.00167181
0.0115865
-0.00600308
0.00301163
0.0103987
0.0218097
0.00487867
0.00810299
-0.00189394
-0.00609011
-0.00117284
-0.00108993
0.000900947
-0.0168366
0.0173974
0.0087457
-0.00156309
0.00310858
-0.0104074
-0.00391274
0.0247252
0.019828
-0.0249265
-0.0178569
-0.0133033
0
-0.00562391
0.0239698
0.0415385
-0.101886
0
0.0390497
0.0532532
0.00375489
0
0
0.0251415
-0.0331492
0.0171923
0.00771587
0
0.00699384
-0.000428213
-0.00472757
-0.00120814
-0.00408633
-0.0021258
0.00116082
-0.00207932
-0.00512919
0.0139108
0.00650501
-0.00233197
-0.000550483
-0.00243408
-0.0122076
-0.000303991
0.00279807
0.0151396
-0.0162059
0.0422423
0.0059035
0.000387992
0.00316555
-0.019329
0.0133687
0.00166999
0.0128387
-0.00949337
-0.0089736
0.05668
0.00622365
-0.00658441
-0.00567665
-0.00551972
0.0146284
0.00690421
0.000537433
-0.00141341
-0.000471003
0.00407186
0.00294241
-0.00489014
0.0217417
-0.00174765
0.000930879
0.00703112
0.00950376
-0.00213452
0.000566021
0.00176483
-0.0146574
-0.00560747
-0.00577043
