# 1 157 (number of hyperplane, dimensionality of hyperplane)
# 0 (added bias feature? 0:no 1:yes)
0.000158329
0.000433333
0.000493136
4.2952e-05
-3.75782e-05
2.97272e-05
-1.86753e-05
0.00022945
-3.31218e-05
-6.65241e-05
8.70063e-05
0.000269263
0.000256885
9.14833e-05
-4.4475e-05
0.000131085
0.000240674
0.00010822
-3.35368e-05
-6.33496e-06
6.11745e-05
1.92805e-05
0.000146156
4.4385e-05
-3.08785e-05
0.000275325
0.000182689
0.000412143
0.000495184
1.70831e-05
0.000289978
0.000556395
0.00120929
0.000726609
3.50367e-05
-3.20598e-05
0.000206528
0.00108835
0.000772765
0.000111425
-0.000400318
0.000630987
0.00101929
0.00075815
7.04957e-05
-0.000157469
-8.98885e-06
0.000394249
0.000344052
6.21875e-05
0.00022302
0.000382863
0.00120682
0.000960467
0.000121425
0.000509139
0.000735773
0.00132739
0.00118575
0.000225477
0.00265107
0.00186732
0.00244348
0.00301537
0.00116213
0.0015468
0.00224489
0.000745895
0.00117021
0.00138705
0.00148647
0.000813363
0.000902495
0.00140203
0.00157388
-0.000889917
-0.00115267
-0.00112149
0.00400517
0.00030413
9.02165e-05
0.000233692
0.000320287
9.01318e-06
-5.62495e-06
7.55795e-05
4.21973e-05
0.000208625
7.58342e-05
9.78681e-05
9.46893e-05
3.5365e-05
1.71967e-05
1.8892e-05
2.194e-05
1.92264e-05
1.63186e-05
3.6548e-06
0
0.000117888
2.96081e-05
0.000101433
3.81249e-05
-5.27907e-06
0.000324456
0.000428265
0.000229867
0.000389233
7.06104e-05
0.000391094
0.000295284
0.000325085
0.000324935
1.54159e-05
0.000235264
0.000276441
0.000148809
0.000184683
-3.47169e-05
0.00021775
0.000283968
0.000227902
0.000341743
2.46126e-05
0.000276889
0.00026224
7.13356e-05
6.65933e-05
-9.51724e-05
0.000346299
0.000282768
0.000373724
0.000271228
-3.14997e-05
0.000265932
0.000322469
0.000454006
0.000373662
-4.20003e-05
0.000739813
0.000715774
0.000584284
0.00054264
0.000456147
0.000294689
0.00122821
0.00153746
0.000613692
0.000455835
0.000741686
0.000340764
0.000280584
0.000241155
0.000214374
0.00124593
0.000893824
0.00166768
