# 1 157 (number of hyperplane, dimensionality of hyperplane)
# 0 (added bias feature? 0:no 1:yes)
0.00200126
-0.0104079
-0.00175051
0.0108214
0.168263
0.0265606
-0.0383515
-0.0103392
0.000970914
0
0.0913267
0.0530246
0.0151488
0
0
0.0900299
0.103573
0.042271
0.0155739
0
0.037295
-0.00732835
-0.0271451
0.145437
0
-0.0128518
-0.00511722
0.024053
-0.000637714
0.124875
0.0192516
-0.0151582
-0.00922715
-0.00468701
0.0758088
0.00861381
-0.00341215
0.00165883
0.00890469
0.012741
0.0178534
-0.00120117
0.000991312
-0.0152723
0.00470791
-0.00941011
-0.00835219
0.0311042
-0.0137992
0.0182853
-0.0226268
0.00359187
-0.00969343
0.00540922
-0.0425531
0.000473918
0.00168476
0.0135394
0.00380001
0.0307952
0.012186
0.031805
-0.00579623
-0.00985428
0.00497555
0.00749067
-0.0126259
0.245222
-0.012553
0.0176077
0.0109266
0.00874605
0.00607165
-0.0105637
0.00542451
0.00791764
-0.0288589
0.0323317
0.0376308
-0.00740581
-0.0202172
-0.0125413
-0.02701
0.205925
0.0377989
0.0364
0.0219506
0
0
0.131534
0.0853704
0.0272227
0
0
0.108888
0.118792
0
0
0
0.0843958
0.0189607
0.0252017
0.0486771
0
0.00430666
-0.0179269
0.00170717
-0.0392562
0.117371
-0.00357724
-0.0104942
-0.0261435
-0.0191518
0.137475
0.00317658
-0.00506925
-0.0156002
-0.0150667
-0.00104927
-0.000818332
-0.00968587
-0.0459498
-0.011071
-0.0349192
0.00739718
-0.0181867
-0.0267053
-0.0188674
-0.0902128
0.00776052
-0.00162731
0.0146981
0.0144823
-0.0316872
-0.0105935
-0.0153691
-0.0329757
-0.00884741
-0.145259
-0.00874218
0.0376939
-0.0167567
-0.0111916
-0.0231865
0.0150056
0.00993288
0.0123248
0.0123079
0.00053981
0.00348043
0.000930589
0.000590064
-0.0204285
-0.000601152
-0.00556278
-0.0069181
0.00416986
