# 1 157 (number of hyperplane, dimensionality of hyperplane)
# 0 (added bias feature? 0:no 1:yes)
-0.00598535
-0.00298528
0.00908855
0.00688643
-0.00832744
0.00375521
-0.0107415
-0.000282804
0.0222422
-0.00171243
-0.000846131
0.00706724
0.00619307
0.00324971
0.000224564
-0.0104931
0.0079041
0.00647387
0.0146065
-0.00733252
-0.0204329
-0.00378856
-0.00172056
-0.0170983
0.000454017
-0.00261461
0.00514865
0.00306346
-6.31861e-05
-0.00859375
-0.000716565
-0.00589339
0.00419445
-0.00147784
0.00676751
0.0132707
0.00425614
-0.000359233
0.0027169
-0.0142058
0.0027856
0.000988483
-0.0112501
-0.00453182
0.00741714
-0.0113262
0.00937752
0.00891036
-0.00611043
-0.000702456
0.00638595
6.82783e-05
-0.00662539
0.00630191
0.0226708
0.00339509
0.00266183
0.00508933
-0.0077476
0.0099316
0.00554557
-0.00577917
0.00588456
0.00602764
-0.00229845
0.00814883
0.0038976
0.0197268
-0.000748606
0.0135924
0.0136232
0.00888672
-0.000618707
0.00101204
0.00427721
0.0172367
-0.0131123
0.000583243
0.00958195
0.00897731
-0.0167246
0.00736569
0.0107493
-0.00549497
0.00901909
0.00500117
0.0042137
0.00858465
0
-0.0029604
0.00762727
0.00180388
2.60185e-05
0
0.00626071
0.0111543
0.011505
0.0176042
0.0017591
-0.01569
-0.00669637
-0.0175646
-0.0122385
-0.0108228
-0.00364111
0.00355908
0.000326729
0.00178499
-0.00944095
0.00150446
-0.00255188
0.00216428
-0.0104653
0.00375694
-0.00354063
-0.000641087
-0.00043124
0.0029406
-0.0120973
-0.00850646
0.00888889
-0.0119489
-0.00309196
0.00876989
-0.00354347
0.0215345
-0.00189049
-0.0102981
-0.00431024
-0.00258246
0.00502988
-0.016839
0.00776847
0.0287736
0.0057333
-0.011472
0.00264701
0.0027986
0.00832648
0.00236793
0.00492275
-0.00136383
-0.00687718
-0.00670408
0.00942453
-0.0014797
0.00625277
0.00155345
0.0138035
-0.00140764
0.00585308
0.00583738
-0.00200203
0.00353325
-0.00720959
0.010649
-0.00675256
