# 1 157 (number of hyperplane, dimensionality of hyperplane)
# 0 (added bias feature? 0:no 1:yes)
0.000594062
0.000357879
0.000131777
0.000192693
-2.47634e-05
3.46117e-05
3.65831e-05
3.23056e-05
1.30416e-05
5.12583e-06
0
0
0
0
0
0
0
0
0
0
-9.3355e-06
7.1758e-06
1.8937e-05
2.37791e-06
2.2222e-06
0.000513534
0.000349714
4.90937e-05
-5.79025e-05
2.54921e-05
0.000624707
0.000586844
0.000536707
0.000456812
0.000237375
0.000444359
0.000965363
0.00087234
0.0012303
0.000322302
0.000766488
0.00106218
0.000793089
0.000752486
0.000236797
0.000761499
0.000820728
0.000925364
0.000884783
0.000487511
0.000495928
0.000831835
0.000860826
0.00108713
0.000600632
0.000580882
0.000553622
0.000694051
0.000509194
0.000108098
0.00039512
0.00104014
0.00146555
0.00188995
0.000227433
0.000174204
0.000820298
0.000387022
0.00108481
0.0011088
0.000961902
0.000382136
0.000377438
0.000421629
0.000439735
0.00132638
0.00124271
0.00118798
0.00241985
0.00025457
0.000121104
3.71819e-05
8.45089e-05
2.43578e-05
1.4615e-05
2.5155e-05
3.62838e-05
1.32069e-05
0
0
0
0
0
0
9.33303e-06
8.18189e-06
1.33335e-05
6.15402e-06
0
1.34482e-05
8.86794e-06
5.00811e-07
9.0078e-07
0
0.000329314
0.000236735
0.000135907
8.1643e-05
1.28633e-05
0.000268622
0.000154995
0.000214719
0.00012595
1.55031e-05
0.000154942
0.000257094
0.000207101
0.000239289
4.38384e-05
0.00018268
0.000210095
0.000155593
0.000224844
5.08815e-05
0.000146838
0.000213824
0.000127273
0.000121695
1.80387e-05
0.000142344
0.000300396
0.000112593
0.000115948
1.53285e-05
0.000355537
0.000259555
0.000266919
0.000119981
5.20086e-05
0.000217755
0.00019548
0.000229886
0.000291522
7.43571e-05
0.00014897
0.0001769
0.000915858
0.000436604
0.000469379
0.000471497
0.00014348
0.000154597
0.000176436
0.000113183
0.000607886
0.000458291
0.00058811
