# 1 157 (number of hyperplane, dimensionality of hyperplane)
# 0 (added bias feature? 0:no 1:yes)
-0.000216362
0.000329487
2.72959e-05
0.000343285
0.00259986
0.000331799
0.00263132
0.00951429
0.00324085
0.000858268
0.00375096
0.00256378
0.00600569
0
0
0.0100965
0.00252624
0.00342004
0
0
0.0045498
-0.00376312
-0.00398162
-0.00672923
-0.00215078
-6.41429e-05
0.000227318
6.55969e-06
0.000194445
-0.00588107
9.16854e-06
-7.41233e-05
-0.000233669
1.36873e-06
3.49887e-05
-0.000288333
0.000142567
0.000334327
0.000297785
-0.000576173
0.00606968
0.000204973
-0.000268712
0.000181164
2.67352e-05
0.00278836
-0.00013967
0.000364945
0.000687194
-0.000251949
-5.37239e-05
-8.07662e-05
0.000104541
0.000513329
-0.000485864
5.90734e-05
-4.74644e-05
-6.03379e-05
-0.000208053
0.000284519
0.000126121
-0.000546084
0.000386474
-0.000135162
3.59313e-05
9.36941e-05
2.2566e-05
0.00128896
0.000205529
0.000204253
0.00016823
-2.84049e-05
8.92371e-05
-9.52855e-05
4.93353e-05
0.000161954
0.000368995
-0.000192412
0.00142799
-0.000333701
0.000274078
-0.000325594
0.000238241
0.00106662
0.000445542
0.00382026
0.00796808
0.00389967
0.000116206
0.00345517
0.00242316
0.0056763
0
0
0.0105887
0.00201926
0.00273369
0
0
0.00409184
-0.00304431
-0.0052498
-0.00840268
-0.00229362
-0.000253557
-0.000172776
-0.000430471
-8.19465e-05
-0.00452645
-0.00040314
-0.000204223
-0.000337716
-0.000198897
0.000497569
-0.000119893
-0.0001445
-0.000648993
-0.000363913
0.00029668
0.00588899
-0.000472403
-0.000989823
0.000264035
-0.000280513
0.0033094
-0.000942132
-0.000666807
0.0004386
6.03782e-05
0.000320113
-0.000203944
-0.000378787
-0.000623544
-0.000637596
3.29972e-05
5.11376e-05
-0.000347996
-0.000285677
-0.000125839
-0.000186787
0.000949687
6.44905e-05
-0.00041357
7.1857e-05
-0.000268695
-0.000737454
-0.000292482
0.000147555
0.000193186
-0.000234398
-0.00025759
-0.00041156
0.000249556
-0.000176099
-0.000638814
-0.000422755
-0.000176768
