# 1 157 (number of hyperplane, dimensionality of hyperplane)
# 0 (added bias feature? 0:no 1:yes)
-0.0739474
-0.0127216
-0.0685298
-0.0292617
0.225236
0.292531
0.211658
1.50453
0.434284
0
0.0702194
0.0879673
0.0730543
0.0332068
0
0.114193
0.0642635
0.0879425
0.00195446
0
0.564046
0.549599
-0.192663
-0.418836
0
0.126731
0.0606181
-0.140444
-0.104561
1.63545
-0.119685
0.00607357
0.0465114
0.143422
0.338835
-0.0197561
0.00142854
-0.0917785
-0.0864313
0.792096
0.0282717
-0.0376522
0.00783675
0.109521
0.0259215
-0.042757
-0.00207081
-0.0100443
0.0641166
0.212902
-0.0718375
-0.00560539
0.046073
0.0677788
-0.153454
0.120152
-0.0205691
-0.0759696
-0.129783
0.590235
0.0310974
-0.070029
0.0797616
0.0182634
0.290472
-0.269453
0.0660226
0.0361266
0.0917642
-0.00728323
-0.0681281
0.0152618
0.0499377
0.0757084
-0.0702238
0.0379251
0.293192
-0.355273
0.348734
-0.387271
-0.260525
-0.243521
-0.0980359
0.558765
0.464385
0.196737
0.147794
0.0479244
0.00350682
0.0268472
0.0141105
0.0119398
0.00542725
0
0.17897
0.092011
0.172442
0.138616
0
0.567825
0.249566
0.127798
0.0838022
0
0.165462
-0.00554434
-0.0443203
0.0315573
1.21089
0.131152
0.0288445
0.148791
-0.0240042
-0.589247
0.122108
0.164408
-0.0220276
-0.185363
0.206912
0.00233916
-0.102434
-0.0463783
0.220296
-0.385437
-0.254271
-0.162238
-0.0786003
0.0351228
-0.0519334
-0.296974
-0.058601
-0.204181
-0.0769646
-0.547287
-0.366682
-0.211028
-0.23029
-0.0729531
0.767992
-0.0209706
0.169926
-0.304538
0.21803
0.109573
-0.135616
0.0153336
0.444312
-0.102576
-0.159095
0.0534955
-0.0508725
0.117225
0.000842713
-0.107616
-0.0362737
-0.0538191
-0.353331
