# 1 157 (number of hyperplane, dimensionality of hyperplane)
# 0 (added bias feature? 0:no 1:yes)
0.00132453
0.000761527
-0.00102075
0.000563558
0.000515564
-0.00125647
-0.00101548
-0.00104538
-0.00144671
-0.00111584
-0.000432143
-0.000353579
-0.00015125
0
0
0.000345319
3.13929e-05
0
0
0
-0.00210923
-0.00184802
-0.000954963
0.000458314
0.000510121
0.000150897
0.00505439
0.00248528
0.00293926
0.00255196
0.000302843
0.00434813
0.00183535
0.00125231
0.0036046
-0.00118165
0.0021262
0.00340206
0.00320495
-0.00181488
0.00108124
0.00221425
0.000812471
0.0131486
0.000961071
0.00250912
0.00233469
0.00370554
0.00398786
-0.00118511
-0.00170571
0.00210708
-0.00589807
0.00458675
0.00286874
0.0019808
0.00152216
-0.00109711
0.00529336
-0.000895652
0.000590118
-0.0034977
0.00133928
0.00433134
0.000883998
-0.000305301
0.00468246
0.00587716
0.00901181
0.0104087
0.0108636
0.00362254
0.00266641
-0.0011565
0.00184442
-0.00134761
-0.00654583
3.87705e-05
0.00446118
-0.00153712
-0.00137678
-0.00149813
0.00010276
0.000394032
-0.000948776
-0.000806815
-0.00103142
-1.77259e-07
0
-5.58272e-05
-4.56777e-05
-1.95395e-05
0
0
0
0
0
0
0
-0.000754455
-0.000590286
-0.000938541
-0.00100335
-0.00258231
-0.00222804
-0.00327651
-0.0028087
0.00301043
-0.00228511
-0.00251288
-0.00072303
0.000134174
0.00251594
-0.00139209
-0.00080158
-0.000445211
0.00055549
-0.00555407
-0.0036208
0.00358826
0.00248251
0.00189699
0.00165053
0.00111206
0.00116246
0.00297605
0.00318181
0.00584896
0.00240126
-0.003758
-0.000494895
0.00156864
0.00374941
0.00146767
-0.000962395
-0.00379603
-0.000338769
0.00417833
0.00106479
-0.000660487
-0.00198278
-0.000684091
-0.000258397
-0.00260271
0.00201769
-0.00261172
0.0099595
0.00369355
0.00395556
0.00382333
0.000351077
0.00039673
0.000279812
-0.00352956
0.00352814
0.00356226
0.00194707
