# 1 157 (number of hyperplane, dimensionality of hyperplane)
# 0 (added bias feature? 0:no 1:yes)
0.000666571
0.000293432
0.000113333
-0.000516744
0
0.000257647
0.000121432
-6.7423e-05
0.000144317
0
2.73236e-05
1.73881e-05
0
0
0
0
0
0
0
0
5.84131e-05
-0.000462475
-0.000641982
-3.24086e-05
0
0.00165859
6.2932e-05
0.00037997
-4.71293e-05
0
0.00225142
0.00204997
0.00148084
-0.00013674
0.000134699
0.00167103
0.00182015
-8.29644e-05
0.000485178
0.000225751
0.000543893
0.00184148
0.0014533
0.00164574
0.000917357
0.000187177
-0.00028074
0.000141633
0.00140857
0.00105896
0.00138499
0.000562052
0.000854786
0.00216277
0.000184043
0.00214403
0.00142673
0.000589921
0.000291847
0.00014889
0.00224944
0.00238462
0.002544
0.00284871
0.001046
0.0012502
0.00165107
0.000389443
0.00128729
0.00177096
0.000236303
0.00113661
0.00018137
0.001523
0.0012908
0.00152748
0.00200759
0.00172459
0.00471355
0.000203606
2.75721e-05
0.000237977
0.000904025
0
0.000298845
0.000101337
3.11827e-05
0
0
9.10786e-06
0
0
0
0
0
0
0
0
0
0.000342178
-6.34506e-05
-9.96556e-05
0.000110848
0
0.000473774
0.000334689
0.000125196
0.000508137
2.73239e-06
0.000680137
0.000671437
0.00010727
-8.14219e-06
4.12438e-06
0.000126249
-0.000767575
0.000136427
-0.000831726
-1.54259e-05
0.000770398
0.00152976
0.000242562
-0.000270515
-6.05609e-05
0.000711649
-1.25506e-05
-0.000289347
0.000509702
-8.60707e-06
0.000453638
-0.000409724
0.0010119
0.000925537
4.20369e-06
0.000608663
0.000968196
0.000771147
0.00124174
2.25053e-05
0.000885129
0.000694094
-0.000291895
-0.00169097
0.000462825
0.000438715
0.00240252
0.00154458
0.000257511
0.00116798
0.00111316
0.000900067
0.000544151
0.00154082
0.000687567
0.000871246
-0.000106742
2.99318e-06
