# 1 157 (number of hyperplane, dimensionality of hyperplane)
# 0 (added bias feature? 0:no 1:yes)
-9.34637e-06
8.69852e-06
-1.92795e-05
3.18249e-05
-8.3127e-05
2.04208e-05
-1.21345e-05
0.000156118
1.42917e-05
-1.72884e-05
8.90844e-06
2.39486e-05
-3.33197e-05
2.87369e-05
1.56999e-07
1.38879e-05
-0.000100446
-4.94401e-05
-5.21214e-05
-1.64464e-05
0.000110538
0.000103035
-7.81491e-05
-0.000145399
-2.03828e-05
-1.92541e-05
-9.23447e-05
6.35295e-05
2.85491e-06
8.46386e-05
0.000167594
0.000148116
0.000243084
2.55217e-05
-2.43254e-06
0.000114896
0.000154152
0.000138171
2.10328e-05
1.3119e-05
0.00018484
0.000208485
0.00017405
0.000157178
-2.62912e-05
0.000375176
0.000209575
0.000357295
0.000388011
9.14524e-05
4.71559e-05
9.78944e-05
6.17624e-05
0.000125403
3.54671e-05
8.22701e-05
0.000446424
0.000206215
-5.85819e-05
-1.43221e-05
1.78074e-05
-1.65503e-05
3.16537e-05
8.54995e-05
0.000169899
-0.000158001
0.000304452
0.000209401
0.000586222
0.000431814
0.000411356
0.000133614
4.73216e-05
-1.35529e-05
4.31156e-05
0.000369583
0.000253007
0.000329031
0.000345103
1.30784e-06
-0.000170947
-0.000177691
4.41119e-05
7.20796e-05
2.70828e-05
3.48084e-05
6.22465e-05
6.53109e-05
3.78246e-06
3.51741e-06
6.24904e-05
8.11641e-05
3.41628e-05
0
-2.63914e-05
2.62215e-05
-3.37684e-05
-9.91017e-05
-2.04429e-06
-3.43457e-05
-6.16091e-05
-4.8704e-06
-4.54978e-05
-9.95878e-06
5.96936e-06
-1.79829e-06
5.86617e-05
-2.1655e-05
-4.7251e-05
4.94304e-06
4.23019e-05
0.000109411
-1.1271e-05
5.84553e-06
-0.000150022
0.00016178
0.000188809
-4.06037e-05
1.33248e-05
-1.0686e-05
0.000325067
0.000121218
-2.73185e-05
2.81873e-05
9.72782e-05
0.000152756
4.94005e-05
7.31867e-05
6.53111e-05
7.19032e-05
-5.71565e-05
-0.000194421
3.69546e-05
6.47239e-05
0.000124002
0.000222519
-7.58056e-05
-0.000104334
1.41567e-05
7.48631e-05
2.97715e-05
-0.000127514
-2.42713e-05
4.37598e-05
3.23119e-05
0.000151787
0.000217374
0.000118976
5.72975e-05
0.000187252
-3.02915e-05
-4.24418e-05
8.63439e-05
8.01198e-05
0.000211234
-4.06729e-05
-0.000116326
