# 1 157 (number of hyperplane, dimensionality of hyperplane)
# 0 (added bias feature? 0:no 1:yes)
0.000528286
-0.00227371
-0.000561009
0.00440095
0.00382071
0.000416414
-6.1252e-05
-8.13347e-05
-0.000255668
-0.000936025
-0.000569227
-0.00184928
-0.00146522
-0.0018762
-0.00307964
-0.000764643
-0.00124667
-0.000937697
-0.000966973
-0.00228559
-0.00129755
0.000683687
0.000566208
0.000754156
0.000864566
-0.00479383
-0.00272187
0.00244542
0.00320813
0.00474637
0.00291898
0.00473798
-0.00177542
0.00440724
0.00194295
0.000221126
0.0053047
0.00698483
-0.00202495
0.00129235
-0.00571614
-0.0032757
-0.000631806
-0.000719942
-0.0050347
-0.00619559
-0.00258461
0.00032877
0.00133466
-0.00301031
0.0052808
-4.12949e-05
0.00530629
-0.000645884
-0.00115364
0.00652
0.00359553
-0.000319181
0.00073019
0.00405601
0.00340069
-0.00102254
-0.000635292
0.00086545
0.00559391
-0.00227846
0.00465366
0.00223596
0.00406777
0.00535617
0.00611195
0.00315404
0.00317356
0.00328133
0.00363938
-0.00122835
-0.00164575
0.00309032
0.00796861
-0.00245319
0.000716701
0.00190409
0.000737418
0.000397005
-0.000868783
0.000889854
0.000337859
-2.41746e-05
-0.000215301
0.000970664
0.000318393
0.000275649
0.000305128
0.000583725
0.000967943
0.000489761
0.000261602
0.000239968
0.0005672
-0.00104288
-0.000269198
-0.000428277
-0.000902711
-0.00178187
-0.00195093
-0.00209612
-0.000207305
6.24091e-05
-0.00256868
0.00213048
0.00266353
0.0018512
0.00101477
-0.000511949
0.00246311
0.00191332
0.00131727
0.000620215
0.00206098
0.000369129
0.000382114
0.00075113
0.00144601
-0.00105225
0.000751173
0.00167469
0.000350545
0.000264583
-0.000772853
0.000886601
-0.00128715
-4.59263e-05
-0.00108457
-0.00129501
0.00143685
0.00268142
0.00172052
0.000729284
0.000825727
-0.000961064
-0.00103158
-0.00286729
-0.00344906
-0.00102953
7.11226e-05
0.00204576
0.000568856
0.00111748
0.00141871
0.00184542
0.000963568
0.00154743
0.0016766
0.00185066
-0.00094617
0.00119314
0.000686941
