# 1 157 (number of hyperplane, dimensionality of hyperplane)
# 0 (added bias feature? 0:no 1:yes)
-0.0033598
-0.0047831
0.00215356
-0.00248759
-0.00264955
0.00205411
0.00171865
0.00126235
0.000598266
0.000459849
-0.00113859
-0.00314012
-0.00429347
-0.00293923
0
0
0
0
0
0
-0.00108678
-0.00313237
-0.00109781
0.000424094
0.000310693
0.00226267
-0.00225233
0.00580725
0.00961277
0.00353145
-0.00258899
0.0101444
0.011851
0.00501994
-0.00609469
0.00803537
0.012153
-0.00327888
0.0168852
0.00643523
-0.0167147
-0.00266084
0.00529556
0.00392228
0.00701019
-0.0139244
0.0041915
-0.00036921
-0.00554191
0.000662034
0.00120042
-0.000896242
0.00573153
0.0156584
-0.00430858
0.00166044
-0.00164148
-0.0100158
0.0108341
-0.00469568
0.0133547
0.00815975
0.0033169
-0.00611158
0.00408382
0.00963109
0.00334003
0.00263803
-0.00438458
-0.00161931
0.00974196
0.00460506
-0.000300849
0.00126579
0.0036794
0.0177202
0.0124605
-0.0102749
0.00812032
-0.00137121
0.000909161
0.00216161
0.00259825
0.000950405
0.0019912
0.00118449
0.000798774
5.24551e-05
0
-0.0044076
-0.002988
-0.00176246
-0.00194341
0
4.14683e-05
0.000106035
9.17103e-05
1.19624e-05
0
-0.00302825
-0.00203094
-0.00170951
-0.00279832
-0.00201779
0.00420183
0.000454091
0.000305239
0.00251488
-0.00312869
-0.0010424
-0.00267474
0.000533835
-0.00409894
-0.00267824
0.00777252
0.00327813
-0.00049412
-0.00547409
-0.00455805
-0.00962965
-0.00733827
-0.000183312
-0.00733164
0.00180991
-0.00512302
0.000637878
0.00268666
0.00952834
0.000943669
0.00464919
-0.00124113
0.00472973
0.00747945
0.00261806
-4.0308e-05
-0.00324522
0.00671857
0.00792051
0.00132774
0.00561523
-0.000949593
-0.00146412
-0.00139793
0.000568425
0.00524292
-0.00712389
0.000818246
0.000910381
0.00292708
0.00666656
-6.18321e-05
-0.00645683
-0.00372704
-0.00136605
0.00203271
0.0114148
0.0037334
