# 1 157 (number of hyperplane, dimensionality of hyperplane)
# 0 (added bias feature? 0:no 1:yes)
-0.00312974
-0.00145778
0.00744572
0.00197619
-0.00755184
-0.0022159
-0.00323565
0.000704371
0.00136802
-0.000801831
-1.53818e-05
0.0020041
0.00139315
0.000238935
6.39046e-06
-0.00741986
0.00136585
0.00104763
0.000703122
-0.00222836
-0.00392518
-0.00260743
-0.000964115
-0.00253878
0.000118499
-0.0015053
0.00388207
0.00266095
0.000373735
-0.00118213
-0.00152749
-0.0020687
0.00362914
-0.00010572
0.0038582
0.00804159
0.00495311
-0.00174498
0.000632264
-0.00456125
0.00296863
0.00093578
-0.00415512
-0.00375695
0.00521493
-0.010034
0.00676383
0.00456239
-0.00125278
-0.00173618
0.00302468
0.00339921
-0.00459904
0.00554566
0.00829486
0.00291608
0.00184683
0.00405856
-0.00335807
0.00252703
0.00295428
-0.00214012
0.00191886
0.00742642
-0.00152991
0.00465844
0.0018974
0.00832879
0.00255411
0.0109014
0.00770871
0.00452856
0.000158514
0.00142339
0.00186479
0.0123571
-0.00611822
-0.0021454
0.0046264
0.0034081
-0.00959802
0.00656297
0.00626393
-0.00160201
0.00103127
0.00168024
0.000745331
0.00132549
0
-0.00212073
0.00110561
0.000355341
0
0
0.00314159
0.00160797
0.00173617
0.00267382
0.000526064
-0.00406806
-0.00247988
-0.00676733
-0.00478342
-0.00318933
0.000632284
0.0027565
0.000642941
0.00181838
-0.000931249
0.00199807
0.00181696
0.001237
-0.00551771
-0.00250004
-0.00342843
0.000874853
-0.000944685
0.00159307
-0.00393489
-0.00494928
0.00291312
-0.00299279
-0.00188912
0.00437043
-0.00243659
0.00988839
-0.000854989
-0.00137186
0.0010344
0.000654674
0.00450145
-0.0102587
0.0061352
0.00604327
0.00318593
-0.00586842
0.00160312
0.00444236
-0.001192
0.00105899
0.00241063
4.0873e-05
-0.00426103
-0.00224037
0.00342758
-0.000884601
0.00397628
0.00102778
0.00622523
0.00121352
0.00234959
0.00219227
-0.000201026
0.00229106
-0.00457921
0.00810885
-0.00186969
