# 1 157 (number of hyperplane, dimensionality of hyperplane)
# 0 (added bias feature? 0:no 1:yes)
0.00110762
0.00135877
0.000702352
0.000303923
0.000160766
4.11003e-05
5.17368e-05
3.82828e-05
2.48766e-05
3.83776e-05
0
0
0
0
0
0
0
0
0
0
6.78193e-05
6.02591e-05
5.40252e-05
4.84522e-05
3.39989e-05
0.000957032
0.00124669
0.000833273
0.00134576
0.000227202
0.00121069
0.00113569
0.00134005
0.000824315
0.000224183
0.000712374
0.00199306
0.00233507
0.00163808
0.000762467
0.00161161
0.00224944
0.00106263
0.000576867
0.000503865
0.00141397
0.00180977
0.000863657
0.000286087
0.000566959
2.86979e-05
0.00106851
0.00145639
0.00111207
0.000680851
0.00113985
0.00137573
0.00153261
0.0012052
0.000984959
0.000534253
0.0016261
0.0024195
0.00307398
0.000259606
0.000285319
0.000506132
0.00174482
0.00138297
0.00149051
0.0013428
0.000920974
0.000851612
0.000897725
0.000959021
-0.000634336
-0.000462448
0.000458056
0.00467822
0.000600126
0.00044548
0.000256648
0.000247822
0.000161383
1.4033e-05
1.52718e-05
1.91533e-05
8.15492e-06
6.01516e-06
0
0
0
0
0
0
0
0
0
0
2.06819e-05
7.49238e-06
9.91142e-07
0
0
0.000629062
0.00040896
0.000188628
0.000167224
0.000145785
0.00067455
0.000545142
0.000325252
0.000249569
-9.47884e-05
0.000335113
0.000563675
0.000390944
0.000320383
0.000154048
0.000701552
0.000279172
0.000112802
0.000111774
2.97269e-05
0.000623233
0.000220806
0.000199738
0.000165747
0.00018724
0.000541707
0.000487156
0.000333146
0.000221485
5.60417e-05
0.000853874
0.000724825
0.000408363
0.000283017
0.000182399
0.000253806
0.000341714
0.00038712
0.000451206
0.00021394
4.14158e-05
0.000229047
0.00153485
0.000719502
0.000678233
0.000614872
0.000152837
0.000143039
0.000226981
0.000173996
0.00126112
0.00121082
0.00144363
