# 1 157 (number of hyperplane, dimensionality of hyperplane)
# 0 (added bias feature? 0:no 1:yes)
-0.0302388
0.0226778
0.0032494
-0.0123403
-0.0404683
0.00526001
0.00893379
0.0279432
0.0374369
0
0.00935247
0.0108122
0.0108525
0.00464725
0.00149591
0.00360216
0.00386299
0.000284938
0
0
0.0445864
0.0295236
-0.00846873
0.00321255
0.00144574
-0.000316734
0.0695257
-0.0332009
-0.0228053
0.0938102
-0.0100524
-0.00596614
0.011241
-0.0154392
-0.00150684
-0.0035837
0.00808385
0.0140246
0.00649534
-0.00989048
0.0130042
-0.00294664
0.0326379
-0.00977172
-0.00307289
-0.0215093
0.00566042
-0.0205303
0.0337451
-0.0112152
-0.00718089
-0.00446676
-0.00514977
0.0117957
-0.052012
0.0239937
-0.030739
0.0241278
0.00603902
0.0679877
0.0402504
-0.026181
0.0181685
0.00517383
0.0266358
0.0141436
0.00470514
0.00755923
0.00404863
0.0247475
-0.021813
0.00298787
-0.00269029
0.0167915
-0.00518503
0.0255929
-0.0254146
0.0353066
0.0914355
-0.036549
0.00884608
-0.0748795
-0.00391595
0.0381866
0.0240605
0.0227452
0.0434857
0.0292436
0
0.00586009
0.00867804
0.00847193
0.00936667
0.00340509
0.0260598
0.0294921
0.00811707
0.0031507
0
0.0460054
0.0338259
0.0108107
0
0
0.0119136
-0.0274919
-0.0139534
-0.0296791
0.0678091
0.0036333
-0.0367199
-0.0585345
-0.0107405
0.0732012
0.0500773
0.0242427
0.0179911
-0.0150672
0.000873799
0.0481124
0.0274969
-0.0216973
-0.0162824
-0.00243836
0.0433866
-0.01713
0.00904458
0.0389306
-0.0625603
-0.0137154
0.0305748
0.0690274
-0.0540698
-0.0081758
-0.029996
-0.0258688
-0.0418749
0.0342186
0.103059
0.0377159
-0.00323205
-0.0606766
-0.00502278
-0.0121108
0.051763
-0.0294614
-0.121728
0.00834498
0.0305406
-0.0519692
0.0163967
-0.00971306
0.00627355
-0.00149102
0.00385834
0.0267229
-0.0166184
