# 1 157 (number of hyperplane, dimensionality of hyperplane)
# 0 (added bias feature? 0:no 1:yes)
-0.00551616
0.00555311
-0.0122428
0.0077331
-0.0108882
-0.00445513
-0.00811469
0.00599172
-0.00322154
-0.000512126
-0.00700734
-0.00813648
-0.00212404
0.00169017
0
-1.69946e-06
0.00284241
-0.000726213
0.00318607
0.00329872
-0.00955604
0.00287039
0.00055296
-0.00184018
0.00126654
0.00569277
0.00692842
-0.000327943
-0.00187061
-0.0010403
0.00685621
0.0159277
-0.0109509
0.00256253
0.00983013
0.0138169
-0.00816079
-0.0077162
0.0137079
-0.016403
-0.00498731
0.0149729
0.0066399
-0.000447733
-4.47971e-08
-0.00626511
0.00357318
0.00489971
0.00693914
0.0300927
-0.00257767
-0.00997105
-0.0012559
0.0103505
-0.00199165
0.00289365
0.00853999
-0.0104042
0.0150843
0.0190873
0.00913672
-0.0108906
0.00560306
0.000779731
-0.00936289
0.0192185
0.0138499
0.0253021
-0.00147011
0.0112139
0.0136242
0.00955138
0.00182402
-0.00136425
0.00327867
0.00698526
-0.00812157
-0.00833625
0.00607324
0.0153434
0.0110199
0.0041103
-0.000345301
-0.00498293
0.000996493
0.00192764
0.00173611
0.0035865
0
0.000565945
-0.00481831
0.00200324
0.00385289
0
0.00237952
0.00550469
0.00446797
0.000521744
0
-0.00880262
-0.0125926
-0.00671289
-0.000710919
0.000871823
-0.00247617
-0.0102822
0.00515636
-0.016955
-0.00459018
-0.00831113
-0.00364572
0.00177479
-0.016442
-0.00668533
0.0044151
-0.00586628
0.00988993
0.00393294
-0.0229548
0.00609107
0.00454551
0.000815369
-0.0115509
0.0209826
0.0140293
-0.00668675
-0.0138165
0.0164069
0.0325953
0.00607139
0.00311298
-0.0112474
0.00685747
-0.00628786
0.00753175
0.00489533
-0.0128647
0.0111677
0.0144236
0.0105094
-0.00309937
-0.000518508
0.00365511
-0.0053024
0.0164262
-0.00510998
0.0102438
0.00099259
-0.00528706
0.0193366
0.00599832
0.000360751
-0.00976807
-0.00751521
-0.00463367
0.00756485
0.0020129
