# 1 157 (number of hyperplane, dimensionality of hyperplane)
# 0 (added bias feature? 0:no 1:yes)
0.000158842
0.000426985
0.00051368
7.77858e-05
-5.04108e-05
3.79218e-05
-2.98794e-06
0.000234968
-3.88433e-05
-6.80996e-05
8.36435e-05
0.000261205
0.000232492
7.51841e-05
-4.87162e-05
0.000113433
0.000229665
0.000106673
-3.46e-05
-6.30362e-06
5.58964e-05
1.74647e-05
0.000123904
3.35893e-05
-3.07257e-05
0.000283403
0.000180554
0.000412846
0.000498102
1.14903e-05
0.000288646
0.000548349
0.00118913
0.000718038
5.09053e-05
-5.44761e-05
0.000192726
0.0010509
0.000713727
0.000100523
-0.000423828
0.000619274
0.000976324
0.000724389
6.37971e-05
-0.000181815
1.96182e-05
0.0004057
0.00037112
6.00355e-05
0.000200517
0.000399373
0.00119249
0.00096029
0.000117488
0.000496157
0.000740313
0.00134411
0.00121197
0.000239498
0.00256995
0.0018107
0.00240532
0.0030047
0.00114421
0.00148114
0.00215169
0.000768759
0.00116788
0.00138843
0.00146393
0.000821365
0.000917316
0.00140189
0.00157431
-0.000856456
-0.00114756
-0.00108423
0.00405347
0.000320412
0.000108054
0.000240052
0.000326661
4.8002e-06
-7.82762e-06
7.17572e-05
3.91068e-05
0.000208174
7.66018e-05
9.78494e-05
9.50017e-05
3.98395e-05
2.18051e-05
2.32598e-05
2.0387e-05
1.68717e-05
1.51048e-05
3.63672e-06
0
0.000117861
3.48184e-05
0.000116706
4.75786e-05
-5.25296e-06
0.000329123
0.00041415
0.000216838
0.000390309
7.12277e-05
0.000407177
0.000329042
0.000349265
0.000333208
1.66989e-05
0.000235686
0.000283387
0.000149269
0.00018878
-2.03121e-05
0.00022345
0.000279624
0.000223137
0.000361802
2.9665e-05
0.000301466
0.000291138
7.99528e-05
7.20874e-05
-9.02765e-05
0.000356823
0.000286643
0.000343345
0.000294106
-2.64478e-05
0.000268779
0.000326886
0.000417673
0.000316164
-4.57286e-05
0.000762937
0.000751808
0.000607529
0.00055994
0.000446762
0.000328461
0.00125703
0.00155616
0.00064449
0.000475564
0.000774861
0.000352337
0.00029403
0.00024606
0.000216167
0.00124212
0.000886601
0.00167209
