# 1 157 (number of hyperplane, dimensionality of hyperplane)
# 0 (added bias feature? 0:no 1:yes)
0.000110715
0.00338786
-0.00154708
-0.00159595
-0.00926484
0.000289647
-0.0157661
-0.00900625
0.00648591
0.000278688
0.0130145
-0.0111833
-0.0152946
0.0242865
0.00579338
-0.0114312
-0.00320692
-0.0440497
-0.00671165
-0.00110369
-0.0092969
0.0120446
-0.0603405
-0.0522902
0.00216023
0.000391365
0.00227072
-0.00610298
0.00546643
0.0245991
0.000621755
0.00253494
-0.000419367
-0.00165993
-0.00267074
0.00209636
0.00161339
-0.00351019
0.00105298
0.0117924
0.0058016
-0.000352394
-0.00176434
0.00231394
0.00918606
0.00704992
0.00295067
-0.0013182
0.00289993
-0.00328738
0.00596114
-0.0033234
0.00131242
0.000257843
0.0123151
0.00035361
0.000129048
0.000700163
-0.00040391
0.00649759
0.00179822
0.000522315
0.000842472
0.000112313
-0.00130561
0.00322444
0.000590309
0.00628917
0.00161238
-0.0014241
0.00411623
5.06907e-05
-0.00171804
0.00108937
0.00116355
0.000616078
-0.000715671
-0.000753103
-0.00579565
0.00211161
0.00346923
0.00116148
-0.00152927
0.00134136
0.00621862
-0.0140519
-0.00315369
0.00572388
0.0044978
0.0202492
-0.00896643
-0.0108027
0.0224471
0.0103601
-0.00817654
-0.00337247
-0.0315281
-0.0151705
0.00168452
-0.00574029
0.0180297
-0.0609038
-0.0463131
0.00538293
0.00831302
0.00133391
-0.00410226
0.00550553
0.0203577
0.00571236
-0.000813955
0.00307312
-0.000761238
-0.00298659
0.00975457
0.00245123
0.00141088
0.00202028
0.00128752
0.0129048
-0.0023102
0.0014269
0.00456656
0.0103182
0.0117346
-0.000268014
0.00427433
0.00077226
0.0088248
0.00961793
-0.00141435
0.00377368
0.000957781
0.0173796
0.00522893
0.00220391
0.00154747
0.000410432
0.0102071
-0.000171413
-0.000925147
-0.000584039
0.00151875
-0.00283121
0.00276316
-0.000919441
0.000497321
0.00715331
0.00333457
0.00148174
-0.00312742
-0.00464886
-0.00283252
-0.00303186
0.00156941
0.000289192
0.00290666
