# 1 157 (number of hyperplane, dimensionality of hyperplane)
# 0 (added bias feature? 0:no 1:yes)
0.00039243
0.000276383
0.000543395
0.000339496
-0.000269424
4.86734e-05
0.000180495
0.000336921
9.97183e-05
3.27584e-05
1.04582e-05
0.000101145
0.000181042
3.55953e-05
0
-0.000184606
1.51082e-05
0.00018681
3.90777e-05
0
0.000198338
0.000422808
0.000114233
-5.75173e-05
-5.65485e-05
0.000523381
0.000545444
1.02745e-05
9.72222e-05
-7.12581e-05
0.000601838
0.000467888
0.00147702
0.00230703
0.00130712
0.00131974
0.00122686
0.00136729
0.00152969
-0.000241749
0.000295132
0.00109173
0.000125778
0.000795828
-0.000265638
0.00084295
0.000961508
0.000609338
0.00113848
7.00347e-05
0.00124567
0.000934238
0.00205659
0.00262519
0.000157423
0.000324583
2.69333e-05
0.00226041
0.00247545
0.00151062
0.00156682
0.00216494
0.00311455
0.0046229
0.000898915
0.000693858
0.00132988
0.0027562
0.00147957
0.00108144
0.001739
0.000765407
0.000701105
-9.41381e-05
-0.000187283
-0.00150979
-0.00239322
-0.00337224
0.00523017
2.70187e-05
-0.00081524
-0.000252322
0.00011134
6.94143e-05
-0.000322686
-0.000288433
-0.00028967
-0.000134577
4.67991e-06
2.96509e-05
6.18808e-05
3.12081e-05
4.62679e-06
0
0.000208445
0.000185037
7.06326e-05
0
0
-2.66529e-05
4.81379e-05
2.14283e-05
1.66872e-05
1.13097e-05
0.000172203
-0.000207357
4.69589e-05
-5.53553e-06
7.40576e-05
0.000560122
0.000638645
0.000919712
0.000612828
-0.00121854
0.000453514
0.00078792
0.000855291
0.000822194
0.000202492
8.71255e-05
-0.00013293
0.000317329
0.000390976
-0.000119335
0.000560027
0.000551911
0.000498937
0.000355008
3.35928e-05
0.000448216
0.00068993
0.000837929
0.000776885
0.000179507
0.000813986
0.000743744
0.000842043
0.000518675
8.42274e-05
0.000720721
0.000611573
0.00026192
7.82431e-05
-7.49657e-06
0.000756515
0.000887276
0.00195739
0.000815151
0.000673692
0.000667266
0.000504497
0.000335272
0.000625827
-4.03435e-05
0.000384676
0.000839683
0.00122957
