# 1 157 (number of hyperplane, dimensionality of hyperplane)
# 0 (added bias feature? 0:no 1:yes)
0.00129416
-0.000378795
-9.53043e-05
0.00185178
0.000524398
0.0001574
-0.000587982
-0.000327524
0.00071199
0
0.000437156
0.000298067
0
0
0
0.000786864
0.000238454
0.000269021
0.000983618
0
0.000203278
-0.000967817
-0.00109763
0.000409998
0
0.0011732
-0.000625736
0.00132085
-0.00389357
0.000263164
0.000546155
-0.0045496
-0.000554158
0.000344303
0.00122278
0.000113397
-0.00161316
0.00226701
0.00219237
0.00134823
0.00396241
0.00184038
0.00591374
-0.00210453
0.000531605
4.75733e-05
9.92276e-05
0.00613555
0.0017651
-0.000697071
-0.0051527
-0.00127909
0.00260667
-0.000667404
-0.0012042
-0.000608487
0.00403203
0.00127704
0.00274707
0.00121559
0.00273813
0.00114421
0.000272525
0.00241452
0.000829846
0.00198244
0.00168992
0.00243853
0.00529292
0.00590745
0.00358875
0.00162138
0.000147506
-0.00242033
0.000974825
0.000368862
0.0011323
0.00454463
0.00433266
-0.000271143
-0.00328318
-0.000547543
0.000355608
3.31706e-05
0.000765268
0.000402951
0.000961682
9.33136e-05
0
0.000156063
0.00012769
4.68189e-05
0
0
0.000187271
0.000204305
0
0
0
0.00117689
0.00048274
0.00111104
7.64693e-06
0
-0.000525135
-0.00202314
-0.00108488
-0.00180332
7.25596e-06
0.000220454
-0.00184586
-0.00227852
-9.84699e-06
0.000442599
0.00203111
0.00145309
-0.00124421
0.000745409
-0.000546989
0.00132991
0.00236598
-0.0018842
0.00109024
-0.000474501
0.0031713
0.000265385
-0.000604563
0.00135053
0.000219113
0.00154452
0.00371223
0.00230963
0.00379485
-7.68741e-05
0.000729695
-0.000856593
-0.000706735
0.002803
-0.000342156
-0.000393458
0.000187842
0.000136863
-0.000752487
-0.000795379
0.000417539
0.00113852
0.00274115
0.000109038
-0.000891721
-0.000653309
0.000580096
-0.002362
-0.00241852
0.000291
0.000364513
-0.00123317
-0.000296666
