# 1 157 (number of hyperplane, dimensionality of hyperplane)
# 0 (added bias feature? 0:no 1:yes)
0.000215855
0.000189219
0.00035762
0.000393248
2.23902e-06
4.56362e-05
3.40081e-05
2.77031e-05
-3.30365e-05
6.89653e-07
5.43505e-05
0.000151328
0.000152428
4.91035e-05
1.53844e-06
9.29785e-05
0.000201728
0.00016092
2.97462e-05
0
3.10235e-05
-2.81752e-05
-1.61828e-06
-5.60641e-05
3.68776e-07
0.000386858
0.000282683
0.000449946
0.000442593
8.25015e-05
0.000323079
0.000484875
0.000697794
0.00115909
0.0001674
0.000390954
0.000651235
0.000830446
0.000758196
0.000216058
0.000407574
0.000874511
0.000470247
0.000549597
4.84584e-05
0.000387781
0.000912994
0.000574552
0.000435299
1.16977e-05
0.00033359
0.000455941
0.000745146
0.000797619
6.64852e-06
0.00029425
0.000383053
0.000562876
0.000678386
0.000226884
0.00090056
0.0016593
0.00189607
0.00209803
0.000367842
0.000553419
0.00140448
0.000862448
0.0012202
0.00104982
0.00116151
0.000676266
0.000736251
0.000558364
0.00046435
0.00133916
0.00130679
0.00111107
0.00260495
0.000177805
0.000202658
0.000239336
0.000150142
-3.68359e-06
1.67115e-05
1.88179e-05
1.46494e-05
5.58473e-06
0
3.65407e-05
4.37497e-05
2.65527e-05
6.33872e-06
0
3.57403e-06
4.06157e-06
1.83289e-06
0
0
3.21163e-05
2.81372e-05
3.47874e-05
3.7414e-05
0
0.000194129
0.0001917
0.000189511
8.73966e-05
-2.80255e-05
0.00028147
0.000216327
0.00030239
0.000269852
3.13487e-05
0.000190351
0.000230434
0.000266421
0.000204531
8.11415e-06
0.00022467
0.000187472
0.000118189
0.000134496
2.14224e-05
4.48162e-05
6.45637e-05
8.98966e-06
0.000108978
2.01713e-05
0.000204455
0.000254471
0.00028656
0.000229365
-9.66053e-06
0.000233383
0.000134974
0.000177636
0.000173945
-1.51946e-05
0.000357305
0.000420097
0.000542901
0.000683353
0.000227165
0.000135197
0.000348
0.00100569
0.000321352
0.000325361
0.000319406
0.000153677
0.000126209
0.000124911
9.28382e-05
0.000567334
0.000608283
0.000817067
