# 1 157 (number of hyperplane, dimensionality of hyperplane)
# 0 (added bias feature? 0:no 1:yes)
-0.00228242
-0.00121435
0.000979754
-0.000920223
-0.00181931
0.000109151
5.17777e-05
0
0
0
0
0
0
0
0
0
0
0
0
0
-0.000525237
-0.0011927
-0.000758027
-0.00106102
-0.000880477
-0.000622679
0.000280337
0.000880056
-0.00175915
-0.00376854
-0.000801781
-0.0017766
0.00240143
0.00294098
0.0026638
0.00255573
0.00310674
0.000805886
-0.00235902
-0.00199856
-0.00345787
0.00571928
0.00219024
-0.000673682
0.000169574
0.00493606
0.00707036
-0.00213666
-0.00166032
-0.000561862
0.00283965
0.0028791
-0.000915314
-0.00250976
-0.0055311
0.00307903
-0.00126988
0.0020613
0.000195516
0.00139245
0.00191667
-0.00146437
0.00123853
0.000175801
0.00214759
-0.000239899
0.00411064
0.00232415
0.00360073
0.00594275
0.00368825
0.00155488
0.00254184
0.0024765
-4.23868e-05
0.00588298
0.00392242
0.00562182
0.00294288
-0.00228663
-0.00317206
0.000163003
-0.0019655
0.000297135
-8.23581e-05
2.48303e-05
0
0
0
0
0
0
0
0
0
0
0
0
0
-0.000383511
-0.000107686
0
0
0
0.000590092
-0.000200739
-0.000629488
-0.00119469
-0.00391763
-0.00202547
-0.00147197
0.000217943
0.00107084
-0.00207187
-0.000384662
0.00400764
0.00246198
0.00242735
0.00129425
0.0017242
-0.00126882
0.00191281
0.00139393
0.00205464
-0.0020939
0.000167523
0.00118268
0.00131483
0.00219732
-0.00458613
-0.00284879
0.00107398
-0.000682573
-0.00158344
-0.00424851
-0.00125987
0.00280649
0.000542346
0.00119194
0.00250561
-0.00207666
-0.00279765
-0.000208994
0.00153754
0.00100569
-0.000732033
0.00298744
-0.000683795
-0.000902119
-0.000285292
0.00341075
-0.000100697
-0.00176735
-0.00432006
0.00260938
0.00214546
0.00471428
