# 1 157 (number of hyperplane, dimensionality of hyperplane)
# 0 (added bias feature? 0:no 1:yes)
0.00359906
0.00329271
-0.00445842
0.00301859
-0.00256349
-0.00455869
0.00199817
-0.00373193
-0.000360326
-0.000336263
-0.00156728
0.000464793
0.000102798
0.000527853
0
-0.00173805
-0.000568883
0.00358417
0.000697036
0
0.00127195
0.00534294
0.00144103
0.000501422
-0.000138331
0.00195221
0.00447229
0.00935128
-0.000603529
-0.00190062
-0.00351305
0.0111977
0.00495617
-0.000393283
0.00031256
-0.00168996
0.00331206
0.00699562
-0.0059733
0.00668453
0.00600476
0.013893
0.00645354
0.00535022
0.00729338
-0.000825572
0.00575118
0.00858153
0.00992919
0.00299126
-0.00150184
0.00898963
0.00201495
0.00306761
0.00737104
-3.63211e-05
-0.00231836
0.00222665
0.00249042
0.00154094
0.00613796
-0.00322016
0.00390086
0.0122846
0.000445934
0.00591321
0.00146278
0.0102395
0.00800812
0.00701858
0.01307
0.00484797
0.000930993
-0.00239646
-0.00100978
-0.00323142
-0.00149828
0.00512315
0.0184142
0.000741597
0.00110046
-0.00830576
0.00182128
0.000375621
0.00665354
0.00224959
-0.000745774
0.000313987
7.05234e-06
8.68859e-05
-0.000547562
0.000724375
-0.000266829
0
5.39074e-05
-0.000802862
-0.000204489
-0.000890148
7.77842e-05
0.00477713
0.00255235
0.00301996
0.00104686
0
0.00557606
0.00407591
0.00398972
0.000590205
0.00107978
-0.00179328
0.000870758
-0.000248687
-0.00696009
-0.00487352
0.00547628
-0.00175253
0.00454884
-0.00231186
-0.00350602
0.00256837
0.00244418
0.00556838
0.000103865
0.0110322
0.000315522
0.00675752
0.000165489
0.00313234
0.00413427
0.00122304
0.00597185
-0.0127284
0.00284706
0.00438502
-0.000761872
0.00583502
-0.00750683
0.00814026
0.000665929
0.00385035
0.00161574
-0.00347242
0.000799229
0.00327574
0.000596931
-0.00531773
0.00727843
0.00175694
-0.00753772
-0.00936274
0.00380716
-0.000200457
-0.00785649
-0.00904824
-0.00500065
0.000862899
0.00245359
