# 1 157 (number of hyperplane, dimensionality of hyperplane)
# 0 (added bias feature? 0:no 1:yes)
0.000194833
0.000171878
0.000149809
0.00021033
2.38033e-05
1.20057e-05
-2.29085e-05
3.76634e-05
-8.46988e-06
-2.1086e-06
-5.44114e-05
-4.79201e-05
-7.81096e-05
-2.10984e-05
0
-2.81701e-05
-3.31993e-05
-3.78238e-05
6.58934e-06
1.09033e-05
-6.24425e-05
-1.47496e-05
-4.75568e-05
-2.18883e-05
8.18062e-06
0.000394021
0.000477524
0.000181973
0.000233702
9.31998e-05
0.000684818
0.000461582
0.000259068
0.000832947
0.00058343
0.000410353
0.000192891
0.000188349
0.000808331
0.000418671
0.000117074
0.00111801
0.000545842
0.000700709
0.000242248
3.42488e-05
0.000615223
0.000325562
0.00049519
0.00024081
0.000457931
0.000148046
0.00029888
0.000685545
0.000310149
0.000451419
0.000424648
0.000198778
0.000626831
0.00034225
0.000667247
0.000445181
0.000384696
0.000352065
0.000184323
0.00050169
0.000895845
0.000484368
0.000519779
0.000557279
0.000542842
0.000458661
0.00047373
0.000480321
0.000563583
0.000127139
-0.000301381
-4.05241e-05
0.0009562
0.00017655
0.000220537
0.000156954
0.000156747
7.63084e-05
1.0961e-05
2.32173e-05
1.94809e-05
1.78466e-05
1.59014e-05
2.13269e-05
-9.44031e-06
1.10507e-05
1.47113e-05
0
1.75664e-05
1.67258e-05
1.36488e-05
7.61201e-06
5.45944e-06
-3.93714e-05
-3.93495e-05
-5.65502e-06
-1.02345e-05
5.94765e-06
-5.42526e-05
-0.000267708
-0.000111996
-0.000363025
-0.000207592
1.13112e-05
-8.39833e-05
-6.96173e-05
-0.000263073
-6.20895e-05
0.000231409
0.000104174
0.000269461
0.000172612
-0.000204258
0.000185501
0.000111952
0.000140138
3.33113e-05
0.000138331
0.00024346
9.64227e-05
9.30571e-05
0.000123406
0.000115063
0.000291722
0.000215591
8.71356e-05
0.000286467
1.39803e-05
-1.74482e-05
0.000141199
9.8669e-05
0.000241082
0.000128517
0.000505455
0.000219048
4.28805e-05
2.45017e-05
5.94397e-05
0.000463347
0.000186609
0.000250405
0.000255707
0.000203399
0.000430788
0.000272665
0.000254268
0.00026301
0.000234907
-7.02028e-05
0.000441808
0.000250317
