# 1 157 (number of hyperplane, dimensionality of hyperplane)
# 0 (added bias feature? 0:no 1:yes)
0.00641236
0.000740757
-0.00532083
0.00329315
-0.00101317
-0.0016277
-0.00290896
0.00310972
0.00554245
0.000275861
0.00206955
-0.00426869
0.00684081
0.00207801
0
-0.00153586
-0.00552113
-0.00219584
-0.000365234
0
0.00242745
-0.00103114
-0.00402838
0.000345876
1.82999e-05
0.0101922
0.00284953
-0.00685505
-0.00519499
0.0021418
-0.00437043
0.00655185
0.00238502
-0.00255814
-0.0140493
0.00428982
-0.00455397
-0.00192227
0.0094794
0.00209176
0.00565879
-0.00538708
-0.00371719
-0.00119689
0.00656204
0.00655108
-0.00403644
-0.00323676
0.000736378
-0.00330661
0.00564832
0.00306583
0.000724736
0.000665354
-0.00119029
-0.00325824
-0.00386546
-0.00245939
0.00143725
-0.00468596
0.00866529
0.00320473
-0.00430403
0.0056126
0.0187851
-0.010513
0.000135571
-0.00486263
-0.0013244
-0.00169821
0.00193873
1.59564e-05
-0.00362561
0.00551087
-0.00288873
0.0180718
0.0207187
0.00926149
0.00359876
0.0045209
-0.00733801
-0.00528522
0.00190372
0.000242491
0.000917143
-0.00360986
-0.00121739
0.00180239
0
0.00181375
0.00102357
0.00225931
0.00155132
0
0.00178376
0.00217031
0.00169497
0.000207671
0
0.00345484
0.00267419
0.00193051
0.000627032
0
0.00415317
0.00314441
0.00258484
0.00152069
0.00130931
0.00208342
-0.00376621
0.00812611
0.001481
-0.000908397
-0.00257687
-0.00069786
0.00458092
0.000576492
0.000719652
-0.00507509
-0.000505741
-0.00554159
-4.61299e-05
0.00066995
-0.0028947
-0.00567174
0.00058952
3.14231e-05
0.00110793
0.000780496
-0.00430199
0.00170495
-0.00508876
0.00112974
0.00672401
-0.00505529
-0.00693518
1.49355e-05
-0.000428596
0.0087678
-0.00020991
0.000451654
0.00137036
0.00951452
-0.000775744
-0.00255755
0.00463091
0.00142057
-0.00131518
-0.00112407
0.00214371
-0.00425499
0.00220083
-3.20103e-05
0.00280981
0.00367562
-0.00175928
