# 1 157 (number of hyperplane, dimensionality of hyperplane)
# 0 (added bias feature? 0:no 1:yes)
0.0021229
0.00349358
-0.00115898
0.00126545
0.00251548
0.00401676
-0.000679579
-0.00756165
-0.00286839
0.00132199
-0.00321741
-0.00712121
-0.00552235
0
0
-0.00309547
0.000810798
0.00124668
0.000570699
0
-0.00179848
-0.00359676
-0.00615199
-0.00343977
2.9016e-05
0.00119847
-0.00140038
-0.00162517
0.00283766
0.00865221
0.000607432
-0.00213892
-0.000408983
0.0021146
-0.00354905
0.0044253
0.00322466
-0.00471565
-0.00268407
-0.00032164
0.00788558
0.00193338
0.00177588
-0.000203018
0.00214164
0.000197209
0.00604885
-0.00272275
-0.0010639
0.000971715
0.00109735
0.0035752
-0.00351542
-9.87617e-05
0.00225469
-0.000332113
0.00127014
-0.00244462
0.00210839
-0.00125569
0.0018395
0.00204403
0.00123767
0.00370018
0.00325858
-0.00147421
0.00162827
0.00983103
0.00929974
0.000330858
0.0011505
-0.000494523
0.00226929
0.00101665
0.00110233
0.0147023
0.00864786
0.00912446
0.00346338
0.00361517
-0.0015144
-0.000839754
0.00107088
0.00295918
7.04307e-05
0.00263514
0.00150601
0
0
0.000436675
0
0
0
0
0.00117413
0.000113631
0.000155911
9.2282e-06
0
-0.00165988
-0.000409627
-0.000880074
-0.00170713
0.000305673
0.000991556
0.00132663
-0.00445621
0.000105638
0.00567089
-0.000863172
-0.000194072
0.00221519
0.00593853
-0.00241611
0.00180504
0.000634737
-0.0014202
-0.00209646
0.00768157
0.00171337
0.00163976
0.00222343
-0.00195135
0.00142681
-0.00325865
-0.00192519
0.00265107
-0.00714776
0.00306777
-0.0014184
0.0024054
0.000136795
0.000148847
-0.00265944
-0.00120581
0.00615098
0.00320766
-0.00489397
-0.00278772
0.00473338
-0.00175095
0.000856544
0.000382311
0.00427397
0.000477262
-0.000145018
0.00134192
0.00478559
0.000249107
0.00049152
-0.000161053
0.000605597
-0.00240272
-0.00109058
-0.00492534
0.00284739
0.00076165
