# 1 157 (number of hyperplane, dimensionality of hyperplane)
# 0 (added bias feature? 0:no 1:yes)
0.00606593
0.00642243
-0.00766166
-0.0136186
0.00226178
-0.000158664
-0.0012539
-0.00384904
-0.0012819
-0.000684379
0.0034724
0.00311336
0.00281375
0.00228773
0
-0.000282436
0.0018946
0.000567964
0.000156085
0
0.00329095
0.00344298
0.00257704
0.00138614
0
0.00593376
-0.00227696
0.00205166
0.000168444
0.00177692
0.00270213
0.00247423
0.0012403
0.000965591
0.00641349
0.00142923
0.00806003
0.00580809
-0.00691377
0.00868704
-0.00070028
-0.000934476
0.0153466
-0.00309755
0.000275163
0.002831
-0.00377183
0.0163099
-0.00197345
0.00426
0.00106718
0.00271179
0.0112928
-0.00133133
0.00693725
0.00253424
0.00454686
0.0038369
0.0124737
0.00797193
-0.000591305
-0.00489061
0.00482977
0.00217917
0.000957688
-0.00160919
0.00930504
0.00959157
0.00668927
0.00562919
0.00601179
0.00632646
0.00110738
0.00375845
-0.00119834
0.0135772
0.0199178
0.0159672
0.0109083
-0.000503061
-0.00391306
-0.0108903
0.000560318
0.000650889
0.00110137
-3.8542e-05
-0.00291885
-0.000140543
4.6967e-05
-0.00061836
3.82896e-05
0.00216265
0.00138561
0
-5.15252e-05
-0.00297007
-0.000864344
0.000210789
0
0.000444995
0.00267997
0.00210185
0.00049356
0
0.00219293
-0.0045553
0.00241741
0.000796136
0
1.89973e-06
0.00133666
0.00302976
0.00186872
0.000300771
-0.00182925
0.00290622
0.00328258
0.00265114
0.000431171
-0.00210462
-0.00139796
0.00198216
0.000488872
0.000227884
0.00154436
-0.00278023
-0.000211096
-0.00229346
-0.000669804
0.00215584
-0.00402304
0.000680608
0.00269187
0.000296635
-0.000153415
-0.00232035
0.000305093
0.0103514
0.000703613
-0.000629048
0.000948
-0.00178131
-0.0037257
-0.00152452
0.000930269
0.000866093
0.00950074
0.000410388
-0.00240503
0.00129072
0.000338074
0.00133506
0.00334378
0.00375335
0.00852181
0.00600755
0.0105389
