# 1 157 (number of hyperplane, dimensionality of hyperplane)
# 0 (added bias feature? 0:no 1:yes)
-0.00763598
0.00582833
0.0173636
0.000646079
-0.00134944
0.00966958
0.00781618
0.012529
0.014633
0.00887511
0.00788472
-0.0245172
0.000720138
-0.0483545
0.0046773
-0.0360483
0.00729479
-0.0206839
-0.0158593
0
0.00775655
0.00673856
0.0162455
0.00246137
0.000778617
0.00220139
0.00434924
-0.00242675
0.00403019
-0.0313175
-0.000443553
-0.00150521
0.000799181
0.00924201
0.00631469
0.00594668
0.00037269
-0.00208948
0.0010859
-0.00871987
0.00292939
-0.00171561
0.00679692
-0.00284886
-0.0169595
0.00180443
0.00349846
-0.000412454
-0.00748464
0.00182282
0.000367564
0.000555264
4.94978e-05
0.00283745
-0.00906311
-0.0032486
0.000488115
-0.000206304
0.00333602
-0.0142555
-0.00191725
0.00244262
0.000736775
-0.00130085
-0.00263951
0.000750331
-0.00013976
0.015529
-0.00828846
-0.006668
0.0213616
0.00318548
0.00384282
0.00291998
0.00181852
0.000507499
-0.000191531
0.00563192
-0.000925358
-0.00737084
0.00875618
0.0163388
0.000768642
-0.000441785
0.00901628
0.0135152
0.0103369
0.0182437
0.00910795
0.0134272
-0.0286228
-0.0105585
-0.0270558
0.000556069
-0.0267538
-0.0136575
-0.00102582
-0.0430722
0.00434169
0.00911259
-0.00744288
0.0297141
0.00680383
0.00101638
-8.44667e-08
0.00241415
-0.00862166
0.00969442
-0.0326169
-0.00021175
-0.000380222
0.00354852
0.00735103
0.00317419
0.00267639
0.00207105
-0.00258207
0.00410616
-0.00849391
0.00563077
-0.00509676
0.0101145
0.000861896
-0.0170079
0.00156742
-0.000831227
0.00808191
-0.00154778
0.00587953
0.000536967
-5.94044e-05
0.00341393
0.00308094
-0.00425028
0.000387279
0.00279899
0.0034451
0.0008609
-0.0143423
-0.00305427
0.00801959
-0.000275957
-0.00331661
-0.00110511
-0.0020249
-0.00984106
0.00688663
-0.00432488
-0.00243272
0.00125597
0.00231901
0.00244873
0.00125225
-0.00260754
0.000864812
-2.7982e-05
0.000151378
