# 1 157 (number of hyperplane, dimensionality of hyperplane)
# 0 (added bias feature? 0:no 1:yes)
-0.00659117
0.00245719
-0.0008721
-0.00164446
-0.00283561
-0.0012842
-0.000582113
-0.00404484
-0.000886356
0
0
0
0
0
0
0
0
0
0
0
0.00394518
0.0034682
0.00174156
0.00151196
0
-0.00286518
0.0106115
-0.00600194
-0.00543374
0.00907124
-0.00108355
0.0020604
0.00218611
-0.00290607
0.00283635
-0.000501389
-0.00193115
0.0203949
0.000237786
-0.000305734
0.00399213
-0.000421639
0.00441018
-0.00323558
0.00562668
-0.0108224
0.0078974
-0.00325802
0.00916453
-0.00671821
0.00015117
-0.00301219
-0.00362386
0.00451376
-0.00505281
0.00648709
-0.00995989
0.0112575
0.00271162
0.00693789
0.0123927
-0.00163367
0.00210211
0.00659513
0.00630427
0.00632499
-0.00240377
0.00757716
0.00326878
0.00563232
-0.0101477
0.0011253
-0.000346341
0.00386778
-0.00309976
0.0128103
-0.00610078
0.0201966
0.0123555
0.00600273
-0.000506056
-0.00960219
0.00348434
0.00201312
0.00320418
0.00175071
0.00199019
0.000470907
0
0.000423789
0.000346744
0.00077694
0
0
0.00104176
0
0
0
0
0.00566476
0.00345883
0.000477993
0.00067527
0
-0.00450669
-0.0011635
-0.00268808
-0.00445567
0.00201416
-0.00259736
-0.00359239
-0.00761146
-0.00481728
0.0116971
0.013296
0.00574909
0.000645238
-0.00384555
-0.00456811
0.00609818
0.000946392
0.00433112
-0.00535147
0.00198088
0.00157851
-0.00647531
0.00536268
0.00677403
-1.84179e-05
0.000935318
0.00108619
0.00915404
-0.00318878
0.00295478
0.00370532
-0.000921284
0.000541161
0.00287959
0.00742469
0.0065722
0.0032448
-0.00533291
-0.00657014
0.000719579
0.00608005
-0.00377851
-0.0115454
0.0024685
0.0069046
-0.0126826
0.00215234
-0.00603847
0.00422177
-0.00137392
0.00375744
0.00625076
-0.00321527
