# 1 157 (number of hyperplane, dimensionality of hyperplane)
# 0 (added bias feature? 0:no 1:yes)
-6.06004e-05
0.000237458
0.000759545
0.000460372
-0.000283253
0.000288008
0.00024128
0.000273301
0.000220372
6.30044e-05
-0.00016725
-0.000612986
-0.000230556
-0.00105656
3.11129e-05
-0.000840261
-9.58275e-05
-0.000360775
-0.000198267
0
0.000301319
0.000173189
0.000267729
-1.88054e-05
0.000122894
0.000154118
9.91241e-05
0.000166324
1.34093e-05
-0.000956751
-0.000195537
-1.36136e-05
0.000120016
0.000800948
0.000225489
0.000510592
-2.96573e-05
-0.000197127
5.74194e-05
-0.000476851
-2.49075e-05
-0.000365863
0.000602283
-0.000332355
-0.000885599
-5.2281e-05
2.35064e-05
3.61375e-05
-0.000438847
8.59791e-06
-1.78066e-05
-5.73163e-05
1.46778e-05
0.000255506
-0.001348
-0.000138013
5.10711e-05
1.59162e-05
0.000233158
-0.0004667
-5.88648e-05
0.000216265
-4.2262e-05
-9.3482e-05
-8.09407e-05
2.29338e-05
-7.85009e-05
0.000764765
-0.0002763
-0.000161023
0.00119252
0.000405918
0.000315511
0.000183812
0.000270093
-3.42328e-05
-0.00010023
0.000572722
-4.92865e-07
0.000102067
0.000529999
0.000599943
0.000342954
-0.000356832
0.000338878
0.000472499
0.000327263
0.000204355
0.000162269
7.2687e-05
-0.000721337
-0.000731052
-0.000488295
-4.89449e-05
-0.000726975
-0.00123404
-0.000282886
-0.000644787
8.32088e-05
0.000128878
-0.000152996
0.00048518
0.000221688
0.000105069
-0.000298211
-9.95545e-06
-0.000459799
0.000448674
-0.00126866
3.60566e-05
-3.15074e-05
0.000275928
0.000607672
9.91463e-05
0.000229507
7.39095e-05
-0.000231051
0.000124418
-0.000582673
0.000220303
-0.000696859
0.000758816
-1.60628e-05
-0.000800903
-2.10136e-05
-0.00047154
0.00067031
0.000145862
0.000338441
-0.000128307
-0.000113044
0.000341373
0.000112032
-0.000466508
-2.27761e-05
0.000183855
0.000267312
-0.000133385
-0.000385737
-3.71794e-05
0.000733453
0.000180735
-0.000661197
0.000151773
-0.000196294
-0.00117485
0.00101183
-0.000433159
-0.000419311
-5.24359e-05
0.000252351
0.000297421
0.000259207
-1.973e-05
0.000183295
0.000122464
-5.93938e-05
