# 1 157 (number of hyperplane, dimensionality of hyperplane)
# 0 (added bias feature? 0:no 1:yes)
7.21447e-06
-5.98499e-06
1.45177e-05
-6.36753e-05
2.58607e-05
7.13139e-06
1.44671e-06
-0.000102911
-9.47456e-05
8.35376e-06
-3.30002e-05
-3.51412e-06
3.64366e-05
5.84264e-06
3.78755e-06
-3.78453e-05
1.71321e-05
-2.16675e-05
-2.68727e-05
1.73116e-06
-1.00464e-05
2.35585e-06
6.47377e-05
3.16086e-05
2.88338e-06
7.941e-06
-8.91569e-06
4.0106e-05
-2.01999e-05
6.27271e-05
1.00025e-05
-2.53924e-06
7.80706e-06
-8.02129e-06
-2.89489e-05
8.60237e-06
-1.97379e-06
-1.11406e-06
7.379e-06
1.07139e-06
1.07343e-05
-3.63098e-06
5.20625e-06
-1.16026e-06
4.07548e-05
9.1595e-06
3.00714e-06
2.52685e-06
-9.28439e-07
1.26874e-06
1.29579e-05
-1.1091e-05
1.26299e-05
5.43269e-06
-3.84348e-05
-3.69315e-06
-4.77837e-07
1.38318e-05
1.34592e-06
2.34775e-05
1.37488e-05
-4.34537e-06
3.91684e-07
3.63884e-06
1.06218e-05
3.24855e-06
2.34575e-06
1.53888e-05
-2.33993e-06
-5.56399e-06
4.57397e-07
7.52624e-06
2.23883e-06
3.84393e-06
-2.55365e-06
-2.29486e-06
7.78671e-07
9.40868e-06
-7.4581e-06
8.15791e-06
-1.21643e-05
1.92725e-05
-5.13085e-05
1.95284e-05
6.41217e-06
-5.74052e-06
-0.000101956
-7.92995e-05
8.1165e-06
-4.44513e-05
2.04084e-06
3.06061e-05
2.55743e-05
3.52096e-06
-2.64013e-05
4.47547e-06
-2.18887e-05
-1.96049e-05
2.24469e-07
-1.22005e-05
1.25565e-05
4.42363e-05
2.24603e-05
3.94752e-07
2.08699e-05
-1.45501e-05
4.20424e-05
-1.279e-05
3.35764e-05
3.76905e-07
7.63734e-06
1.06637e-05
-4.58606e-06
-3.92353e-05
5.51075e-06
3.34988e-06
1.53769e-06
8.85579e-06
-1.07494e-05
1.15498e-05
-2.68902e-07
5.06739e-06
3.60367e-06
2.80593e-05
7.84535e-06
6.79437e-06
7.7648e-06
1.88881e-06
-1.41098e-05
-4.99596e-06
-4.92668e-06
2.60228e-05
6.21327e-06
-2.81496e-05
-7.57856e-06
2.0442e-06
2.34829e-05
1.59235e-06
2.76671e-05
1.46914e-05
-4.35205e-06
9.02063e-06
-9.03938e-06
1.01739e-05
4.69306e-06
-1.16627e-05
1.35129e-05
-2.52929e-06
-7.79298e-06
3.53055e-06
6.2448e-06
1.13642e-05
-4.41057e-06
-4.23433e-06
4.91779e-06
-4.48733e-06
5.52359e-06
