# 1 157 (number of hyperplane, dimensionality of hyperplane)
# 0 (added bias feature? 0:no 1:yes)
-2.52021e-05
4.93144e-05
0.000216501
2.46863e-05
-0.000180433
-3.63936e-05
-5.67756e-05
-1.4957e-05
8.29172e-07
-3.03445e-05
-1.89165e-06
7.1856e-06
1.09334e-06
0
0
-0.000158757
-3.53466e-05
-3.65773e-05
-2.93896e-05
-3.6774e-05
-3.28033e-05
-2.91562e-05
1.00284e-05
-4.20459e-06
9.1075e-06
-2.11578e-05
0.000176961
0.000116638
2.3026e-05
2.95908e-05
3.20465e-05
0.000109252
0.000130972
9.63984e-06
0.000142697
0.000265402
0.000318704
5.99583e-05
7.99169e-05
2.21788e-05
0.000189325
0.000282064
2.29341e-05
-3.62496e-05
7.4045e-05
-0.000221359
0.000333626
0.000141488
-7.99415e-07
-0.000121279
0.000124076
0.000259971
6.56387e-05
0.000237483
0.000216807
0.000167687
0.000167087
0.00020347
-5.58533e-05
-2.83173e-05
0.000194299
3.90513e-05
0.000153242
0.000421762
3.55253e-05
0.000164943
0.000146094
0.000195565
0.000284962
0.000452011
0.000339673
0.000203752
8.5429e-05
0.00019738
0.000277937
0.000473512
-8.51361e-05
-1.774e-05
0.000320296
0.000113269
-0.000290913
0.000132362
0.000177986
4.27827e-05
1.10999e-05
3.62591e-05
2.18803e-05
2.45221e-05
0
-2.79321e-05
2.74492e-06
3.14526e-06
2.74499e-06
0
5.84878e-05
2.72481e-05
3.14173e-05
4.30192e-05
9.43921e-06
-6.64368e-05
-7.53341e-05
-0.000175637
-0.000115956
-5.87179e-05
0.000139251
0.000128116
2.05183e-05
0.000103977
4.60562e-06
0.000116602
3.55168e-05
-8.27228e-05
-0.00023907
-0.000146033
-6.65127e-05
4.74314e-05
-4.62015e-05
-4.69821e-05
-8.48975e-05
-9.46349e-05
0.000176275
4.19789e-06
1.33798e-05
6.23683e-05
6.78535e-08
0.000277073
5.38927e-05
8.39951e-05
7.30274e-05
4.17997e-05
8.66183e-05
-0.000235205
0.000243562
8.26624e-05
0.000116733
-0.000131579
-1.94109e-05
0.00018714
4.47201e-05
9.54876e-05
0.000100684
8.06108e-06
-0.000152786
5.38847e-05
4.32195e-05
4.64765e-05
0.000232896
6.28277e-05
0.000203389
6.04268e-05
0.000130574
0.000128207
5.29571e-05
7.20441e-05
-0.000175241
0.000313318
-4.38631e-05
