# 1 157 (number of hyperplane, dimensionality of hyperplane)
# 0 (added bias feature? 0:no 1:yes)
-0.000249772
0.00164641
-0.000200643
0.00123731
0.00317778
0.000536313
-0.00342251
0.000161205
-0.00267359
0.000289173
-0.0024662
0.00173651
0.00626996
-0.0025285
4.44547e-06
0.00292958
0.0101907
-0.00297332
-0.00596777
0.000200048
-0.00160229
-0.00328849
0.00257661
0.00319536
0.000725841
0.0057543
-0.000911188
0.000263029
-0.00175939
0.00304665
0.00241797
0.002995
0.000554543
-0.0022851
0.00638862
0.00729284
0.00107768
-0.00412997
0.00286812
0.00502923
0.0033779
0.000355875
0.00390401
-0.00429624
0.0115171
-0.00411222
-0.00399369
0.00396908
-0.000959408
0.00222146
0.00598872
0.00177239
0.00201681
-0.00185539
0.00727367
0.00159644
-0.00332945
-0.00334636
0.00274385
0.00626655
0.00366286
0.000862146
0.00179179
-0.000920068
0.00797527
-0.00447998
0.00169064
0.0126328
0.0126806
0.0047993
0.00403576
-0.000405237
-0.0041902
-0.00318122
-0.00131467
0.00262079
-0.00461379
0.0116428
0.00254456
0.000396656
0.00112299
-0.00435631
-0.00105153
0.00124736
-0.00332912
-0.00315087
-0.00573145
-0.00287218
0
0.0016311
0.00372205
0.000322444
-0.00472622
0
0.00545284
0.00529084
0.00134009
0.000126747
0
0.00189558
-0.000383808
0.00270162
0.00188068
0
0.00270617
0.00286928
-2.05118e-05
-0.00178832
0.00138056
-0.00161024
0.00223976
0.000979541
-0.000974284
0.0026205
0.0022585
0.00142923
0.00208012
-0.000476553
0.000975387
0.00244125
0.00162787
0.0131152
-0.006552
0.00365989
0.00371609
-0.000173714
0.00526069
-0.00996105
0.00312927
0.00106496
0.00732619
-0.00033862
-0.0054069
0.00483132
0.000222308
-0.00439651
-0.00396284
0.00146304
0.0029373
0.00515117
-0.000653288
-0.000727928
-0.00137031
0.00458683
0.000586273
-0.00155329
0.012278
-0.00118585
-0.00213284
0.00536977
0.00619848
0.000443863
-0.00149487
0.0018298
-0.00565612
-0.000686157
-0.00301987
