# 1 157 (number of hyperplane, dimensionality of hyperplane)
# 0 (added bias feature? 0:no 1:yes)
0.00114313
0.00150569
0.000824817
0.000441004
0.00027342
4.223e-05
4.9425e-05
3.53399e-05
2.19047e-05
3.49827e-05
0
0
0
0
0
0
0
0
0
0
7.03652e-05
6.29629e-05
5.64828e-05
5.11822e-05
3.54988e-05
0.00103867
0.00139939
0.000980745
0.00152129
0.000299621
0.00130425
0.00126407
0.00153412
0.00101815
0.000359339
0.000578826
0.00211134
0.00263745
0.00175888
0.000850528
0.00161484
0.00240034
0.000987243
0.000600112
0.000540377
0.0013647
0.00191924
0.000802957
0.000249631
0.000631729
-0.000140414
0.00109816
0.00177284
0.00128151
0.000767178
0.00116501
0.00161588
0.00181007
0.00138042
0.00112299
0.000575342
0.00175349
0.00267369
0.00344751
0.000291058
0.000295331
0.000520264
0.00185394
0.00133069
0.00145913
0.00131126
0.000963304
0.000893457
0.000925674
0.000998139
-0.000423189
-0.000269613
0.00068883
0.00483399
0.000651282
0.000501605
0.000284795
0.000279207
0.00018099
1.95882e-05
2.04554e-05
2.37336e-05
1.42833e-05
1.2246e-05
0
0
0
0
0
0
0
0
0
0
2.51986e-05
8.22743e-06
5.971e-07
0
0
0.000672144
0.000477411
0.000233233
0.000213398
0.000142661
0.000668621
0.000558492
0.000349711
0.000273254
-5.91543e-05
0.000366739
0.000481376
0.000343932
0.000304856
0.000167125
0.000719426
0.000318113
0.00012423
0.000139529
8.32741e-05
0.000626153
0.000253654
0.000194501
0.000149372
0.000197248
0.000568373
0.000437568
0.000286585
0.000176846
7.18436e-05
0.000824844
0.000723973
0.000410607
0.000266567
0.000164948
0.00031226
0.000448097
0.000516394
0.000597854
0.000226004
8.96079e-05
0.000289541
0.00153827
0.00074616
0.000701977
0.000631201
0.000176762
0.000170032
0.000242694
0.000193224
0.00128966
0.00128034
0.00150536
