# 1 157 (number of hyperplane, dimensionality of hyperplane)
# 0 (added bias feature? 0:no 1:yes)
5.99032e-05
0.000376583
0.000434675
0.000321797
-6.74095e-06
-3.86556e-05
-5.85981e-05
-4.06756e-05
1.24468e-05
4.13792e-06
0
0
0
0
0
0
0
0
0
0
5.09149e-05
3.08002e-05
1.23475e-06
6.88522e-06
2.2222e-06
0.000234069
0.00047092
0.000295958
0.000226486
0.0001635
0.000639844
0.000669288
0.000864788
0.000934909
0.000347761
0.000583418
0.000486737
0.00101883
0.00113483
8.35946e-05
0.00049283
0.000982459
0.000551749
0.00105315
0.000501677
8.45131e-05
0.0011488
0.000896659
0.00126452
0.000406595
0.000554064
0.00054206
0.0004354
0.0010222
0.000117855
0.000507252
0.000575545
0.000926101
0.000620257
0.000389697
0.000741927
0.00103863
0.00133172
0.00177164
0.000289553
0.000469952
0.000811169
0.00046427
0.000865963
0.000935271
0.00086576
0.000378378
0.000468879
0.000456955
0.000245726
0.00158659
0.00150597
0.00186399
0.00223313
0.000291085
1.64776e-05
4.52164e-05
0.000166729
2.076e-05
5.42728e-05
6.25053e-05
8.61423e-05
3.47246e-05
2.06896e-06
6.66659e-06
5.45459e-06
1.2222e-05
0
0
0
0
0
0
0
4.80684e-05
3.50094e-05
1.02628e-05
0
0
0.000289142
0.000145049
2.38499e-05
3.72958e-06
2.54999e-05
0.000100446
5.76249e-05
0.000114315
-0.000267653
6.39375e-05
0.00036278
0.000258684
0.000120382
-9.22299e-05
-8.58647e-05
0.000341
0.000249406
0.000104421
6.53892e-05
-2.9119e-06
-5.00568e-05
6.5628e-05
0.00018043
0.00027561
0.000137083
1.64799e-05
0.000364085
0.000357997
0.00033414
5.02414e-05
0.000501629
0.000395181
0.000373335
0.000323537
6.88626e-05
0.000218595
0.000123707
6.15765e-05
9.46348e-05
0.00012922
9.28481e-05
0.000153895
0.000655551
0.000468179
0.000438427
0.000226831
0.000121019
-3.84443e-05
0.000203162
-0.000175381
0.000504148
0.000426477
0.000372394
