# 1 157 (number of hyperplane, dimensionality of hyperplane)
# 0 (added bias feature? 0:no 1:yes)
0.0107262
-0.000966746
-0.00189704
9.4099e-05
-0.00143151
0.00159229
0.000273975
0.000251655
0.000352731
0.000210093
0.00074387
9.66879e-05
0.000132943
0.000229635
0
0.000938343
0.000389448
0.000527238
0
0
0.00254003
0.00129988
0.000828998
0.000398634
0
0.0026372
0.00348891
0.00939229
-0.00453476
0.000907679
-0.00176961
-0.00432833
0.00273361
-0.00751661
0.000780315
-0.0104952
0.000139539
0.00528226
0.000270645
0.00195999
0.00807366
0.0042531
0.00881296
0.00316228
-0.0013548
-0.00659732
-0.0130917
0.000267525
0.00863814
0.00788859
-0.0103687
0.00265881
0.00919701
0.0100243
-0.00770823
-0.00520434
0.00586876
-0.013687
-0.000217332
-0.00342133
-0.000129681
0.00246275
0.0129927
0.00726535
0.00077694
-0.000941852
0.00274671
0.0031544
0.000598412
0.00765582
-0.00425542
-0.00274093
-0.00306942
0.00854894
0.00171575
0.0104024
0.0120438
0.00695498
0.00930649
0.0034812
0.000184034
-2.17414e-05
0.000939266
-0.00366279
0.000452931
0.000201303
0.000192547
0.00023308
0
0.000294158
5.75968e-05
7.9194e-05
0.000136793
0
0
0
0
0
0
0.000334654
0.00046818
0.000141426
0
0
0.00184567
-0.00435614
0.00494982
0.00163031
0.000148498
-0.00390966
0.000476047
0.00717501
-0.00161596
-0.0009126
0.00427869
-0.00257706
-4.67776e-05
-0.00523293
0.00292747
-0.00273978
0.0106186
0.00262639
0.00678501
0.0108701
0.000948034
-0.00244067
-0.00406001
0.00137706
-0.00263782
0.000833602
-0.00465429
-0.000656377
-0.00144781
-0.00387616
0.00994533
0.0097461
-0.00777313
0.00494285
-0.0106515
0.000598802
-0.00204077
0.00264143
-9.89585e-05
0.005415
-0.00500336
0.00490424
0.00286664
-0.00258822
-0.00600797
0.00237206
0.00391313
0.00214009
0.00469546
-0.00465198
0.00712441
-0.0123666
0.000675152
