# 1 157 (number of hyperplane, dimensionality of hyperplane)
# 0 (added bias feature? 0:no 1:yes)
0.00157978
-0.00200255
-0.00233825
-0.000904275
-7.10836e-05
-0.0012454
0.00113539
-0.000857769
0.000972296
0.000222474
-0.000306925
0.000746813
-0.000405985
-0.000496688
0
0.000553714
0.000104897
-0.000133747
-0.000336043
0
0.00131082
-0.0018509
-0.00406937
-0.0010526
0
0.00579775
0.00217538
0.00184264
-0.00228415
-0.000296613
-0.00242502
-8.13671e-05
0.00285714
-0.00243339
-0.000277006
-0.00234818
0.00387981
0.00212503
0.00362983
-0.000741586
0.00293637
0.00815161
0.00513743
-0.00274877
0.000470005
0.00215672
0.00371061
-0.000738096
0.00197415
0.000393228
0.00187082
0.000185129
0.000910108
0.00499544
-0.00100036
0.00221439
0.00168314
0.00236055
0.000782072
0.000946378
0.00111169
0.000594102
0.00321873
0.00808906
0.00106681
4.66181e-05
-8.29052e-05
0.0021404
0.00440241
0.00547953
0.0038724
0.000820127
0.000273186
0.00182359
-0.00119652
0.00289143
0.00129013
-0.000389732
0.00693337
0.000438585
-0.00286788
0.00036154
0.000120932
-8.02442e-06
-0.00139773
-0.00431055
-0.00299725
-0.000557708
3.21091e-05
0.000843124
0.00120096
0.00106029
0.000334392
0
0.000654271
0.00136363
0.000913925
0.000164763
0
6.59856e-05
0.00126615
0.000237067
0.000252419
0
0.000597902
-0.0018328
0.000751184
0.00274613
6.27974e-06
-0.00115536
-0.000939306
0.000855771
0.000260807
0.000446681
0.000546458
-0.00104663
0.00192708
-0.00158355
-0.000734889
0.000763141
-0.000280962
-0.0017927
0.00379309
0.000757817
0.00389285
-0.00139345
-0.00339935
0.00118163
0.0015327
0.00225685
0.00299837
0.0014767
0.00392985
-0.000353417
-0.000337644
-0.0018997
-0.00207154
0.00259025
0.000207013
0.00152511
-0.00143408
-0.00297152
-0.00434568
-0.000277291
0.00187244
9.52799e-05
0.0065576
0.00154971
4.04901e-05
0.000277388
0.000197936
-0.000769638
0.00124123
-0.000926462
0.0032453
0.00107472
0.00125069
