# 1 157 (number of hyperplane, dimensionality of hyperplane)
# 0 (added bias feature? 0:no 1:yes)
-0.00390112
0.00406163
0.000638841
0.00336501
0.00444643
-0.00074991
-0.000666587
-0.000956414
-0.00115772
-0.00227552
0
0
0
0
0
0
0
0
0
0
-0.000144717
0
0
0
0
0.00105747
-0.00177893
-0.00016836
0.00655345
-0.000768004
0.00633698
-0.00729706
0.0102802
0.00787314
-0.0129754
-0.00467457
0.0105502
0.00440051
0.00853375
-0.0116022
-0.0166315
0.00282224
0.00491505
-0.00159821
-0.00342841
-0.00542218
0.00482517
0.00462894
0.00519663
0.00490973
-0.002543
0.0177392
0.00171789
0.0101201
-0.0086694
-0.00545714
0.00206302
0.0149518
0.0117966
-0.00372085
-0.000970366
0.00350979
0.00373878
0.00914294
-0.00220073
0.00127818
-0.00125266
0.000913455
0.000646759
0.000615498
0.0107712
0.00302734
-0.00182495
-0.00137342
0.00227655
0.0128922
0.0117184
0.0115344
0.0103162
0.00315238
0.00291764
0.00171485
0.00206013
0.00156223
-0.000119162
-0.000105922
-0.000151976
-0.000183964
-0.000361586
0
0
0
0
0
0
0
0
0
0
-2.29959e-05
0
0
0
0
0.00185642
0.00144816
0.00166994
0.00177544
0.00109501
0.00208611
0.00408151
0.00213556
0.00324054
0.0035111
0.000364659
-0.00039531
-0.0007155
-0.000362272
-0.00102339
0.000916211
0.000363351
-0.00187769
0.000247227
-0.00111742
0.00137602
-0.00131304
0.00199951
0.000403416
0.000220237
0.00130722
0.000763373
-0.00029657
-0.0011336
-0.00447851
0.000359947
0.00251073
-0.000154989
-0.00101208
4.2434e-06
0.00177188
0.00180418
0.00133962
7.81957e-06
8.08546e-05
0.00175673
0.00109167
0.00279428
-0.000932035
-0.00117464
0.00725585
-0.00442838
-0.00407481
-0.00390427
-0.00680372
0.00165673
-0.00203307
0.00161514
