# 1 157 (number of hyperplane, dimensionality of hyperplane)
# 0 (added bias feature? 0:no 1:yes)
0.00188428
-0.00204302
0.00151971
0.00612514
-0.00325764
0.000734342
-0.000871675
-0.000136469
0.000639605
0
0.00098668
0.0008073
0.000707105
0.000318185
0
0.000633284
0.000489763
7.19076e-05
5.3931e-05
0
0.00182406
-0.000745712
-0.00075814
-0.00125841
0
0.00206736
0.00552527
-0.00195233
-0.00235979
-0.00223054
0.0022631
-0.00166494
6.34834e-05
-0.00461936
-0.00149708
-0.00305289
0.00496022
0.00520219
0.00464269
-0.0009108
0.0102856
0.00154615
0.00250239
0.00537971
0.00409287
0.0104384
0.000414046
-0.00135128
0.00349171
0.00412482
-0.00260772
0.00393661
-0.00073586
-0.00417783
9.81621e-06
0.000980231
0.000248915
-0.000886301
-0.00718916
-0.00228511
0.00017553
0.00263684
0.00263149
0.00293227
0.00145645
-0.0013307
0.00346168
0.0034233
0.0100365
0.00810054
0.00570894
0.00465561
0.00225875
0.00186078
-0.00353809
0.00732054
0.00851496
0.00863628
0.00621071
-0.00129287
-0.00805524
-0.00235157
-0.00290681
0.00228262
0.000436625
-0.000759959
-0.00110158
-0.000477424
0
0
0
0
0
0
0.00135065
0.000383731
0.00038963
0.000292224
0
6.62394e-05
0.000279038
0.00078423
0.00121454
0
-0.00295583
-0.00234995
0.000810871
0.00214158
0.00102293
-0.00163089
-0.000634425
0.00146409
0.00274139
0.00153294
0.00364442
0.00186469
-0.000738327
0.000461577
0.00117626
0.00664183
0.00135767
0.00463406
0.00350385
0.00116294
-0.00167774
0.00287444
0.0033075
-0.000299829
-0.000508411
0.00250765
-0.00382496
-0.00377475
0.00324631
0.00175632
-0.00082972
-0.00563604
-0.00175982
-0.00365076
0.00142895
0.00236363
0.000910705
-0.00166293
-0.00284307
-0.000446425
0.00291925
0.000961326
0.00979815
0.00153234
0.00347045
0.00440305
0.00534094
0.000307123
0.00440338
-0.00277347
0.0076892
0.00461366
-0.00353117
