# 1 157 (number of hyperplane, dimensionality of hyperplane)
# 0 (added bias feature? 0:no 1:yes)
0.00109709
-0.000451366
-0.000483244
-0.000566059
-0.00110295
2.34152e-05
2.02525e-05
0
0
0
3.5746e-05
7.31183e-06
1.00536e-05
1.73657e-05
0
2.68089e-06
0
0
0
0
5.58986e-05
5.07805e-05
0.000137718
0.000219658
0
0.000610159
0.00142962
0.000693089
-0.00065354
-0.000544803
-7.83151e-05
0.00300367
0.00308002
0.00390188
0.00031123
0.00294617
0.00566519
0.00425817
0.00681477
0.00342837
0.00253291
0.00597395
0.00104589
0.00177518
0.00107382
-0.00089386
0.00454513
0.00121045
0.00186846
0.00221497
0.00271888
0.00491013
0.004361
0.00877641
0.00328859
0.000388994
0.0022808
0.00258407
0.0034308
0.000402278
0.00117619
0.00279594
0.00474705
0.00657238
0.000352001
0.000856221
0.00129541
0.00160646
0.00360303
0.00329781
0.00275554
0.00160786
0.000498582
0.000252852
0.00107495
0.000368571
0.0010214
-0.000335559
0.00725539
0.000662254
0.000356394
0.00017935
-2.62473e-05
1.92835e-05
2.86124e-06
1.25648e-05
1.20183e-05
1.45483e-05
0
0.000113621
8.56526e-05
0.00019192
0
0
0
0
0
0
0
8.79396e-05
7.92747e-05
3.45523e-05
1.35944e-05
0
0.00159768
0.000415939
0.000372273
0.000794524
0.000185041
-0.000189839
-0.000258833
0.000714989
0.00157664
0.000356688
0.00161716
0.000886558
0.0010751
-0.000533382
-0.000529024
-0.000215299
0.00167421
0.000546391
-5.25006e-05
-0.000354138
-0.000686483
-9.96941e-06
0.000459642
0.00106942
0.000316905
0.000139431
0.00115456
0.000417793
0.00109599
5.95413e-06
0.00192665
1.66685e-05
0.00075317
0.000270965
-0.000265687
0.000779578
0.000836045
0.000680858
0.000733691
0.000175985
0.000627048
0.000700016
0.00208569
0.00250224
0.00161295
0.00152667
0.00128015
-0.000403586
0.000210278
-0.00184109
0.00363007
0.000424848
0.000893094
