# 1 157 (number of hyperplane, dimensionality of hyperplane)
# 0 (added bias feature? 0:no 1:yes)
0.00214711
0.00437398
0.0102262
0.0146999
-0.0130656
0.00832962
0.00432508
0.00504735
0.00610972
0.0120088
0.000946821
0
0
0
0
0
0
0
0
0
0.00793116
0.00389861
0.000685299
0.00156461
0.000662775
-0.00476048
-0.00495893
0.0103762
0.00322295
-0.0148692
0.00712795
-0.00572857
-0.00217756
0.00285123
0.012689
0.00343124
0.00885102
0.0252374
-0.010716
0.0144863
-0.00177508
-0.00120658
-0.0101554
-0.00537464
-0.00137512
0.0009118
-0.00794004
-0.000953382
0.00348045
-0.00574144
-0.00985273
0.00635082
-0.000154352
-0.00127653
0.00591521
-0.000439918
-0.0127151
-0.0114956
0.00556207
0.00581887
0.000966665
-0.004641
0.00743688
0.0138602
0.00482581
-0.00400911
0.00183394
-0.00432278
0.00292968
0.015397
0.00601581
0.00061963
0.00747211
0.00177515
0.00250981
0.0120738
-0.00671227
0.00554052
0.0154299
0.0147888
-0.00481616
0.00592383
0.00982767
-0.00238905
0.00318545
0.00218276
0.00234957
0.00284415
0.00509136
0.00121109
0
0
0
0
0
0
0
0
0
0.00266557
0.00122701
0.000792512
0.00200207
0.000847763
0.00449214
-0.00013074
0.000588041
-0.00348814
0.00309881
0.00880133
-0.00590307
-0.00301297
-0.00128585
-0.00584868
0.00806138
-0.00525279
0.00662978
-0.00769789
0.0186466
-0.00926405
-0.00920928
-0.0033599
0.00176064
-0.00416904
-0.00577631
0.00810855
-0.002287
-0.00415608
5.20396e-05
-0.000718095
-0.00624534
-0.000396946
-0.00280902
0.00805615
0.0134862
-0.00445916
-0.000707887
0.00141039
-0.000582871
0.00607105
-0.00306366
0.00291643
-0.00144253
0.00512954
0.000978098
-0.00575753
0.0100179
-0.0113955
0.00395679
0.00580384
0.00531186
0.0151234
-0.00802783
-0.00246006
-0.00939527
-0.0085644
-0.00486917
