# 1 157 (number of hyperplane, dimensionality of hyperplane)
# 0 (added bias feature? 0:no 1:yes)
-0.00245696
0.00622674
-0.000638082
0.00307215
0.0358885
-0.115343
-0.259316
1.32907
0.374867
0
0.094263
0.0771258
0.180668
0
0
1.02407
0
0
0
0
0.335514
-0.17762
-0.163086
-0.249353
0.0404972
-0.000569031
0.00723463
-0.00635061
0.00355671
-0.0604971
-0.000618322
-0.00161698
-0.00257871
0.000712762
0.00313096
-0.00250426
0.00137589
0.00158426
0.00472403
-0.00548384
0.0662085
0.00313062
-0.00452131
0.00164409
-0.000379297
0.0252901
-0.00205877
0.00201641
0.00865039
-0.00190551
-0.00242031
-0.00139768
-0.000353987
0.00406821
-0.00650484
-0.000889152
-0.000982738
0.000316818
-0.00148609
0.00208958
0.00143352
-0.0101647
0.00764762
-0.00406162
2.02917e-05
0.00146814
0.00192107
0.00599436
0.00389038
0.00331233
0.00227749
0.000737904
0.00290242
-0.00350147
0.00170427
0.00156883
0.00748467
-0.00172406
0.0795711
-0.0191697
-0.0116962
-0.0450786
-0.0371229
-0.00191872
-0.139136
-0.225156
1.19964
0.526551
0
0.0287211
0.0203142
0.0297433
0.036631
0
0.784982
0.136257
0.0576465
0
0
0.303064
-0.205167
-0.190938
-0.295996
0.00363572
-0.019348
-0.0161171
-0.0519269
-0.0402591
-0.0543178
-0.0180041
-0.0247747
-0.0405711
-0.0423587
-0.0302541
-0.00882397
-0.0178219
-0.0444307
-0.0474614
-0.031362
0.0511411
-0.0188314
-0.047562
-0.0381649
-0.0393547
0.0187753
-0.0260143
-0.0414532
-0.0422945
-0.0280356
-0.00945789
-0.0210381
-0.0371481
-0.0446352
-0.0432645
-0.0144393
-0.0213139
-0.0389632
-0.0442772
-0.034458
-0.00264517
0.0119148
-0.00564093
0.000197204
0.0022184
-0.00505257
-0.00725291
-0.00560181
0.00253811
0.00413734
-0.00197877
-0.0012043
0.00306276
-0.00481732
-0.00302125
-0.00340585
-0.00351605
-0.00146341
