# 1 157 (number of hyperplane, dimensionality of hyperplane)
# 0 (added bias feature? 0:no 1:yes)
-0.000102965
0.00471328
-0.000719899
-0.00162459
-0.000711082
0.00134861
0.000953622
-0.000465823
-0.000176934
5.48591e-06
0
0
0
0
0
0.000128901
1.95313e-05
0
0
0
0.0012236
0.000245161
-0.000150558
0.00011497
0.000164861
-0.00145622
0.00103113
0.00399598
0.00102477
9.01251e-05
0.00367367
0.00375944
-0.000366903
-0.00250107
-0.00323132
0.00578972
0.00751313
0.00450046
-0.00149744
-0.000330466
0.00412542
0.00423276
-0.00397896
0.000677663
0.000366626
0.00205321
-0.00199501
-0.00166256
0.00140678
-0.00650647
0.00762065
0.00668266
0.00438898
0.00280308
-0.00382277
0.000616504
-0.00556155
0.000730322
-0.00110449
0.00306257
0.00162698
0.000963527
-0.00152765
0.00488718
0.00103234
0.000617747
-0.000382237
0.00483284
0.00447706
0.0030523
0.00238307
-0.000946972
-5.45934e-05
0.00459889
-0.00251614
0.00322707
0.0019284
0.00718757
0.00597909
0.00229651
9.97543e-06
-0.000592932
0.000209787
0.000853601
0.00133313
0.00172855
0.00127851
0.00063562
6.2733e-05
3.58066e-05
5.85939e-05
0
0
0
0.000642123
0.000447595
6.05958e-05
7.85008e-05
0
0.000667587
0.000641264
0.000266605
0
0
0.000830767
-0.00237321
0.00012753
0.00128687
-0.00245182
-0.000986422
0.00155505
-0.00205477
-0.000934631
0.000569965
0.00384747
-0.000684059
0.004681
-0.000985233
-0.00190132
-0.0029319
-6.35945e-05
0.00116022
0.00151921
-0.00101007
0.000621177
-0.00124658
-0.000331888
-0.00193413
-0.00178521
0.000901133
0.00340756
0.00278523
0.00194695
0.00020851
-0.000679565
0.00217663
0.00180739
-0.00052637
0.000315139
0.000766447
-0.00097765
-0.000734157
0.000346967
-0.00138354
0.00223353
0.00229092
-0.00526919
-0.000641359
0.00168582
0.00062141
0.00295774
0.00108499
0.00187321
-0.00349575
-0.00263924
0.00527895
0.00490411
