# 1 157 (number of hyperplane, dimensionality of hyperplane)
# 0 (added bias feature? 0:no 1:yes)
0.000119634
-3.46604e-05
-0.00252974
-0.000188362
0.00059252
-0.000401984
0.000232499
-4.10507e-05
-0.000108373
1.08241e-05
-0.00127395
-8.50687e-05
-0.000308115
-0.000604864
-3.16811e-05
-0.00016867
0.000480539
0.000112937
0.000293345
0.000266936
-0.00136525
0.000145885
0.000602652
0.000580433
4.86344e-05
0.000382348
-0.000217378
-0.000566582
-0.00177776
-0.00070791
0.00225593
0.00180351
-0.000279886
0.000633634
0.00146834
-0.000506064
0.00185401
0.00146018
0.00164193
0.00157547
9.85699e-05
-4.43388e-05
-0.00119946
0.00219807
0.00133778
0.000433165
3.86513e-05
-0.00130913
0.00207236
0.000795558
0.000496941
0.00118153
0.00289477
0.00150331
0.00125459
1.68602e-05
-0.000415323
-0.000932488
-4.64059e-05
0.000914504
0.00126535
0.0010485
0.00222489
0.00314831
0.000572234
0.000720051
0.00127523
0.00177875
0.00132624
0.000921441
-0.000166577
0.000681903
0.000238729
0.00199929
0.00181928
0.00152017
0.000264625
-0.00361589
0.00353643
0.000129817
0.000547596
0.000257489
-0.000259017
-5.48707e-05
-7.75256e-05
7.84592e-05
-8.69019e-08
-2.74817e-05
0
0.0002798
0.000147958
6.22805e-05
3.25706e-05
1.62896e-06
-0.000342338
-6.9495e-06
6.08028e-05
-0.000541722
-0.000489107
0.000480841
0.000685569
0.000327217
0.000290341
1.42375e-05
-0.000164081
-0.000378207
-0.00152197
-0.00118596
-0.000941767
0.000997383
0.000653175
-0.00124714
0.0003494
-0.000465579
0.000549192
0.00132835
-6.1999e-05
5.92885e-05
0.000164213
0.00153384
0.0024002
0.00124809
0.00154013
0.000905444
0.000212745
0.000805997
0.00230094
0.000251907
0.00111354
0.000564421
0.000618249
0.00184663
-0.000555816
-0.0005649
0.000707333
-7.35993e-05
0.000269392
-0.000846998
0.000395972
0.000814193
-0.000818711
-0.00051434
0.000667393
0.000301503
0.000532613
6.80789e-05
0.000423608
0.000119703
-0.000223971
0.000927041
6.95029e-05
0.000133183
0.000473612
0.000525564
-0.000675397
-0.00102741
0.000919064
