# 1 157 (number of hyperplane, dimensionality of hyperplane)
# 0 (added bias feature? 0:no 1:yes)
0.00389788
0.00591148
-0.00312296
0.000804886
0.0126789
0.0169131
-0.000444192
-0.0129293
-0.0109413
0.00831144
-0.00850975
-0.0316814
-0.0214453
0.00198941
0
-0.0122792
0.00683858
0.00596193
0.00078907
0
-0.00164314
0.000707874
-0.0171109
-0.00839916
0.00294388
0.00222425
-0.00308555
-0.00179438
0.00254181
0.0231934
-0.00185249
-0.0011855
0.00124515
0.00220667
-0.0149685
0.00528929
0.00125701
-0.00583125
-0.00089431
0.000126592
0.00899899
-0.0011191
-0.00120196
0.000923998
0.00275763
0.000214491
0.00734005
-0.00338516
0.0018587
-0.000788769
0.00126132
0.00184468
-0.00424678
-0.00233934
0.00555911
-0.000868852
0.000563737
-0.00234882
0.00338512
0.00108309
0.00224692
0.00428647
-0.00195797
0.00563204
0.00581596
-0.00370774
0.00116797
0.0316574
0.0117316
0.000352114
0.00068812
-0.00056433
0.00224043
0.00210787
0.00250434
0.037223
0.0194143
0.0058216
0.00598132
0.00560588
-0.000814011
-0.000386475
-0.00100927
0.0149812
0.00147348
0.0143423
0.00623016
0
0
4.39395e-05
0
0
0
0
0.00472094
0
0
0
0
-0.00692745
0.00839479
-0.00152722
-0.0142708
3.07576e-05
0.00300664
0.00546599
-0.0120816
-0.00223933
0.0218999
-0.00357011
0.00133205
0.0015806
0.00580163
-0.00136665
0.00591729
0.00114412
-0.0033398
-0.00284781
0.0148091
0.00300719
0.00556043
-0.00337343
-7.84838e-05
0.00187272
-0.0050168
-0.00301243
0.00365178
-0.014517
0.00630888
-0.00186211
0.00498018
-0.00340625
0.00183013
-0.00248053
1.53627e-05
0.00648033
0.00661136
-0.0121052
-0.00128435
0.00710171
-0.00397729
0.00495651
-0.00259821
0.00543458
0.00173191
-0.00407543
0.0096356
0.00640815
-5.1823e-05
-0.000806562
0.000975003
-0.00101736
-0.00264557
0.000508583
-0.00637268
0.00228882
-0.00577951
