# 1 157 (number of hyperplane, dimensionality of hyperplane)
# 0 (added bias feature? 0:no 1:yes)
0.000158912
-1.19154e-05
-0.000269052
4.58498e-05
7.5162e-05
3.93243e-06
7.19169e-05
-1.24773e-05
-6.98683e-06
9.12321e-07
-8.89265e-05
-8.57455e-06
-2.55132e-05
-5.28822e-05
-1.63342e-06
-3.02266e-05
4.93611e-05
2.05778e-05
2.00645e-05
2.02986e-05
-0.00013149
6.5368e-05
0.000102271
9.94296e-05
8.39093e-06
0.000196218
9.84616e-05
-4.09928e-05
-0.000179964
-1.37202e-05
0.000453051
0.000431122
0.000134982
0.000288098
0.000281665
9.5824e-05
0.000546688
0.000486662
0.000527255
0.000257898
8.00017e-05
0.000207667
7.9955e-05
0.000430911
0.000147382
0.000173833
0.000288996
-1.73383e-05
0.000530269
0.00024881
0.000192566
0.000407224
0.000593149
0.000487064
0.000237461
9.04806e-05
-1.79017e-05
-0.000169906
2.75545e-05
0.000180731
0.000555537
0.000617761
0.000773289
0.000941195
0.00027884
0.00028745
0.000728879
0.000249307
0.000477911
0.000387667
0.000305267
0.000554028
0.000443396
0.00060576
0.000613647
0.000287102
0.000131696
-0.000535894
0.00121442
9.96964e-05
0.000158662
0.000117378
-4.82074e-05
-9.12266e-06
4.39795e-07
-3.87064e-06
3.32173e-06
4.53245e-06
0
1.2456e-05
8.93461e-06
2.12667e-06
4.04124e-06
9.49844e-08
-4.21338e-05
2.56283e-06
2.19159e-05
-4.8266e-05
-5.02994e-05
7.04239e-05
8.45948e-05
5.05249e-05
3.66136e-05
1.03597e-06
7.13512e-05
-2.66705e-05
-0.000166807
-0.000108381
-8.05066e-05
0.000242742
0.00014155
-5.41893e-05
0.000108735
-9.40405e-06
9.02448e-05
0.000213085
6.79205e-05
7.1559e-05
-3.61443e-07
0.000351571
0.000458793
0.000255947
0.000338936
0.000114038
0.000158255
0.000200864
0.000383043
0.000108879
4.66721e-05
0.00013799
9.83432e-05
0.000187912
-8.4871e-06
-7.74712e-05
0.000137525
-8.24594e-06
2.15085e-05
-0.000103501
7.37732e-06
0.000269146
7.65391e-05
0.000126917
0.000255403
0.00011685
0.000158214
0.000201832
0.000255212
0.000134094
7.95075e-05
0.000223662
0.000167949
0.000164789
0.000141278
0.000128936
0.000120888
8.42856e-05
0.000359019
