# 1 157 (number of hyperplane, dimensionality of hyperplane)
# 0 (added bias feature? 0:no 1:yes)
0.00356437
-0.00256107
0.000237121
0.0071473
0.000638986
-0.00274016
0.00154686
-0.000992417
0.00328018
0.000407684
-0.000556725
0.00176946
0.00147538
0.000141234
0
-0.00990185
-0.000904866
-0.00160914
0.00031751
0.000801798
-0.00563764
-0.00189227
-0.00477323
-0.00350229
0.000484435
-0.00173426
0.0042726
-0.00349915
0.00622725
-0.00385282
-0.00110995
0.000785313
0.000770501
0.001879
0.000164264
0.000763021
0.00795977
-0.00713024
0.00293584
0.00921106
-0.00242421
-0.000126533
0.00299198
-0.00239296
0.000804636
0.00413254
-0.00319491
-0.00536917
0.00366637
0.000868711
-0.00435313
-0.000216975
-0.00182333
0.00197983
0.00197415
0.00281922
-0.00312858
0.000305285
0.00963159
0.00403701
0.000683646
0.00601686
-0.00318595
0.00339061
0.00125927
-0.000597991
0.00221799
0.0125527
0.00547107
0.00810421
0.00709286
-0.00180384
0.00241166
0.0010082
0.00303194
-0.00617282
-0.00435657
-0.00318574
0.00603038
-0.00127281
-0.00248809
0.004251
0.00907367
0.00665122
-0.00107026
0.00101143
0.00020854
0.0012155
3.46467e-05
0.000814826
0.000213445
8.69695e-05
3.38851e-05
0
-0.00351553
-0.00239961
-0.000804924
-0.000811521
-0.00100294
0.00159242
-0.00245498
-0.00242647
-0.00372667
-0.00491387
0.00137693
0.00163883
0.00275573
-0.00184957
-0.00682467
-0.00308935
0.00223078
0.00209843
-0.00241818
-0.00468714
-0.00170152
9.72599e-05
-0.00315399
-0.00326018
0.00613075
0.00877665
-0.00176233
-0.00224444
0.000259016
-0.00274719
0.0081574
-0.00306055
-0.00505099
0.00474694
-0.00230884
-0.00189293
-0.00356969
0.00100819
0.00636135
-0.00243352
0.00101514
-0.00246137
-0.00225373
0.011312
0.00135347
0.00220523
-0.00185221
0.00116865
-0.00039916
-0.000734661
0.00305413
0.00317811
-0.00152018
0.00329227
8.67284e-05
0.00138998
-0.00292263
0.000465606
0.00412004
0.000341956
0.00332477
-0.00816969
0.00206457
