# 1 157 (number of hyperplane, dimensionality of hyperplane)
# 0 (added bias feature? 0:no 1:yes)
0.000607916
0.000843854
-7.28102e-05
0.000645427
0.000820173
0.000104642
-0.00026344
-0.000540961
-0.000368869
0
-0.000639901
-0.00139787
-0.00127925
-0.000160973
0
-0.00108977
-0.00167096
-0.00128816
-5.06253e-05
2e-05
-0.000391693
-0.000524972
-0.000326203
1.79202e-05
4.99995e-05
0.00118811
0.000675571
-6.34036e-05
0.00229525
0.00069558
9.78853e-05
0.000863328
-0.000701188
0.00174882
0.000263202
0.00119226
-0.00132979
0.00113654
0.00437788
0.000825591
-0.000856975
0.000448007
-0.000164805
-0.000296802
0.0002601
-0.000780734
0.000267617
-0.00286051
0.000454918
0.000878318
-0.000135978
0.000720345
0.000545055
0.00641368
0.00112572
0.000410375
0.000114996
-0.000997087
0.00255531
0.000180833
-0.000108161
0.0025837
0.00426602
0.00548878
0.000564404
-0.0006987
0.000752872
-0.000719746
-0.0022515
-0.00161282
-0.00260026
-0.000227383
0.000385534
0.000397884
-0.000192909
0.00432743
0.00439935
0.00215824
0.00541878
-0.000324769
-0.00173039
-0.000595473
0.000123912
5.71519e-06
0.000169736
2.18852e-05
1.88349e-05
6.22919e-05
0
5.58313e-06
1.14206e-05
1.02356e-05
7.61351e-07
0
0.000152367
0.000220373
0.000182752
3.07395e-05
0
0.000179545
0.000107681
1.44346e-05
1.09833e-06
0
0.000185757
0.000155626
0.000629046
0.000447873
1.45222e-06
0.000727161
0.000293395
0.00076146
0.000966967
2.19733e-05
0.000756443
9.56641e-05
0.000629169
0.000912936
4.58118e-05
0.000123186
0.00091795
2.15588e-05
0.000425825
1.30507e-05
2.10617e-05
0.000769393
0.000416774
0.000478791
8.03888e-05
0.000522991
0.000243935
0.000728482
0.000668729
2.34311e-05
0.000682859
-0.000551429
-0.000214103
0.000687233
1.39443e-05
0.00131848
0.00036704
-0.000219198
0.000530473
0.000687645
0.000655347
0.00058256
0.0029467
-1.22755e-05
0.000891205
0.000582892
0.000328971
0.000537342
0.000584338
0.000445607
0.00129549
0.000794663
0.00183565
