# 1 157 (number of hyperplane, dimensionality of hyperplane)
# 0 (added bias feature? 0:no 1:yes)
0.0107579
-0.00113072
-0.0016927
0.000263075
-0.00128163
0.00151707
0.000236303
0.000189185
0.00026517
0.00015794
0.000781055
0.000134155
0.00018446
0.00031862
0
0.000909138
0.000378585
0.000512532
0
0
0.00258398
0.00131248
0.000878186
0.000410991
0
0.00250115
0.00359925
0.00923484
-0.00443573
0.000881131
-0.00192959
-0.00447933
0.00245021
-0.00748831
0.00114395
-0.0105485
-5.44948e-05
0.00520666
0.000417558
0.00139147
0.00774447
0.00444198
0.00890904
0.00305677
-0.001154
-0.00654382
-0.0132135
0.000505093
0.00854395
0.00817602
-0.0104019
0.00255143
0.00917508
0.0100221
-0.00782126
-0.00504041
0.00582513
-0.0141032
-0.000440002
-0.00280302
-3.70167e-05
0.00247644
0.012938
0.00756034
0.000888156
-0.000961123
0.00292624
0.00307068
0.000439674
0.00777462
-0.0044449
-0.00265635
-0.00281705
0.00830327
0.0018382
0.0101359
0.0120354
0.00694513
0.00931788
0.0038107
3.96123e-05
7.38173e-05
0.00107234
-0.00352863
0.000501643
0.000222952
0.000213255
0.000258147
0
0.000196621
1.06879e-05
1.46956e-05
2.53839e-05
0
0
0
0
0
0
0.000263942
0.00043953
0.000132771
0
0
0.00187686
-0.00428218
0.00510402
0.00156882
0.00013941
-0.00413816
0.00075252
0.00757506
-0.00130248
-0.000934863
0.00413907
-0.00258045
-0.000117581
-0.00544163
0.00309466
-0.00231639
0.0105337
0.00225971
0.00679603
0.0106425
0.00056249
-0.00230151
-0.00403764
0.00141351
-0.00256414
0.000532795
-0.00433074
-0.000935846
-0.00161976
-0.0038923
0.00990237
0.00967462
-0.00812943
0.00502734
-0.0105685
0.000371037
-0.0020904
0.00285766
-0.000108601
0.00511935
-0.00493282
0.00502214
0.00301258
-0.00271491
-0.00602172
0.00225589
0.00383818
0.00216935
0.00475032
-0.0047497
0.0071122
-0.0122816
0.000822213
